899243
601120
32197
885638
724773
655025
568723
259899
123883
638890
862858
892085
29853
827571
132013
551606
724614
245340
673061
909002
169156
728531
677847
491341
28613
720933
52355
475606
760005
253371
498512
598174
707862
54653
777803
666470
234797
909358
152942
839425
241806
946893
966310
813789
595069
173517
406435
477156
49410
572252
488256
645000
944745
910865
933254
204994
948398
506688
184498
105020
650687
566188
639151
111798
624158
395082
305471
691388
785387
472013
499811
211790
49347
713286
54811
926289
108353
975178
415112
44985
729205
685454
586538
718342
295334
376915
24669
393289
232636
880125
57023
938689
236996
214078
753305
360533
762689
876086
366371
624924
191404
556826
197807
163890
900314
782608
887236
770416
204059
589981
409312
446914
986209
216336
337332
784423
454337
769560
189930
170036
711767
342007
154304
639332
94567
997773
503121
436152
703108
245522
924519
999038
556001
701061
89657
790306
981523
494592
587708
138379
174155
810983
233366
198216
844431
669311
555777
289999
727526
105066
823616
70876
187671
245607
488059
449126
44166
265402
372894
893238
394964
291588
832879
937690
889717
230863
950178
687417
348429
141312
495195
380498
557271
204158
797195
844445
307471
428985
924449
55399
688555
489734
950802
998710
162904
515182
163815
353215
636898
839500
880591
766132
100546
956009
665845
411817
412125
451255
173897
439335
133544
951284
836405
606724
450891
512870
676885
367495
124408
69592
913060
333551
589492
441802
534132
382882
828737
137409
646090
911369
734062
622886
613968
292342
707363
841203
499887
915851
58931
309795
933233
858419
744286
479062
151451
612358
323146
652235
848026
126293
628799
218859
28154
71860
31891
22288
692415
854589
894565
735119
717782
537871
944089
29115
541966
54670
148961
119315
886390
786695
634145
343865
632486
167153
367065
604840
753197
781895
238999
689586
45643
84589
636203
949171
436530
579773
215186
75775
77134
969365
18987
731461
425917
147558
292089
480440
613159
588182
82855
589517
509153
277671
827024
850149
848688
615650
994021
542989
841315
984043
640814
483061
69274
827665
49602
507735
424964
598108
254672
961953
418105
136704
144788
815197
780961
454900
980513
976210
23084
227796
580090
353237
158115
163193
571736
713323
189204
514466
131058
830780
996849
221414
63884
712860
762756
726300
90650
599275
302872
388144
898507
670261
29144
365981
687291
67628
809415
285531
722087
11992
946118
185781
141484
297566
549173
92771
391502
772052
382685
811840
439498
64326
425811
859178
63390
574995
678263
985790
330831
65872
366913
245229
706543
515528
513640
315262
692249
434680
606701
31922
879781
255920
500125
181625
596567
17141
738424
617279
163161
331230
750651
56292
87104
699684
121650
951348
725168
791565
67882
323477
346267
167262
547373
771359
215291
37702
254612
336019
668680
706041
650305
150610
729480
414636
805339
237007
125970
742631
153874
536177
621528
93033
578886
907662
234984
197680
407428
274722
763167
729303
470141
980948
983388
218598
554478
848180
696817
273080
265383
743120
902922
178746
646075
136457
907498
595547
53877
148001
881403
551263
650752
88090
350373
689393
331309
698674
723
270181
868637
512200
596887
235847
37708
573276
653780
491500
122083
911908
262815
362076
194626
292215
332848
461662
610460
181592
602434
662101
316525
480441
290420
988108
25574
927731
810424
551714
706267
369896
953210
319550
884124
856121
424044
661678
939533
460160
908018
844727
786762
285945
476281
537895
51651
702868
60094
788806
121136
49278
272181
944545
374432
695410
460750
313694
121189
725518
214492
410788
453980
676969
348520
450165
426460
552402
165473
583217
120727
330376
788388
944810
603894
192090
187369
282644
938827
43600
269553
341324
167974
712812
70601
623641
623958
852045
429257
652222
575324
114723
217729
671871
770194
742525
328220
924327
483178
455030
607501
348780
698005
184320
396552
881381
791357
184600
33593
757899
107069
416949
731069
916140
348662
681031
858523
494907
367161
891616
628654
363421
390062
587364
50857
412453
139419
297295
151988
743254
798861
282438
385221
270731
481925
250485
315318
386442
64517
416583
436176
152968
256813
764147
218883
83391
762865
150411
673355
388546
289424
948669
110891
589941
222975
707934
132827
573251
655973
876613
441173
414859
757221
825173
91686
390392
464469
541313
597273
229142
595172
193082
465425
701215
165441
31516
309593
530539
518841
143564
448498
291165
777689
882311
792023
382189
835390
153696
79388
933756
110772
754064
653935
925819
706446
110708
266193
427409
943273
580391
997908
780849
917293
114703
969255
695354
684200
518110
103001
144224
555037
572393
531024
664644
488664
472986
787818
983026
1618
405577
533565
232139
955705
117616
964805
593579
806097
908337
242552
873840
366316
514602
859556
805903
259050
813033
931955
911090
115203
270719
579218
224598
959280
758986
313183
870771
441454
686992
28645
687714
575823
919188
57356
988451
221357
655760
234277
487378
485562
496707
323582
265226
27494
14521
268838
212772
807936
829303
173301
828635
250666
702424
393839
455987
383146
979790
186150
822706
421229
299727
801331
629038
448845
616886
227017
546527
425613
792816
723977
216476
447243
282850
900713
132389
567317
55140
486575
344091
281
952018
513367
28000
601481
650651
918299
856600
873060
831463
988683
738711
737501
382527
961974
197572
70706
279499
829583
50717
314604
333217
189134
124083
753515
509570
112015
955702
758595
65378
645464
426336
539917
361345
259852
240616
761395
327419
996185
576910
664248
923090
372025
415878
275122
127563
180513
132625
350738
793770
813211
574944
795778
900754
563908
796195
263095
39042
542588
900164
489621
714723
263005
691215
819191
609136
521164
408848
321860
743389
357960
528244
22719
148091
883444
329946
171802
988731
405890
540851
24852
770361
890569
292399
359101
61880
861489
149409
293619
730253
246297
619994
627211
556019
179699
261789
70550
955395
365855
248665
126813
260753
116098
769657
491222
590760
951991
788149
657925
641184
922654
921839
784316
480854
400329
770759
719728
296499
676986
938094
979647
528834
781235
275851
24597
696104
142769
367136
36686
73955
224827
768873
72113
637571
382007
108904
210849
892006
378733
512312
776105
316594
41805
204138
586764
678775
212173
827792
201420
748190
961622
57798
869845
967097
483260
41890
575768
51925
211602
426142
498144
352606
595529
511618
908794
870883
816590
506493
967834
314799
539184
423671
203911
517786
225983
33155
124638
436509
586452
704354
526900
185714
155827
378888
437172
632453
223879
132838
108520
970788
910225
296487
473878
8255
443754
476593
583508
8897
514363
229322
702690
374021
433759
18661
184513
488946
543010
582848
410629
506243
585603
592779
250588
8719
738289
263233
245130
186079
766856
928087
720717
147830
388952
697981
147568
227356
691617
581630
273265
328415
518369
281085
486812
668978
16196
847259
330780
833225
775203
140165
120005
982782
244849
183737
48964
954004
174722
951552
496217
559492
933943
218919
903796
597232
979331
832820
429724
679937
37096
943199
596821
126327
974619
849793
931465
650719
515932
217076
421661
47526
234878
761309
732251
116504
42366
136454
233203
561806
603060
657311
203656
266841
963451
541704
613740
376616
583586
820580
565564
784453
163255
231328
712187
844619
849768
838924
895571
654914
344687
708296
421702
834319
659900
620394
759251
734923
798861
268845
666649
278779
332188
809937
937735
38290
281728
681380
22906
386792
17667
851255
314082
503634
86635
381107
141782
714674
637929
143947
871411
841435
683100
669590
14961
29037
553525
148201
854266
417856
699365
436537
467733
712183
234094
105766
242301
80399
77658
212085
574660
908950
464687
187212
327071
337813
131858
503097
983124
273384
888015
640542
219572
852175
262482
892080
216271
510333
858653
199624
395906
815075
962251
318231
316446
517549
120376
4223
124290
828875
510828
172775
378797
664410
956295
299658
844670
817628
87879
945961
142630
671562
846524
415807
126727
322316
175874
45644
680131
281069
923630
704791
52476
982528
494986
623205
972803
436547
428619
254640
630566
686361
105455
298773
136445
828282
110825
621915
918616
741626
163985
280269
879205
978567
690222
32298
195078
652853
87329
303360
49440
962107
728884
287861
948557
22129
794291
64693
476476
93346
343723
111363
31008
353091
156737
90418
930132
350845
52483
249782
825257
558489
898906
663585
279412
157032
978799
425591
382735
301174
129223
734694
259089
408019
488401
118966
211283
145540
342100
929275
315352
153043
272706
246800
813597
403325
891499
55431
61407
319110
819301
18862
50621
44783
418479
4183
414896
498722
743907
886153
53305
