978245
243307
224142
522476
99658
123552
168667
952272
386546
389314
116739
305536
953192
714155
817846
964072
561912
264338
391420
351874
614366
293366
595050
573268
584250
392669
166676
534181
92595
756786
765968
839758
37924
27895
189758
88772
425097
533220
132643
599663
556717
74371
341303
351057
586099
988202
134456
577852
341590
418226
125249
329399
418525
980007
813136
140366
538514
792411
368138
354326
592754
570239
655627
884981
932767
164319
111824
29142
823769
179002
727981
916461
595335
776228
835789
644021
481687
970108
733516
635666
185079
149241
548965
420622
617883
149687
198506
157542
890645
486849
409455
670111
652365
381600
124362
589493
294467
56285
90932
232781
686296
387577
424960
931428
802835
767466
921131
863686
282201
341548
745714
746302
166933
193576
814187
260603
943449
702748
839890
494789
415931
558980
287733
520512
34631
799096
95921
62786
371527
661825
957150
716087
275705
247338
652808
615228
522686
381798
812983
41193
73823
287662
682613
18506
214114
813555
890290
577346
489026
555962
736647
887600
9922
521746
108680
230256
83554
435989
411815
263286
81143
293842
980726
23353
462356
830574
473337
410985
156118
26903
991615
635336
977147
969969
994060
76294
593948
789257
105758
415448
75641
678421
910902
293017
346378
458996
732044
33114
77794
264401
336619
673425
657770
824509
334356
743736
30245
477030
493673
42729
882790
86792
929226
971779
580107
462591
997398
446540
722594
552647
996442
986303
561913
389022
574698
588564
236862
968978
666877
480830
981439
204536
218085
722528
731515
774868
850703
890097
707305
680619
244194
171448
639148
819628
405296
208883
763009
590866
228755
372117
939001
921653
771389
470277
702919
289926
728782
169616
737053
76973
972921
741431
119881
143484
138461
584274
351848
157265
397907
812009
689590
44635
571146
895750
183753
99781
888928
762104
320034
265576
989891
485738
420689
505536
926536
12878
83248
878583
544642
855341
465359
545292
688748
462761
205365
281424
137195
459580
148853
165696
770136
642484
581932
653680
431070
36803
485147
718465
624383
547083
547816
971260
992629
538481
530967
885303
314035
791022
642914
109141
285805
818497
578638
35250
976000
153704
161694
468309
48848
440277
479426
991762
587534
16090
748913
675932
794882
750138
869965
609841
489798
252711
889800
162212
129392
942596
736108
323183
847100
98410
732945
414857
676738
365239
345217
757386
643084
390317
161459
241557
569724
634453
700938
312131
431191
807659
672298
84482
123802
415901
953264
932746
702920
407473
307210
662986
985856
288219
359860
59175
87891
284992
495119
720738
371003
414528
990422
861393
379370
346404
841316
44094
717354
606033
492553
740156
999307
888966
662336
100829
595971
635145
277077
301267
238606
485090
988005
928219
366503
904461
595666
69232
709465
189090
540422
516988
165535
469374
70669
453982
42994
948471
948493
995428
134999
232235
536659
379542
439551
349521
67618
862407
671063
384606
883170
212519
112524
410809
664211
510791
68343
69012
598993
349320
263798
467932
925054
370462
232634
113865
756016
464208
438807
291571
324412
699351
571936
193913
362663
912370
180691
692047
502555
620144
587507
950381
808042
495095
66279
589950
620191
222814
600320
839495
354998
64641
795035
42933
334502
412786
221356
581115
115107
167919
508702
733486
745857
960633
899451
969867
728617
796
471275
670700
831106
100003
295009
83800
998294
368825
563388
129137
147080
432451
494264
48292
247616
348204
534336
748961
169710
316867
776735
804052
459259
528325
321772
485699
974402
322196
415688
711736
359325
272118
880865
746107
906094
481065
172638
811937
929732
735520
251483
55116
217686
362820
451010
41600
325216
834727
556014
568344
677601
68091
480711
364970
982293
557180
917051
577280
549554
338410
620239
450189
294064
883235
716066
12766
583972
35226
362784
738270
133171
425605
996099
894461
288550
203607
410155
896984
717833
290151
126062
553180
29324
906075
192119
620979
328218
446315
483866
51598
832759
431000
627207
982238
562231
739697
767932
937164
353632
978615
779355
346363
511811
600205
717853
995064
154590
167263
415921
834414
422629
532289
173223
788029
106318
35463
861779
589106
194655
308476
75333
963244
875517
891421
679421
677224
150477
720188
704791
826903
836287
893477
935806
663639
168915
402842
673490
334911
295691
609202
649834
792334
117179
288144
957563
587562
682422
104577
373422
507514
779513
271355
156367
143144
242302
96888
233556
173701
880960
698961
262849
530690
351667
796317
783918
234394
398473
109154
465104
346439
962998
732840
621269
661099
779322
666658
679451
448960
909951
900150
723259
717202
509691
11334
355224
331169
588918
941419
243303
430004
298353
570305
276376
286728
622248
750399
611828
339982
839389
516089
722454
556113
900909
258650
163563
987282
519037
162925
426504
863537
469577
991495
991545
548526
716094
597946
645282
560282
168672
749268
501052
218932
127579
939529
300793
256453
67782
928015
939504
588222
924658
343667
657226
871145
460044
447544
430139
590955
275700
794385
410886
464775
162005
752417
224411
811820
17310
165557
363890
624836
479735
717784
783439
311813
274611
155426
761612
483048
461330
607299
162487
435332
335592
536766
236341
875643
174118
712766
923751
935524
964396
747995
225116
780105
201144
712870
68761
55821
607806
760560
673161
386391
646068
476443
9113
294918
200194
221646
357608
184484
345360
869693
659342
853350
819832
649711
717365
862398
365684
108878
783790
376263
903308
947684
828791
861027
279388
152486
269922
482735
768132
325431
843242
483795
30121
615769
773972
139073
347023
964716
994295
575943
458329
985055
484097
705859
758981
470666
175346
705349
233142
78468
708434
738838
660678
515527
42198
893223
67101
951437
263062
196098
172396
891899
649572
919856
292752
931316
226654
19282
131417
657910
779945
716527
764802
578644
313743
780827
701653
898204
359654
959885
839523
510504
707176
466681
500682
727757
111060
343050
172376
677699
790420
121549
199330
152915
801984
888768
452136
179198
23285
329759
314345
236577
884176
722841
74700
208830
673072
422150
452410
267063
187229
308682
724497
580851
443275
283849
458603
155172
271766
135765
641960
386450
297550
31361
245873
286230
102342
787212
919233
613807
975644
587299
710193
869212
708101
840803
865264
910910
542506
318887
369242
562414
319683
816843
608760
215430
597159
47921
775976
421854
425726
987764
482746
936156
77723
813273
834226
639724
479313
365476
133051
589417
674540
857244
690567
301332
285230
309088
765868
546582
528781
953537
565790
947905
784566
82108
459113
535097
748961
359627
645996
830966
444991
843996
863841
595097
535773
22287
901605
987671
228984
52191
59099
831270
121401
224610
645407
864039
533359
149807
517491
906404
62514
975787
215386
353451
624543
967276
81649
775152
352312
185036
129529
63719
85776
966807
418601
881515
101127
632602
881685
321911
502865
852012
128832
153581
19053
745875
861794
781859
335384
235204
81299
965148
555481
867094
367352
298529
379180
861980
391927
950162
358853
849094
601362
907868
337317
416638
15508
960958
292408
674720
519779
72343
216741
199575
806079
89168
357408
990414
956850
23680
475093
216163
310209
567512
951244
391656
697723
976720
358595
80790
25605
492483
981105
294483
178652
618483
467528
86779
568648
586735
185100
533532
683897
467940
811420
279067
974319
268479
373307
174443
552267
341365
325890
149488
906527
825365
601521
106621
806334
109756
728562
303345
382100
28311
279490
337010
704196
125723
606659
823448
202007
674928
720963
68001
914176
473405
120295
575486
673911
690992
647158
792330
734005
207291
114261
83085
840806
196759
668479
290447
189858
834292
16788
634749
385804
183599
192779
530853
60843
938820
235407
759702
275971
840990
219183
375196
675776
717162
251651
519723
594366
984333
176981
658370
47791
430599
625959
93972
347149
572844
71027
510978
776335
217393
11239
52361
721355
968009
162763
426818
423461
182443
922899
634753
551790
821486
207090
347927
517338
320581
301332
568269
254261
560756
512315
639424
258914
770979
25834
394463
410662
859269
313020
924000
537454
418417
328346
914592
590831
430843
827673
675692
19323
277091
436532
318043
99565
588001
517826
551829
485581
741648
63661
305650
572093
641241
296419
331554
326254
250455
297590
949546
711965
735943
388395
646531
429987
797102
136695
303891
505353
343838
152346
854138
225101
181026
292902
385689
96677
346233
514439
250859
264410
516241
581065
393308
204762
6495
450537
119061
780595
661349
427296
908888
888585
764178
232781
136325
103272
926362
336441
457381
451676
692190
604148
601052
778980
97699
763062
420290
469878
707286
274363
536495
6744
116101
698391
20144
340416
273209
757714
279295
13128
237659
675138
480198
809019
18415
117914
394567
683665
451524
554707
459007
557641
844844
258674
626820
686894
97688
44167
427277
229853
706109
477905
378376
695294
330583
640490
921094
615504
489292
546965
160455
386201
578172
335018
730183
927407
946585
924473
267490
251424
736039
844431
631213
576806
348239
1210
496399
312671
386885
637775
37589
610185
497391
13868
167865
469013
940950
142204
146426
112117
970073
722343
434292
465486
997739
510636
357837
781138
991781
952629
835796
356030
900320
476929
608852
463392
552592
750761
711511
935398
584636
979504
261213
129112
382922
491872
535337
489801
187395
371
562280
297932
947994
404279
404733
428060
833579
345134
274103
8620
426229
121425
20079
846247
549354
286071
67520
111364
273359
200548
788845
316619
458278
531430
273550
410804
684534
75594
812251
583468
23378
537071
816116
425906
696236
998519
589872
132519
540708
362780
829516
699852
560701
181663
133722
459469
165343
855699
77072
130551
190562
983521
144912
467783
556301
351884
163006
24252
485255
57846
640846
47549
184760
394302
809387
348348
296439
825520
562037
171239
27039
643727
752052
306635
603307
83644
573809
321295
30179
656267
885050
848580
646886
220742
373762
799357
830701
973463
564482
129309
273656
596235
27161
551845
312673
210497
76624
157072
702023
500820
122594
636069
858615
14886
829190
33114
728486
714619
195635
99629
466820
996228
615737
109372
560981
117137
307231
496809
756027
526766
326655
155876
250481
175508
780435
2973
811247
864727
414997
304972
872835
667988
166979
329002
905855
140878
712374
43113
380476
145679
588589
751020
556597
850662
12747
50893
326671
359170
484450
227948
498509
691329
534843
429314
21447
837696
1940
259732
534684
592725
989697
806629
445147
281709
633756
411070
41397
427248
717922
816172
533531
890945
547894
528616
413362
201381
647522
22885
492770
863775
53047
703889
103245
563727
443749
543742
456995
812243
802261
569279
634110
643029
151869
514392
947720
57774
752861
696356
733719
138136
310990
358247
759386
863330
221830
478405
481662
771425
948224
943040
2577
168654
911066
355122
953419
667487
785001
16871
750043
20920
111641
930368
330865
779113
439226
846584
757697
960193
137930
34657
566973
727348
688959
208553
174492
227897
751731
638791
340229
268928
558807
819639
818596
223255
734533
861241
264434
469715
198284
444269
758678
101245
573104
425446
856039
958067
463510
348943
114011
330612
964513
360424
928193
783008
829663
761223
125315
940150
814921
328682
556768
475532
901144
456058
647415
962774
16604
88540
617527
718550
904599
618997
291308
537340
306301
272283
502556
669055
44118
485273
415683
793446
165406
32391
547618
503203
450077
524646
323704
368499
19349
487211
472615
73548
820526
605711
589718
947017
222264
462391
671516
435765
665966
376973
508028
232357
497551
358803
95532
821395
413832
672778
130742
419808
591407
754169
192426
984553
238159
427277
61312
444539
484449
236822
698
335609
13807
672176
862503
874480
746621
408518
38762
411725
418992
429320
528900
154295
706858
992695
717463
983415
808534
140137
405669
395117
905713
761410
810055
247816
134835
45457
180157
675938
778471
630129
484623
234297
661985
94196
125926
355080
449247
421364
552272
738709
309370
22078
674109
925111
591423
479297
706926
44165
534719
994586
910645
912331
899904
580407
946703
184207
615685
6514
888131
648863
912534
714883
525872
687495
23157
724892
666944
525140
639692
67640
3134
777284
912710
116284
32625
206820
791613
736218
146948
845892
104334
937586
348360
88299
734754
86668
909621
441032
872873
336337
458267
622851
235191
842754
263292
425825
721790
306905
473724
119090
200281
378127
668233
682006
390581
411090
92994
561383
949611
449753
497856
508110
708118
164927
534794
580912
804343
298836
848599
410358
332407
359336
976782
4649
59137
771605
403347
995188
252780
508769
198819
553436
91522
634771
76321
728682
807884
91846
807119
30762
482798
378393
73160
328693
13120
36278
604853
614509
635068
33902
618349
849231
47268
391018
436346
67518
701239
253207
362405
739807
593368
161712
888930
123575
32982
782877
462464
372111
118053
115201
930634
286188
445209
929861
408946
345535
188568
827307
46374
426012
649663
405355
177274
579785
797792
334833
685372
734154
85989
303507
779871
202781
507680
735398
517195
341217
73461
797091
745686
116689
452255
45262
339429
274551
824127
224152
967105
4148
480554
611950
547443
347319
568811
891350
228921
304669
521108
241768
490749
334455
861170
753976
74731
618393
706961
3448
355957
268983
9216
297839
673191
770755
288893
139671
875124
5114
293707
773198
343962
977827
417352
562837
626385
559235
537812
348302
166914
735199
208339
678993
180621
74144
496145
921367
992206
647205
808069
915939
249911
543865
438448
619262
843769
860287
726310
651065
174372
122273
8098
30321
96822
641700
421733
168030
789992
112641
630648
297789
966342
397287
511368
735687
474075
956343
655210
450594
487654
328983
425924
465325
684697
832473
582776
269687
798583
546328
858196
522911
653979
195101
280780
21665
802871
358154
740686
217139
672410
560171
872774
42892
385177
950787
267378
71793
136662
23603
998187
633308
880022
117595
134239
909432
819794
715691
671480
686870
916890
892974
553030
88849
31996
289467
923968
678015
769909
817630
450024
304766
268671
20798
622401
489307
26813
694465
967198
626501
451706
781458
484726
194430
827160
980617
371617
514378
