153020
107268
200589
993384
44375
23273
860618
737548
5666
539672
998465
559480
934801
401116
726726
448711
445846
835927
78697
286323
842042
964316
761263
141654
443856
181863
683162
423089
14252
122815
683723
607030
627478
712186
470746
286183
120488
879869
922062
719236
366211
976971
567909
639093
360819
407267
248960
709506
402996
201223
673097
589571
316442
575228
192079
966086
759647
9743
973548
182561
508509
844885
997229
199157
109205
175584
773445
815492
101006
862695
530740
53780
649372
672461
507438
421925
443585
941198
954082
179170
379981
577952
426855
774687
210338
78881
254457
584687
355596
339562
594215
766046
644541
53819
544106
756183
656769
219616
322911
975356
741746
646374
598141
580640
715784
633690
587920
202278
834097
911104
727909
908363
435449
607433
449458
43247
633338
800321
639167
388278
583593
810319
645471
387574
937779
384797
245409
708058
963492
279102
491009
348091
933137
259945
879520
896135
76546
751548
887221
225347
849904
797657
51779
833005
196220
695943
235394
518144
251033
322874
304979
735388
263668
961657
757143
700189
345300
464463
619463
483722
908438
341375
398759
409585
394748
418810
297331
770389
562819
628082
843925
732650
478841
239825
214773
338279
189472
985464
572228
537657
334784
744305
864478
984652
440128
33967
891822
692347
246870
384002
347917
211283
878296
620256
270330
738823
963796
901293
730984
750494
242818
986919
481668
856731
681829
174739
119065
854969
427265
553114
531083
741879
17011
684791
405611
995606
904532
746673
955207
829188
621394
167910
445117
728238
465047
926846
666049
806474
133056
82042
160093
104972
785363
605376
370075
787944
352073
21144
82870
531689
691781
978059
836220
136967
402720
547631
161979
350853
62239
728488
139349
421852
218911
935080
936491
145760
688699
53854
33035
589707
598186
900493
624122
212029
826067
250396
277920
752566
710168
47588
651372
850491
694568
929415
272015
197027
975772
733025
665494
410178
619747
879075
42344
327856
685682
444605
134365
152059
255347
344709
183981
866918
17200
588706
701882
401032
211561
417883
409372
372505
463865
477283
113371
28394
943127
177680
573897
44942
498658
211459
951191
513904
217754
585128
913677
738607
859306
296105
210837
434781
173826
657864
319108
492813
94339
842914
479629
833715
241366
786016
994657
439537
514728
707191
433285
311700
520427
949669
21335
827300
545827
344865
896017
380398
939113
340693
81852
737468
746841
896251
719683
569698
860002
532701
548717
537757
304048
168422
108953
274369
226921
752054
340657
970400
329419
118294
678339
569051
679199
924011
462582
800986
983991
788595
573756
799899
553791
204456
470724
566778
558115
340915
471696
758117
582384
956053
887140
181004
240474
65161
930169
786809
415227
163480
266438
376646
638870
729827
378058
444805
334903
948719
562851
244342
515521
903376
386127
318104
731304
852216
912360
577405
26552
602162
337847
600898
560618
464647
402571
387308
925303
783015
227996
293980
591030
496619
96052
55741
592210
443880
912899
505467
557214
598406
176095
248694
551251
699147
628837
965370
591869
312813
135503
808338
798708
683406
280420
319131
159576
84254
449299
926765
772452
776097
309845
98482
87848
434719
440644
184961
439024
64522
714194
905741
969735
823042
279972
75075
39805
741935
637561
171358
547328
49241
286299
581644
471454
816450
279023
110359
350120
377981
436959
462669
500825
33098
970800
88503
14007
88832
624672
528133
646215
200995
652160
769927
930757
300061
688137
638229
535924
299257
849052
13420
241965
83682
36006
350295
308609
939285
598290
487934
389908
371858
357449
931040
375560
389258
492454
797120
343373
991281
849200
90129
714058
800379
591760
857039
58922
21722
501509
56855
391299
663848
925313
498869
589329
135061
365583
438024
183618
993789
597371
479505
825045
636471
89823
306623
304119
782466
402402
596671
486899
71677
793770
451070
563813
315992
281355
691412
189263
764525
315374
21219
808207
492216
440273
450542
217200
548430
239312
612247
136729
543913
121765
319280
909820
947618
965662
587503
854522
672261
471963
846618
336445
730472
880865
432404
712820
310341
858326
481146
386209
318945
847455
663074
815758
395954
756915
872835
790055
17791
890280
553568
316535
22491
75999
617352
351672
696298
47945
941904
777730
267929
995327
196452
211203
272984
929715
940790
830482
499436
176876
343851
482956
569654
851091
70104
656187
924363
811120
223310
135719
744830
686230
86433
577135
212806
108909
709398
394524
846348
546158
987830
112336
65780
83583
802539
185518
879146
292718
110064
985326
684741
954941
875428
259585
848520
579698
535654
973316
369654
245292
852042
273258
737622
428156
508815
580618
349556
807355
144623
682237
183842
711790
280887
710455
123494
149452
69221
757267
862666
255695
521882
512107
920843
117454
390464
348444
135624
657676
409016
418702
307287
39421
329249
919737
773069
243829
895889
919828
450329
479946
358581
610021
65445
496230
226503
829857
665378
727250
623999
947258
864825
124148
650997
478852
228073
331348
51781
225548
843321
570109
730278
541493
37788
829964
983542
863252
313353
729449
522766
71643
841422
461311
547150
79971
95030
808614
83063
698888
800130
849345
166576
607291
154889
314860
518292
85744
393930
725221
632951
743502
900819
683334
532450
964354
203029
273778
922218
555322
144605
264205
302733
317810
818721
400585
307624
484269
271985
273717
410533
854579
14737
193794
829245
676893
417120
484044
131029
295766
200237
234021
704657
870445
604621
314045
737598
919736
343070
333642
815050
528794
262242
780994
419001
241623
344016
628730
639453
438498
333787
181574
770174
319918
458415
117875
673550
829646
438801
133011
736015
483015
807999
294239
789300
191759
354119
762409
615140
312709
868115
927119
168409
910335
414910
875675
641157
289568
886443
440092
159856
297309
255448
428934
363179
469472
493474
559812
432144
463846
997841
439455
475150
704049
932718
22526
936360
156752
918708
264542
537027
486600
635327
820775
996683
778493
665246
107164
406410
84801
531879
351919
198784
931195
174154
144890
99701
317365
683074
312818
187115
727388
699931
971213
754834
294735
339031
833962
454179
890974
853320
669265
480117
275835
388080
359636
813662
85873
98099
16214
42170
443583
192848
849316
766929
86598
520187
600741
543590
421565
151612
749674
713737
617839
445007
939534
758713
575993
952314
592882
808726
704839
292619
133043
384605
81934
973610
516055
964825
590750
286988
161984
268232
583691
801739
683696
885661
951601
898489
803740
92040
945240
520679
174556
603721
376297
966476
777299
882393
88309
860072
481553
891061
984125
319009
622966
268335
280220
275671
741496
895610
327764
666156
684713
28376
242128
104983
517920
65081
667577
773604
665983
602835
615581
145718
429528
292800
429954
513431
189794
664262
777894
925746
574942
609785
721533
647714
988495
983379
502536
779103
303386
730220
613150
339374
615599
618589
1406
71172
256380
568298
855207
401306
117332
745406
940575
776598
629759
761375
496499
53402
214354
903498
668473
717085
947479
939032
264675
825962
374026
254166
285776
393717
639929
850847
72619
477280
926171
501248
868845
347665
558268
142146
359668
557317
62889
719515
828257
160405
257693
239482
176240
312484
802523
298249
448011
383434
561662
223214
26808
984754
728317
980909
349996
564978
61624
111397
356323
833563
426458
577995
216001
216757
242377
556065
328459
46167
122581
599953
214805
695141
503410
593339
311163
198770
164776
326318
78791
552346
106895
662239
186282
728043
467361
356746
64059
16718
423650
559349
487412
901251
978621
778118
391596
631628
249422
510786
744633
118932
712853
360676
468458
475487
203393
574231
615851
826023
889363
142924
895267
447241
231738
461411
348000
478964
945573
135427
690838
54240
14879
880133
792544
175717
248610
380114
965665
788726
818608
793936
294047
709343
365345
813561
586573
786563
638240
946518
769450
976694
256899
256414
114961
966609
838275
942343
878632
533418
181040
59855
116651
303238
367874
203097
316731
316620
468237
374582
858250
771747
865900
112974
483912
853999
994856
51715
760083
867235
530870
647992
491126
282802
660776
777733
579093
449129
604518
995219
614602
986025
51833
699548
319590
200999
821613
393720
930917
481065
842026
798170
768398
216458
179770
461643
230031
10770
191851
697374
910898
97366
976119
375255
747459
842764
711725
224537
375288
563311
87583
935580
29824
599487
319673
353569
727824
543743
579257
766244
187713
215491
314501
148076
467547
610538
235665
823764
579822
852729
466434
642867
858562
112655
764551
422590
35207
131456
949080
799878
377783
535638
947624
458664
503827
3915
809214
514124
992568
94720
782126
159846
259995
926329
304027
296901
43726
231603
742021
908201
397733
6551
220636
482860
653548
18762
515202
477441
53938
677458
726779
167315
180539
214402
91047
357126
124464
261643
623278
403769
955455
394598
393332
661104
428655
773335
630313
45632
737752
885165
140212
418572
688609
271934
698777
292282
466577
496794
666854
107550
900450
852011
74413
678249
752502
111548
444592
821814
411954
443420
151956
428330
667609
515482
934133
41271
578981
955097
197716
524260
88644
122681
597511
750993
266553
936566
947432
588351
823605
785820
711881
156286
441185
516690
386954
968074
521867
55435
557522
164871
714430
312435
144485
237424
614244
819025
98247
576881
948542
891035
706765
902900
961130
129193
497746
181538
618595
683899
723289
382191
896068
88868
477079
704814
450632
661598
680650
870260
38620
380455
495412
221521
420162
112244
192726
119236
420057
550885
840574
204142
306040
817265
66781
157876
857639
985496
494989
416987
120745
445623
892567
95631
106474
348005
776773
772436
942388
235441
805745
706665
49683
859531
251313
774734
707521
702636
732573
136582
597767
158918
917068
841847
593936
148319
977355
432212
165343
713162
205187
989869
910866
565242
803365
126769
821573
25568
281439
120842
700057
11700
695051
505524
736652
464644
157412
931343
409115
580556
805052
263509
325869
773359
65779
837406
892293
631260
878128
650039
281180
494398
675346
159552
661983
668603
176000
845128
356300
271402
763666
808989
365946
248076
661077
421332
799471
450149
507772
557980
652233
425736
143532
795292
246831
441532
399874
618137
415684
480067
350707
223907
20315
787861
656509
647315
551619
316734
259742
128212
803489
921327
505468
258748
923656
824251
281016
19436
399635
512244
637852
861166
567891
322262
328745
161349
984297
455469
262912
457894
509858
341662
190589
660656
96762
327812
623363
747589
377254
949824
23594
743688
375862
195223
688257
405095
41407
914149
677047
217562
307196
684889
887734
151240
132761
712903
666293
429654
64526
499669
167323
832773
738744
31692
670550
558959
663327
893162
400969
877636
17408
794850
243607
992384
561321
888154
720862
966797
206661
405813
899528
291315
580464
553305
859814
57513
811973
263686
896495
626919
658558
300416
299295
772815
51188
944397
354644
762245
14242
172953
551678
280609
157577
576950
561379
788639
384937
837045
379045
586000
456309
636934
489700
388747
63697
306434
748725
842171
730121
662580
40726
613846
770594
83277
303213
737336
479815
428687
458238
604662
998310
53095
987805
166459
541083
661883
5660
813012
78065
783632
452042
905779
30282
313178
795804
208612
367098
90088
200256
933598
786116
284081
542080
973326
951683
456948
597426
655082
745312
694065
66480
339984
826210
13878
537737
206947
689961
105677
511949
931484
520528
723744
551736
99542
729405
244941
168111
51379
773320
657246
753298
948842
465858
156901
372137
2761
196053
947904
138584
635310
608477
875617
118672
233231
159649
908886
631867
155383
155628
138301
310308
23544
111202
374021
848402
462226
123201
917361
15588
474289
736014
233455
379227
844381
374543
922774
780141
222042
116958
444255
364878
272534
283059
347145
560356
602660
58601
58127
448515
509924
657957
647911
775596
211911
207025
962303
150891
818408
347237
729884
233693
700573
871787
189898
900124
175511
412521
889868
538673
381393
931767
815387
794070
816484
632323
640503
409731
85599
129194
562991
353944
671129
332827
245509
578082
950093
187094
869948
738289
437608
891156
958125
250002
863539
211950
704050
745391
887773
425818
741816
712231
172194
57763
578895
138436
204460
600569
243061
111460
772541
253291
605949
466699
256176
77842
890956
849005
934267
200180
52774
112098
842155
833746
338957
50284
238230
399967
672533
955242
884871
787769
767757
631315
62281
115208
213331
835959
278316
555203
122445
730889
80522
848906
111111
438911
643620
230149
462852
473397
643339
964497
952707
304084
83471
290054
42279
915038
963410
183997
433118
384448
725544
650993
374839
437880
281080
696201
703260
77886
753544
978348
866003
920492
66277
619320
302192
41166
340747
221557
796897
806011
19693
515428
456966
798393
27051
256987
158266
490721
402462
298489
22436
961581
426049
76367
991520
901049
381189
853386
176387
215776
867189
537035
171882
531813
32306
409338
36849
538301
402336
875198
327675
178876
237877
563854
255284
855845
221157
230439
677053
797463
732939
619881
911760
922911
117008
68568
324431
731853
436965
215362
465207
312221
484752
412370
920520
152786
57127
125551
759912
299752
820820
191680
255707
136407
86510
849241
780014
909465
7683
574223
191505
436652
151150
717337
14523
814344
90729
528757
106703
269476
77240
333654
934838
816566
365046
839056
241156
131558
855966
153402
492045
448910
551591
233806
807501
277909
549538
456922
362150
847680
265360
551265
281946
404673
141265
493624
219389
737715
717232
370635
753825
612624
635801
219994
422140
389589
536677
131796
793041
859943
447208
816097
490677
149028
206001
355005
862098
981052
895681
528786
350481
55955
597291
331089
157157
71321
37711
153685
892750
54169
967356
149453
240569
213770
215055
760397
64850
622586
209180
310133
42103
883876
892976
192054
91845
254995
782992
376143
185340
989561
923288
127983
640664
523476
534134
812276
32607
342913
423323
994405
177373
780102
884528
517102
674781
61758
470704
275920
513561
337770
352527
540723
366149
234188
196895
822480
746895
428655
88993
737544
222840
226267
555075
211289
309311
32080
199170
209291
515979
541645
240438
186410
853284
343550
955361
26464
236009
206134
479684
863559
214459
445260
171693
986809
606624
814030
18347
457245
659357
163589
80913
816519
750052
429674
895991
988132
710877
725886
609353
403636
674548
981512
880106
322201
227037
751679
736142
645856
866280
631774
712102
652079
763524
964363
819469
902242
864567
238967
344012
24949
933564
717167
591413
182272
633550
547038
861687
405464
881921
388672
176255
95750
204578
76729
375138
343031
848843
749466
584019
639694
937013
721623
308494
413073
838156
902408
375960
563492
89371
717148
335986
307761
244281
167789
224712
7105
96251
617982
665217
97498
900525
728682
473628
884316
293793
850362
957509
643571
801476
191934
135155
900497
519248
763315
526047
240589
845913
844421
816096
339636
577384
417585
25615
497553
817818
179836
706813
796352
119646
817562
855820
597594
458643
482632
824581
667468
834576
91434
74702
282320
496138
233864
882094
933959
73006
611433
710901
589274
592939
964885
252307
457602
615140
887219
549126
893663
514956
912113
362690
41920
786863
709305
90932
314971
85367
155630
715505
898149
881829
78581
600443
150917
602955
163166
44950
796727
119446
827767
937297
51499
721678
702873
43053
904243
941058
951558
653967
649375
558036
337525
47957
932519
324625
182601
757481
865360
316701
979103
945698
654042
43661
288411
646148
520484
113832
730052
391329
28812
312304
817673
361243
747086
761677
419062
686194
759582
285470
539183
278741
211231
645793
641540
902552
127434
385032
24474
328394
561065
768221
208088
767138
584939
497978
599138
917870
387182
429161
20197
16273
830639
121190
303687
670229
508321
896444
452862
985338
359318
429376
217347
914654
13423
208108
68285
972780
343002
716007
404110
798150
803771
925020
782058
618498
655248
190316
678728
276134
149712
655636
439323
367898
11554
965914
331799
262343
967618
774312
124732
632395
180788
634855
498040
942227
282709
866556
65598
955249
720733
142380
425386
642169
215711
250527
911287
66430
217623
290768
509195
287113
853957
967397
151820
927750
175471
216383
80571
720673
264298
705463
381790
17196
594381
315228
49038
933780
747265
903520
945374
25865
720395
337641
930100
542384
394900
317880
924052
608654
86215
648289
987849
85826
900616
954225
109071
146964
605278
207058
217355
436154
158766
370349
708047
870166
187946
281464
231651
901605
456458
544526
251708
483331
670072
930321
242675
819440
387609
668288
506407
752228
348021
330609
972188
498605
79557
34614
364032
844565
840833
286753
910285
330445
124115
363224
306453
508490
346347
848495
975475
357990
219472
991820
987195
50719
498261
31331
173888
515818
368705
137737
844113
920766
651169
486839
694725
820399
325791
841164
643640
479535
745458
734807
839884
722377
831025
81563
964632
733579
609446
295436
29666
484214
114862
782576
858566
513432
450770
606649
991093
462982
498378
904248
230012
425849
111846
889333
483941
924694
230111
492947
357092
394876
38472
804538
109713
242689
677054
902253
565353
229216
402743
989369
901004
134091
941014
826595
180912
918592
67616
405293
604880
196039
425235
627923
74183
78429
44167
617470
416821
908588
349462
923602
828405
192899
299356
550854
36607
722122
397124
95758
413420
219630
12997
422848
386682
648215
574885
342259
169821
376303
445586
932349
682097
505927
58260
44810
598453
817477
994591
995606
578888
186038
874406
127694
444267
699430
94849
191907
368534
712553
35716
85658
211697
753059
479387
904638
163511
278686
135146
735610
651377
382148
710881
711646
441812
535864
610454
346629
319248
576281
883798
787673
776117
889101
750061
286865
947734
449548
520111
459781
890689
649425
258154
771929
950926
969636
942958
34159
523341
111496
17513
301680
362396
950949
95396
811949
619573
360422
80549
689079
6545
291028
419680
132613
924768
590010
287186
998021
845756
33215
787422
422741
644897
217857
618783
862737
477080
621987
861741
674584
984493
250244
574566
498167
790075
229589
979115
175886
388580
94955
877780
739082
180894
227487
204535
969215
471095
921241
956710
32779
284374
841641
381722
265338
637808
173455
387054
697874
300975
643338
539235
789360
607201
68927
844763
54814
941796
371174
694293
169709
490699
5075
490401
447184
665688
372104
969452
874255
196245
552734
679401
491603
227848
958090
777718
390827
15923
69963
185763
803466
161342
448826
153142
326465
378311
284427
135093
583288
720158
896035
267708
872136
275282
151771
586924
760818
166250
370050
103271
65337
489793
950258
98478
755252
127194
612744
64612
540856
751118
461894
965846
648226
951249
87104
579550
730119
263467
614630
671191
998453
439361
84887
299633
446584
487142
689070
721219
529
918054
860430
103509
241112
165784
999604
320420
343557
199506
777058
496888
334140
927668
30080
431047
150804
787796
787915
875458
985472
633973
669303
391211
625936
163058
550903
89274
317003
826686
910563
891701
306436
435786
535014
811946
639381
486059
70913
250562
216150
