554847
146500
882553
776297
696130
38973
618217
652491
850042
292397
376005
533759
889116
429314
499617
544858
125043
371640
643741
591852
855605
537464
784926
277595
231656
695230
967112
410858
547196
469212
277139
746122
363611
400673
916991
188754
956185
852785
584103
309379
506201
896654
406689
380579
627741
971024
563124
334166
841839
433094
660693
718483
65410
641249
647166
130447
99304
920659
358888
773085
113867
528154
233087
907553
429336
619287
84084
190719
88541
657855
922082
529476
101488
858459
240386
389519
615771
585988
950006
800312
67750
873905
979027
613767
181012
13843
132126
464043
914785
119776
375950
71255
430106
927522
265617
549217
937188
192725
3186
102699
618721
969858
447337
135640
699834
485858
890996
122271
392454
859528
787964
126639
959783
361946
654799
30174
228183
432760
273422
6311
555334
436501
448941
822648
260764
968631
937734
364064
489353
577520
966676
312369
209211
302718
897355
345369
191709
679418
720160
970108
744799
709503
599659
594608
887007
79336
572329
53771
303956
81370
365094
399120
423094
957839
238580
124665
943713
971956
839267
460974
326940
312129
587354
370301
120011
334667
453976
111228
617598
698482
301760
340790
332081
926377
464926
199729
867103
365934
610927
785136
770300
873220
928380
591679
171633
435995
395647
479534
244170
536274
50944
551514
210412
726920
869324
590950
49547
698124
86866
27847
363602
225242
767884
594552
66384
715863
154765
285565
936351
650021
747926
549080
855915
630137
610050
836734
337095
700200
260669
886466
361880
211927
237658
236599
465455
45376
234919
327475
753374
190397
792045
686263
193842
404006
159290
269326
919344
858667
850521
712947
271728
281418
402937
315325
187911
213241
598408
212215
261846
368866
82601
910006
32577
698593
59518
156845
228030
163908
945100
222325
474414
504319
735675
265764
470489
271611
211504
389586
933386
885851
855691
804735
668479
943785
261102
590911
639974
804347
802014
491066
785228
785459
860598
867836
353932
928113
227931
960158
984031
850405
279896
578438
892108
863258
134216
89184
313007
719802
667430
864215
916250
686136
61442
368136
675367
418323
304786
510678
10800
785005
127271
671981
179164
734179
676843
349115
334310
733634
509865
104979
859781
793394
415361
691805
756901
722314
447414
146755
944434
869492
405323
860164
107944
261944
959582
420891
772231
99310
958489
859950
605493
186546
794476
914942
395657
296956
115235
412385
230050
935951
947257
769037
16410
643113
20896
558131
653503
57800
637974
954737
856133
731294
687541
470323
77402
324530
777119
434770
40320
475658
488517
121092
84346
609359
496216
677086
365926
686556
674044
261458
593063
420208
114614
31670
617446
145040
515328
140319
829072
313684
336890
59870
559997
370304
156592
628073
864537
325080
967466
280064
676731
50381
712775
277629
700472
559031
803989
387456
131911
547954
817147
116853
483212
517259
674713
371378
910141
532157
738233
223653
144880
779688
182466
960968
172284
384580
551427
551564
494790
460646
89248
438159
567498
168664
430807
680930
302937
303748
539035
343548
589868
148686
797085
18561
290238
842916
281270
180012
851125
695687
516051
355096
745644
807476
690630
575319
106537
53470
945164
738362
333471
929974
544912
910355
247400
709453
425616
841082
960470
163740
579423
231667
814300
44045
796670
15025
768569
768490
249367
588100
715071
969656
725102
189013
470999
556076
493579
123975
402005
394618
898103
398716
399945
59733
181530
759999
626149
406170
944094
159281
590000
44042
441239
361059
552469
721477
472702
499268
562442
6102
414876
639510
220203
178512
302547
514421
678127
458317
43707
827000
201784
916457
395862
780602
284211
495354
239047
268163
659752
190531
217064
362832
907695
725692
144419
229308
320226
917508
846314
868616
105448
54002
269617
852314
455989
514063
323489
517527
470053
429508
891838
94124
259105
725456
1460
180974
411430
271973
737052
483650
900252
306209
452063
245133
835412
174475
965320
750840
207816
360846
133898
601680
971618
366027
32750
280472
417329
450895
375139
923066
725727
205634
267518
499568
592792
166680
309178
513537
783513
356734
351134
313188
325058
974734
699185
323953
426992
191249
818544
575923
701140
883921
342494
734177
594764
70361
260308
117989
677890
227728
442825
517452
966890
503013
390938
536418
87289
197490
561503
482866
810918
345199
192724
664349
26173
847707
457557
732097
759957
919317
402151
880370
282937
650695
578658
606798
685825
935065
985849
916436
900588
834402
999352
800332
877143
289111
266089
113245
651631
510202
191871
340020
402638
688282
774638
940535
935300
713417
929175
26906
552648
784509
342814
636887
926020
217246
972286
653641
643851
230349
513814
190551
749013
418046
108835
969770
357072
255096
190276
633258
240198
331389
939261
752899
65554
922136
337644
98440
585991
242762
672572
413304
966177
378292
879473
690037
431374
3931
286822
189316
794078
829908
819404
749436
136205
182371
594143
547622
437969
780375
474804
47113
278427
773646
377349
356331
305812
614558
615664
51911
694625
645601
823807
478861
390821
503057
228428
620861
109950
165864
82601
25499
909325
252048
623483
569936
895075
476921
827981
392168
622545
802824
208764
303173
556698
810392
989315
440546
894177
473791
683730
366242
926127
72141
223198
782142
304922
594138
753346
183470
898801
369256
572025
114974
365244
450813
613354
226449
563806
30049
661989
158251
536045
230578
51811
814906
612884
569285
510427
141974
577016
853452
261336
62226
93067
512707
964791
744903
944205
574800
806303
372372
498084
392335
329939
740254
139296
632413
653989
832377
869283
905804
333369
383276
617933
330522
140842
331639
972759
257683
822584
99557
614095
63270
250657
731863
583573
938417
293867
478119
426839
613837
688473
599970
476344
577337
735045
571056
263742
564466
606629
300100
468449
460883
967622
910804
577646
493353
349033
862025
227780
253572
579411
562850
470497
287849
423516
48627
115244
963950
915001
470712
6362
475874
137511
553272
658308
662498
223482
375815
33719
175217
219485
949158
230661
521695
643694
822083
920396
703679
801889
106358
43264
631088
689513
961356
652210
977898
999029
788925
888635
229236
462020
766211
166437
447733
642872
180537
987834
142287
18541
749040
785996
944360
779352
80357
267977
870812
969937
713274
84131
767041
931298
874186
870283
479712
49111
680538
844717
944658
255886
838507
819406
675839
957094
580651
7957
361592
836443
790154
679512
671401
926737
582722
888349
77565
848438
120069
433510
958127
587870
365661
259912
113222
248698
877810
389727
875083
131048
726293
499162
849228
128154
524786
268088
417539
415127
647534
963752
865723
197557
378509
794268
660106
660978
235224
724260
853622
363907
867843
473720
504266
59155
324057
429296
433205
937830
458879
721271
621019
372200
707468
679942
97400
472293
712222
850914
833419
751432
719331
117438
77184
675405
670119
266932
785609
445271
991797
818253
688415
862792
111453
488451
290093
751488
898022
368861
108688
328563
792882
126114
189295
613642
530084
111904
922803
481894
144249
180278
340165
84060
279483
806909
751414
24057
726728
563505
56864
425794
719155
724471
625508
961599
240839
551858
543686
147872
785628
154822
938279
414267
254796
847760
482642
986951
51664
450922
774000
571896
686961
458068
911568
907145
61941
971682
518293
307827
571407
494395
656720
34779
771148
921790
535995
308262
821363
444996
750625
526449
765536
561396
201509
125020
525080
980620
436536
224062
296302
243959
692997
23427
301238
243827
611371
194024
50357
437059
989646
867810
674343
786632
430361
858594
302791
960670
648857
332018
408196
593876
552398
788572
786599
244939
72522
565272
403050
958011
698528
984547
951027
975507
304560
573043
225856
120047
758717
433826
88913
811119
740
868967
639935
395654
960299
705499
666660
715334
581379
606409
872308
864977
214329
512804
611382
637771
959499
806362
51814
189119
804569
405479
276336
368392
831659
620455
534503
575087
600788
710550
49378
988871
501584
454062
584195
955582
966743
338263
275161
423008
209220
992898
873157
530765
895403
149515
168741
174856
366253
875316
256992
451974
801751
195657
974942
242895
830471
9932
249896
387248
238725
485549
64592
768884
980098
692777
843142
288630
479781
336379
787243
563083
609816
920266
523412
424864
471023
203307
180541
101137
608744
602360
185802
192060
63967
541682
538518
540080
553125
612721
128340
154714
561436
944679
607523
295382
767104
358184
632134
405741
166032
269096
732355
410535
978769
968815
397018
576122
533277
7308
576537
640862
344734
336638
222122
207208
162249
97669
492367
374385
791473
257673
771368
281444
271113
387059
472957
576780
654212
871500
373864
888623
276930
681897
234208
5805
914105
730381
69599
332825
625086
677889
619439
832754
557523
875674
570487
340514
122205
621421
145057
852904
904554
233053
398993
499763
475716
277499
752167
327750
70219
326825
32166
190035
861266
801580
960703
657828
37893
592094
895634
482394
949564
973789
543000
91267
6467
996449
315499
788981
717530
993021
854859
780470
187538
843437
593238
171966
475827
523027
182703
125719
662213
558977
817244
124265
37161
464135
708228
148455
626995
788776
818173
467260
377921
186803
677785
174455
875113
672972
786323
548922
135740
643131
451463
474469
229590
560892
111763
344093
113615
912170
911827
949509
836128
122788
276128
179341
831856
367504
782378
264097
31283
837503
909832
889764
181669
644260
856370
300927
445732
787305
759588
719443
956454
77980
518995
213610
254465
398248
265034
512646
388943
947888
853804
975169
539259
85725
817944
324053
953981
497135
149140
948726
764823
257537
721633
412317
154595
767252
337851
617361
161735
883331
869619
933377
668840
112560
701610
871840
587531
258469
789623
392842
986477
499061
271082
506597
930438
517572
226008
487142
418257
38475
643900
760427
2527
942596
710774
216907
106991
177948
121733
688771
546246
339555
750599
421608
811732
468929
82277
66094
292627
718202
923685
481929
250676
10104
512793
170092
342858
116714
934682
620610
507750
125319
874292
323901
27344
580693
943900
604579
424856
578335
634527
259160
372760
483243
41559
646805
577820
943577
327413
772795
985213
200919
990013
903229
912900
559465
688178
626366
848613
392248
642330
144505
376572
152451
377253
441794
162970
907817
631751
758487
377215
695779
157780
44730
222502
913273
566381
753126
50346
561920
675175
381883
866090
403619
455390
794415
92345
505086
423260
936856
467937
530542
895566
256097
322464
352144
604234
875071
416497
414474
908735
985632
474081
797048
479041
118141
239914
414114
480160
744697
284859
475982
298641
328922
335489
742323
6178
243429
164223
165338
10804
84370
416374
290528
726496
261994
919123
234461
928594
655218
407027
579066
429911
656447
585611
931680
592134
294485
595674
531110
188121
101181
831632
528160
910495
162125
147492
754214
174451
147671
1973
498796
860374
631141
963725
804668
842428
873937
220083
868847
131153
268159
67686
477072
662204
939073
159483
854032
509583
923881
716594
653690
87498
692475
8546
429199
996657
548321
729941
366925
975069
114738
450771
456936
2019
296229
366611
490681
59168
243189
945822
573136
294223
596941
834619
93201
576563
407904
127564
318355
611822
15641
156110
155162
482218
546512
613526
663915
797523
261971
70170
944386
530562
628359
861557
314102
441120
173299
400799
471982
603749
249892
964950
326611
191603
570199
30595
776935
101237
82274
502147
980462
498583
511635
757277
61230
879958
752586
243972
923939
5989
513024
595447
347012
978437
61045
755074
733914
305419
702731
685178
828872
592178
224077
780381
636475
718351
354560
408067
773987
808192
471352
745835
767576
197496
834107
794673
931679
248155
943503
725628
163699
219392
996767
437763
644323
196314
287804
845842
743074
362188
781952
392662
570818
629780
154197
728463
288957
284900
699454
678033
576488
702236
118482
87631
384847
900482
776141
315895
350314
177818
933408
675941
434618
653559
575669
435930
37116
245994
43714
72448
812383
63678
129261
463896
97199
660744
995145
900958
265795
43205
295705
962462
586805
184394
132870
487025
126381
839202
392113
733361
971641
692230
149333
17994
53838
584876
103600
663748
850453
191506
130603
408283
154823
929665
604793
562132
905588
46562
181845
46261
767928
939465
719561
134831
710372
547437
544752
588117
288761
139639
456950
509099
171730
45522
250892
928337
617437
837580
399054
385380
991457
549416
387697
971692
417734
92707
637470
397292
608156
852979
814652
331561
261509
71313
480670
928568
370227
184242
590192
93126
494214
184707
925295
355537
899546
222931
122211
958913
46062
889951
763337
213801
549681
993658
257332
269608
345671
585198
149692
784419
43486
151514
955568
6350
500319
17259
481313
228123
239093
992553
716684
717171
573308
860165
990208
167821
831462
471307
5321
184777
428213
584829
856270
514392
267893
472921
109500
489125
202432
323471
379101
723370
839937
778873
148825
44744
967363
722410
914259
694316
383595
525741
