583327
564280
664831
979135
571925
639070
595323
525011
512797
902527
146769
641238
642153
817858
642276
475626
187235
330875
893730
268998
809026
942527
734373
525942
194174
311633
637595
804493
306525
85550
992647
258125
632116
740055
184350
697911
8184
420832
779064
9169
678775
443520
453791
717153
330832
750084
381845
663469
379473
386304
993035
383281
661400
877788
719369
180501
394959
321522
428034
489153
234963
305936
916613
449792
178050
738906
635117
948837
691565
751251
373478
915703
727118
754201
178275
764565
8339
512644
20907
828044
86912
94121
3618
497089
75674
588046
290479
137373
467055
982768
955428
318357
697602
511627
171040
23669
106006
279394
623808
297020
233720
262851
547264
132581
347978
822347
427122
426801
990734
457042
211176
324431
753199
670793
619165
345666
701023
339558
794119
221857
940133
315396
930931
445129
506356
181003
35723
419788
920570
852374
607175
982392
88621
500543
380649
940071
80810
450373
254087
317292
723280
692943
360016
242296
887210
798527
396080
409184
651195
571868
767999
23537
255890
664650
805522
835714
78552
755797
861330
236113
832572
650376
370974
106076
48449
255041
559914
686535
125348
680552
962697
8044
450784
8691
886783
800881
161767
411178
676591
941822
348765
223517
89337
33588
224407
694701
847455
326365
933169
448272
114736
495980
642314
219914
297280
828751
596474
675103
955756
836634
229395
292696
329488
251710
567549
831690
806540
969291
92162
945018
888892
205987
606182
65308
341906
979605
417285
82178
608505
612519
130203
204648
932364
976120
328181
208875
550952
2722
262578
32970
91688
14830
585327
656111
893412
507650
792136
913128
843684
557499
933178
107516
762177
270684
272782
865542
132775
579346
384936
564206
823236
758016
68399
912877
48591
300336
191072
850019
793050
94355
321967
800013
407609
127828
682646
746732
580605
746935
452839
49164
322536
476219
761207
107201
878831
72962
733398
640199
48545
492496
974517
923145
842374
376619
33081
547350
290797
62078
650858
856305
803795
429911
678509
473682
425935
378490
346434
235686
165815
929315
724710
427762
54205
51487
685042
362165
257813
885360
684886
719360
169966
404133
841191
314080
760240
913967
682858
916870
424845
610859
298629
581797
134643
206654
909300
840447
834729
679258
909328
695088
46273
67021
699934
127610
91334
244820
826326
553557
844683
348285
68689
328808
14629
372639
349057
411614
94923
68264
182567
67887
244537
101448
579501
452062
822191
420477
239569
610582
402383
155834
496108
296825
633855
965218
429954
948812
544883
566913
352150
142566
817979
128131
80301
419133
700170
456113
929285
606525
263580
559517
700398
514269
994606
207320
557744
20194
862995
895460
12014
930597
99179
636674
568778
886210
66538
577227
761936
454783
586971
981955
474622
649781
140208
973722
475865
966327
395067
889313
510198
13391
474867
252133
915659
113037
370307
51677
820654
117871
250688
523422
750565
684069
371336
809881
438917
631226
470655
344163
281045
525428
235746
649443
308676
947476
357208
61135
153359
72201
441038
435729
27752
602263
377331
60282
288183
651511
136242
485710
367912
864770
23327
205055
546076
615542
533363
760101
540023
49647
23232
976704
329662
327441
272378
357899
947103
983415
473387
799692
490000
487554
968201
591253
660052
873209
706794
113974
176822
191256
454631
341103
426242
124019
821195
80537
705649
277719
152116
577155
386839
442842
956589
184815
86432
860868
513846
516548
651341
772645
516936
467187
432682
919582
309434
656684
244485
286915
471002
19242
422559
294115
728854
482529
982362
448921
799763
469672
879913
919623
434693
990356
847901
193265
562828
733979
323161
805075
873427
107620
719809
363041
753392
154574
724497
956582
474275
430368
724550
493232
716238
615408
276213
451153
335607
201336
634314
36886
91074
848392
988662
914288
547674
804689
73957
916051
331946
252084
953823
299186
743959
488028
959825
198734
708211
808342
390228
887706
695050
192369
572827
505848
459825
666606
207723
415676
81467
615234
218889
253498
98372
581631
785558
855958
698733
341991
538973
125854
479045
919944
1792
416997
807026
855243
158761
412075
485995
899323
614967
262777
945417
611053
867234
839435
321993
401187
862513
610048
274343
685531
46543
300668
921716
200357
882394
313101
81463
636991
132292
234809
579540
540310
627492
163752
783880
966065
867400
631295
439155
17499
748604
246753
395670
98470
729631
97206
943868
896981
924428
796363
661746
764698
702676
25323
348277
15467
274724
908195
581206
302677
750649
949655
527774
935261
121007
759003
54038
676429
726660
171125
529447
240237
126901
520751
679889
754366
429059
684170
325854
545965
10083
526160
848039
880227
343880
215490
124291
182987
408539
651031
878330
848144
189087
822463
196635
634191
514364
881280
973074
778973
855757
713239
794558
608321
901935
293691
312094
772046
421288
413752
182698
617091
227200
947498
938027
381107
814678
837721
913686
605360
541021
398843
891486
402885
18281
461967
864967
853181
827664
750460
829734
871755
151742
813123
722071
152029
986748
736116
665117
374171
765925
498840
387228
256929
771711
537187
605277
376242
480110
557155
226718
282738
43923
505080
966487
726075
788418
443531
181322
562019
384818
432627
121226
797861
597190
593915
877415
743824
224606
147579
78459
362187
392323
479917
821362
302898
161797
91605
818475
204479
170613
946238
868731
304556
524992
235781
637305
416919
521979
661966
213886
137147
941072
774081
165847
392441
57100
479840
43665
518683
849327
999015
991714
299398
291550
554686
77426
627817
835757
508121
545871
206561
79425
734518
621254
406440
224948
41977
419730
781491
84023
120944
165329
954338
582734
867842
851548
121428
761915
366399
137126
174581
585884
91575
571252
583970
484731
324739
871265
719714
210990
106143
358989
732803
13290
842723
882183
785494
959067
370026
7640
628833
848108
428670
256135
897960
719093
249351
102784
412769
40664
833983
436795
269670
984108
702572
453404
632358
633967
711518
779003
278
119592
294866
960985
682584
375939
202863
967847
336537
61229
681588
538659
322064
179393
35545
221054
233626
246635
905613
853214
479425
522133
702370
235880
210827
458261
258955
722347
240954
795189
367219
140789
871467
461118
975903
824381
264643
806381
166396
750286
622949
619669
454505
323967
482089
30847
710144
997393
828488
720967
74789
998196
847809
862105
287338
148895
162484
428741
803556
393554
952188
724798
725542
322892
739610
727720
782428
509344
782538
820962
353209
684573
843531
122443
20459
502523
78889
134383
311770
843269
866983
344270
642627
378514
603138
864897
987161