108013
365763
321162
780448
552396
153200
223546
661279
834180
180957
10660
251214
803882
918615
228579
716161
297690
538369
716661
78595
140011
581440
325335
126582
649946
536165
388909
806224
946496
330429
631229
391285
419337
450350
767340
343978
411361
686208
172217
293865
397652
870825
309633
745423
589472
460851
497412
136489
904706
914108
459738
664022
190619
203465
613961
499592
251504
740211
649836
882074
126271
450303
338893
681772
112785
616577
513955
149437
471627
777040
711541
856516
647813
753503
157040
690205
936292
674117
207625
179360
738755
269564
562537
205804
101789
871698
581290
612589
892180
623199
483161
11516
61643
903546
420925
811926
403086
680311
577887
309770
251139
917785
629007
829675
763407
96077
201146
210745
47178
385241
501950
808328
358080
503182
977834
672555
14620
573710
35945
39833
535797
522110
739073
766989
388215
823931
646667
598021
806795
555494
249512
719044
469562
11266
867367
353744
535721
892882
477695
109479
50834
591909
945086
953358
184317
198178
291193
223269
229445
550549
712022
340450
113950
357892
486473
925352
298869
710494
751634
288971
859740
711949
504387
765902
729060
731221
694089
855847
226570
480544
957813
760593
596550
828781
159472
865603
470683
467496
355109
819879
375656
919626
910631
947401
149958
271131
514994
303104
510712
611230
422059
190199
286195
710381
871098
165360
428060
683357
828991
467294
962881
868293
915841
366548
393661
851321
975384
451964
994859
228828
437514
675425
260458
52631
545167
984376
682507
778305
307358
743507
954281
553307
709303
500598
903245
997633
990715
120
80448
581967
397467
615524
224895
66618
222625
8842
853885
280158
820809
950344
945806
522007
884022
536617
833960
487340
15125
222435
620
294137
961364
977221
745336
822822
544260
2602
250880
572896
942064
263819
656634
427618
230553
900136
257071
912823
698174
564505
626585
398261
68048
787437
189901
410889
92219
327844
143003
218334
214806
455127
683282
822200
605860
732733
657279
406894
702787
839410
416675
105221
77745
100477
757996
752569
469930
979310
405757
761439
897373
159935
118139
146689
691347
385602
871522
809038
3779
929261
205163
428190
545923
458401
165290
736172
111569
110884
628364
798063
200024
384922
953438
201301
692078
274451
189858
528761
725608
664518
405734
343960
769829
208194
449044
644090
979523
708004
108605
869400
729642
375629
288860
966905
280689
368119
927972
831715
172427
964158
798687
565685
688212
203793
138421
431763
945315
194005
152321
344602
371685
99088
437671
284007
190049
874942
112347
705223
359335
921457
713757
376734
398740
512263
237819
582432
227111
382728
421650
514834
782081
385113
405927
913073
519142
156255
167802
207144
933808
639675
281469
697548
708350
969934
854086
570995
668581
817500
933831
21640
747512
593260
118317
903380
363769
160171
490357
104479
596605
103735
5973
300996
670441
771081
190268
685849
50611
247527
717268
493933
211523
111154
90897
586099
282009
263127
904228
288589
395540
26738
9313
51400
983272
714824
989641
12469
590437
412672
419824
5232
361122
750283
900994
492509
389355
891132
202527
293305
904864
550326
713152
378704
608635
234877
72342
371209
810694
546733
261149
456839
35214
929190
547464
731926
600960
555465
770979
969676
741723
826377
662368
482748
296492
919552
883042
860715
416044
495845
458386
92438
128848
708296
303836
819972
353948
893551
439834
445309
62029
23719
204349
545900
193430
546175
70575
118473
460006
377911
92599
544466
946881
649762
619827
387708
22115
467747
690103
255136
409195
575069
353921
367460
760068
411000
978901
42110
813639
482817
466152
332118
975009
571570
801984
545056
28579
576840
242710
75556
638558
525081
540721
960427
36123
629578
113167
631389
29783
401975
600388
113930
577326
592948
282986
610903
341172
91673
385363
991285
537334
627850
728660
862354
81836
364133
927390
673154
937118
959785
457704
361330
563434
914634
408732
712549
321849
250605
676608
433270
155438
187905
773881
466213
756507
291263
948386
707883
583355
614154
872215
650910
395219
72579
715299
142780
368531
587457
365963
634696
505359
586656
245522
262707
945475
34181
215138
864906
865219
391583
240352
271017
730212
178664
827946
256449
205358
492150
141579
343994
518662
145591
4842
759503
344891
1022
592275
633259
649483
692918
246810
325855
354629
790340
98849
450029
548890
474995
849895
903949
292657
163342
846352
492956
762317
122823
191256
278602
444415
915823
578786
152784
259260
289929
763733
89594
718273
12323
379051
689615
696770
371335
401920
433468
809922
785970
575100
181501
200555
291574
318155
793990
992427
848101
382463
162417
224880
427736
833464
287522
592501
109727
307554
707532
823572
424828
413484
162504
605088
725075
115575
510192
944242
619782
347733
332757
657247
62753
152157
236730
365855
99274
304239
431833
747197
655579
600302
793978
426319
23738
774992
496569
81795
858541
358252
236548
554985
33222
51851
780535
263186
67216
858640
295724
130551
407366
641705
264131
198702
648467
313634
559767
701308
211590
264133
477424
971604
751397
430709
708200
607955
283257
475554
351766
178016
954217
678764
792444
346718
795613
532121
543183
381909
156384
345507
367086
593814
893818
943394
539779
813270
738082
172046
970153
927155
980746
312546
574516
856974
13688
202102
356370
795193
753404
80967
147153
680642
440870
661693
249513
628655
317131
365145
68443
945539
362829
277232
457690
988790
795601
664153
237584
239092
509998
620342
440541
86610
254153
839176
439089
228636
536359
554098
16027
541503
437479
693717
719745
475497
777641
176665
973427
16734
322922
315769
619525
75834
435834
127288
518362
751356
522629
912051
414498
574523
249367
565043
577983
843005
735013
835211
246194
998508
639618
652016
570207
320982
924244
414667
397599
136374
490469
293027
858493
184310
657876
380539
333497
120371
989322
2875
316737
382178
712637
934337
249976
449926
924815
694880
552871
776636
650455
66257
169536
160382
32625
313413
205416
675620
850039
166067
587900
843318
470485
14581
985016
32504
449273
883568
212926
955404
193562
524333
734142
283857
632866
883454
803740
581546
563655
824194
702191
191087
557402
298081
833281
626874
325361
424323
151198
765510
80045
790050
977985
674453
642603
847473
860924
927042
611824
579062
505587
136927
815220
53744
484346
422085
949943
261643
244426
922475
504611
981526
872245
360536
893299
630390
62915
21716
896285
460626
876154
183613
617512
238455
76627
699996
569893
344304
829439
897105
941160
248858
760228
525208
799599
73976
113043
453602
903147
385736
835822
549897
209311
625585
296534
678848
712951
152247
641194
197418
850049
413271
117646
679461
544629
532250
37996
773795
993326
383822
873024
807139
379467
889608
355855
361061
765193
445539
135671
783498
442695
813712
795688
923029
632476
231000
609316
215516
957520
681137
196455
927987
508553
775344
731642
706989
484681
763946
517346
562990
736962
509628
984642
195701
263023
126665
984955
841308
871719
486491
624384
758149
861172
619906
664088
903222
376081
889765
8302
500468
150697
790009
839537
251709
847770
342508
501065
309897
268507
641926
930155
84897
659948
287205
445071
547628
157809
747605
272850
6987
535472
948386
996898
71560
105301
35016
655408
32711
459214
784841
269498
520068
622166
900813
165130
757337
392909
83214
644603
313989
143675
24423
214168
782271
747537
690161
740964
50182
783793
921048
948680
42581
355198
962667
551440
110166
332157
347048
105325
366172
877276
627648
286327
569763
202949
912110
374050
91515
925701
205336
538632
387212
258783
494591
331363
28136
208452
850981
250319
804067
220923
78451
421777
384603
774150
145726
73451
585884
425874
425864
818770
889877
603179
971959
970259
241490
453787
213573
490581
774328
363223
484341
886363
137225
995054
714474
330975
421473
296738
929732
605472
949062
522406
719208
713270
207215
193745
921270
774954
838994
732775
796326
908311
734092
42513
255163
638147
997529
898039
68368
1772
503075
221166
781290
83009
64017
567447
589561
911764
176147
924735
50975
883054
475967
103051
843777
189202
645094
783556
690086
970841
842781
30518
864317
319882
759176
405279
643972
452147
50857
811049
608160
21092
268970
686255
109158
765648
507982
792715
219995
663763
423373
514520
330063
9487
6839
896846
933912
442618
868631
633918
617633
815811
107072
669800
393481
5489
788498
48115
338145
29850
837626
69393
731760
612756
677085
703249
129111
902053
7766
499279
316230
903953
232751
300444
575423
596841
637370
271781
799257
995618
146208
916352
507947
349313
413422
600948
823097
981784
987148
18562
775841
508790
325996
976773
425622
166846
215039
995462
530459
239439
560667
306951
755318
482650
966743
550524
226952
75283
139812
765697
896412
762956
574551
579758
268796
797064
778409
625613
835456
114401
831423
716568
367176
367341
262281
459197
643631
729693
789933
963419
928111
335252
141441
124829
56231
248602
625685
45591
158507
37653
622926
204819
831958
362713
342653
120815
134380
881818
618794
113935
351334
55026
535869
176044
775276
593983
534953
214481
131986
675709
211632
533570
244559
258611
475436
307782
326708
524859
603344
218885
616311
832055
568214
891895
94097
531129
403543
210585
190473
441592
129130
564065
400193
992085
86668
782206
976566
74273
156580
895809
460999
610519
315289
123549
458315
965655
953174
465999
424734
880629
798265
657253
859612
673853
850436
18481
820471
652517
922959
488898
788237
751567
270776
327977
914817
21241
480528
56482
601465
411861
362830
30630
5618
341038
757760
397273
197773
635904
92244
564248
786741
186503
581646
32620
565472
540054
875957
621516
388707
41550
581439
881419
678797
756801
581581
341661
523516
269003
696732
165487
41851
546342
963920
71144
13792
504555
882006
298946
173478
402676
377973
92892
211404
671727
118220
776239
389552
869866
905815
999611
419827
31130
405814
923535
491625
88072
671395
280311
542673
337635
464834
907970
576006
549317
678258
427450
690746
68647
311960
63193
241741
158948
852457
598157
628344
120923
965365
730038
997893
534185
685555
125821
10568
909572
359225
200132
190455
254077
886435
50371
520268
511134
184689
376726
732869
970772
235694
300708
272818
58050
375038
102581
872812
726640
396317
737299
319363
61494
985389
636555
491476
297564
516112
680643
703153
684547
286160
455483
433676
79377
256947
431816
151795
539753
495278
366558
936436
976139
660196
323237
622119
789289
642348
695108
87716
361753
114665
607677
768350
232172
341003
272973
326563
674386
747360
424646
3708
769739
13038
15246
131677
796528
652227
283868
771762
785848
900096
174647
15038
323873
329546
85877
100183
413555
94392
459985
331503
393734
837075
277003
90338
76013
260640
807589
956164
849044
539992
591205
462164
484406
803367
271333
263008
337873
598035
200651
631402
739366
933537
795381
169585
178561
830488
163678
384082
997371
247577
215284
384238
817776
611463
750460
347673
21556
633628
893804
784034
939361
794618
200691
200992
606291
300262
491540
820566
439182
82674
167943
744367
461724
438998
63941
689739
684938
13124
194593
89331
965395
357529
553896
957716
411900
522956
899619
138285
840392
85043
733675
681180
628108
457149
889162
625083
947241
778125
255947
491211
360292
59133
558185
1390
686387
994341
378526
191888
823132
362835
730974
368826
518841
930648
131202
419530
535206
732449
876407
919916
607438
166173
829591
798453
904889
636515
144262
365614
875788
617933
926361
325406
774371
792379
410225
868340
963480
744318
581035
89950
763170
698400
539861
85018
436344
639239
769975
679834
184841
850991
621412
547073
834782
478731
810591
951712
342512
471163
114502
110163
614649
373836
542079
768741
326239
564215
819608
776509
354317
698728
30547
688188
102628
144723
934478
211194
239777
588760
641415
521223
687041
510358
719762
65379
547714
260062
825185
93728
211230
448855
20652
957659
391619
621528
54577
799163
124724
788910
591164
992281
481842
434826
408553
936301
266658
816751
697056
954972
940954
940213
95214
700741
351625
349263
526051
725912
740555
287325
793994
271341
493066
972668
21572
775291
896928
989861
290074
149931
56461
645888
325525
155046
441557
175700
398744
32003
911495
696134
468444
304523
378970
580653
163064
748449
423411
526329
480839
654719
795399
522056
740937
32744
394091
920250
160598
891315
761359
442662
909046
924741
273772
229034
517282
828298
69684
171648
163631
886929
828999
447269
950117
147707
232973
593326
775872
436321
411106
288987
372473
279577
896242
734518
511805
770078
634590
247317
346559
313811
370850
694766
913844
714153
227842
396655
645004
753415
918586
382808
924254
181084
362597
756522
924430
835943
480672
729620
806942
145804
85447
136758
520791
257556
569869
47439
442978
846672
188679
719759
195035
371705
937487
456970
970702
296597
630382
906411
89432
714473
980889
803085
970438
166033
91869
465344
11271
573498
498935
631761
634046
911147
918052
985159
216401
435033
865985
371808
17902
65197
151079
8966
382518
742039
319910
385760
166040
266387
934856
641028
593631
845549
753448
939856
813098
336219
686428
282718
68335
740495
436048
48212
319986
957406
53335
652375
968226
492430
919779
824903
430083
827344
393005
467384
35840
297493
838497
290593
96236
175763
102225
165526
531182
3543
928220
617377
459148
869147
823170
903412
999529
272452
856029
591137
208221
535822
535874
990829
735028
613810
963257
734794
520941
106907
391595
397559
386144
275279
889682
967153
810694
480310
357953
732802
172382
196744
189291
661526
618295
395650
174771
560462
598587
117360
551838
655327
8291
46792
366063
333366
877823
380589
46461
931682
752488
927551
779314
530017
265410
826707
224641
622332
755986
632799
631482
581742
718274
621176
70943
368431
226112
668485
277949
145529
700212
618034
583711
885356
55410
959212
556585
941316
115300
874752
658993
729118
384455
793837
170608
931925
985125
635628
869361
620306
532906
346526
33329
388387
117698
355683
49618
645911
611875
915386
737789
123018
344933
410833
317725
656569
23406
922214
261377
614339
636919
840688
149643
7478
65302
224451
624577
83744
653336
980585
548716
990762
480596
338714
114969
297165
956747
311134
394620
31931
74145
870049
459887
215424
213857
357030
575171
927761
891656
734098
94976
554932
813882
237028
533195
50043
424722
4798
607400
5691
464265
700361
827021
171984
642902
469244
800992
805272
688319
472660
703528
456613
24640
484629
95007
711201
728217
307277
475375
831222
926532
500237
204994
355639
604856
792347
300642
57980
264071
583719
574417
524862
632137
657789
453079
591945
816382
924330
263216
114524
769080
78334
561029
607538
579825
531702
878241
438006
274001
638159
156502
117601
843807
79186
863639
322307
18604
55494
425010
118809
972431
69416
417481
904057
61507
343993
197142
191830
220051
150734
999640
9800
731954
566627
209425
701703
408125
565125
122219
809410
296874
332612
557151
626770
366622
526673
686895
644959
427478
332581
321155
281914
254532
395749
575927
426396
649014
895998
106068
400312
192037
19616
462784
50845
233862
563571
653246
204077
915054
329692
601527
891868
730711
96189
997414
367622
17960
780638
707890
688990
578082
140470
112308
577320
426335
964587
902842
108041
368111
608739
878865
151206
48911
484537
33907
875813
35005
959282
158548
952795
768914
276852
727005
589653
356332
163522
549553
193770
848249
88708
557662
891258
730643
307154
496065
706735
476456
922971
554553
333294
187672
508543
780148
875709
277828
582730
501578
806391
565087
603932
327889
646423
893346
638676
676591
466411
911431
758078
125797
725999
66739
957824
803615
142878
624910
376618
728093
681699
194581
961004
215928
623950
369773
611506
19523
637920
617935
527999
493667
326522
921593
763865
11835
599424
815173
733980
956866
144254
994940
953495
104916
423854
666015
316695
349494
964703
484032
683842
35353
965507
559666
648415
183885
882654
81121
566660
441067
666040
582053
438197
869573
50150
460545
313324
220037
350418
639640
651350
743482
199413
280869
777073
685842
641979
399735
506977
128480
332169
717127
806016
186360
480279
132448
232764
62828
543778
617869
741115
688006
467971
280958
640592
706652
42141
251153
527588
949785
352193
912259
225620
339317
911519
548381
914424
462503
16033
823800
379996
706102
685250
655789
730516
70505
158883
262237
20242
655062
767998
803939
157941
954454
957460
501580
774696
292187
794510
477416
463203
6736
239470
457546
427824
387018
425459
397536
468193
324066
658170
34212
114087
556367
609623
434173
978704
153645
263434
100190
772377
831900
459692
584488
73778
592345
180918
205976
637627
497926
301919
742668
511352
427004
595994
96215
723857
509992
286752
703015
901424
500372
796194
593549
327214
146998
831831
928911
948940
918282
72638
968012
552754
648838
830907
643544
819537
482743
486368
89433
132702
605750
108884
154642
517128
344404
472913
456901
990550
717797
472306
889344
979207
935695
330710
953388
282829
648474
44795
95867
129165
370151
382327
111565
963539
996171
780903
522235
223021
425104
578512
439669
188744
423286
671989
372905
273218
380021
771190
27320
390653
267353
178582
212047
334189
39241
65516
975266
992046
542963
