7211
907883
433060
484154
690871
693463
509387
229090
394069
455315
279734
353913
577108
659989
875487
929876
256406
263276
107970
705840
74476
916994
616911
919933
263742
523714
517673
777940
941418
230776
118472
10368
787209
949120
564828
376021
699336
182188
801489
415358
125334
411227
195889
327193
802307
893291
730691
439293
212493
762860
455521
825684
107642
701569
685454
504090
444607
480411
391976
810849
143222
581520
907827
417779
715857
97610
634825
434217
722251
429347
626053
411375
244847
932318
360799
415213
659014
717296
258479
640656
123078
43664
888392
745897
620145
466373
243616
687676
549763
583591
964114
748617
400861
557880
240459
333953
48054
541601
382089
351522
455226
436411
981135
955660
794984
498838
764991
626129
396210
520544
696026
944033
439360
336406
980165
968737
165562
870304
527952
865603
550085
392901
665740
475212
280241
286018
854090
973131
181385
877540
982218
373887
761515
100507
317230
191738
684719
607638
425620
654983
562519
804960
570909
978716
62870
341043
132595
398174
666470
864665
292161
475428
322517
177218
53082
313150
104648
911824
770818
205674
263332
378506
625587
259920
419872
18606
81822
621709
344155
555007
512256
659839
576093
623272
542093
706704
242297
189111
272544
919177
362640
427779
797665
693760
203611
780347
40965
665556
796373
891641
478873
810837
899828
927222
343581
562051
683826
812935
842969
808291
256255
659085
934893
762621
192846
24595
394340
151231
608238
133440
530813
680791
97192
556112
814619
265898
164896
858638
123600
668007
572932
7373
944410
708845
282148
894048
822310
844221
705385
397857
178840
562520
533711
577922
350771
2901
457173
885265
356886
845927
396975
583510
605432
79015
916117
531695
369431
743036
806080
312563
695364
63774
538503
514962
332284
105242
888891
366195
545053
677357
158077
917706
565519
955392
793938
373410
468810
409352
816253
430985
84180
741217
978397
224321
678407
749765
300660
714598
996649
518827
812500
377283
931275
850273
797660
349691
270509
6431
49213
383950
796300
483886
393656
565703
277886
734124
972126
766481
837222
37110
355809
378012
356021
904259
43775
834248
908865
942011
764853
7841
230322
593497
684771
73658
813090
252676
291178
663498
536108
250159
336221
488932
909081
562521
530679
871365
817554
603223
118226
495438
954038
864690
263249
77230
339026
891147
146816
652325
803884
729445
310694
567308
35254
839903
653940
283365
242096
7530
316216
721513
702964
84016
488960
752068
492932
64560
12113
740386
961132
568734
140690
252929
849353
103655
759885
552245
45862
480860
837991
540120
381722
926744
398998
31173
73657
193787
72136
574183
612106
729387
35764
481761
816283
234310
578624
760876
272541
464229
94828
821604
85366
984612
130794
825300
934262
862450
970089
318877
991215
646126
684377
805000
531622
574477
757346
892996
294257
78919
712131
309828
449547
413114
403807
404026
53979
842201
486712
416351
469974
65968
451197
244312
410273
245558
764930
779590
26694
75342
664769
154024
257546
574148
270994
305648
799902
156835
258835
542965
116592
296884
407270
828140
479251
331465
412230
439406
205365
597707
474257
125004
429195
425934
952048
9153
728347
25728
853510
394521
878375
190934
535694
267454
462240
964776
899354
841870
847237
829106
998381
683280
679384
862917
356981
685972
831553
730772
630645
793619
437370
357909
715802
332689
13969
34844
648816
784666
44167
169214
771320
593402
80570
618562
161747
220103
721707
584003
313389
253648
258157
67802
134999
173785
468492
902925
910851
464491
24056
382291
281357
965356
637691
24964
986392
446130
766779
396423
846538
525079
42715
741915
183705
284723
224541
55472
207689
236386
614920
363656
914171
816498
367049
721998
92268
940624
895397
881441
31115
412547
450826
65419
735703
829594
540358
261379
293375
164586
523339
239401
973362
338619
199397
163132
187156
512552
285354
854371
560649
566666
873112
151205
623416
638601
625703
855535
308172
185929
199473
851845
665713
218389
392244
156085
103643
712664
99991
212326
29526
792050
868972
46947
104748
217615
138528
812455
449483
441562
137755
343249
879369
236283
146909
533866
891901
906173
802536
938286
944765
319970
644857
543198
570106
579542
988021
870513
229192
859369
74367
743987
953770
653408
282613
537717
558637
554576
800602
667648
73146
81346
219177
943585
337920
782955
908946
112611
670016
334072
103024
505981
971111
214663
988593
374083
768559
886998
316117
428620
383775
618066
560790
301556
344664
73903
93937
523408
74948
233749
111484
686585
933523
37814
874117
229645
887868
787548
661231
335211
62458
441100
964503
471083
380981
909320
675215
69706
752700
938343
86902
217587
954147
255874
99839
880018
543716
740775
820280
327543
403795
853020
953824
937630
654000
395225
758706
618938
133796
203750
63996
13356
335351
861449
672696
494540
513864
158276
247967
82362
96227
923988
561754
741859
954053
954630
34633
462534
432617
211003
960759
433052
836026
491358
133610
758722
314245
120094
317922
861719
655722
329700
723087
808539
274581
364918
490259
277851
577589
862450
533270
703747
749561
221587
156202
806786
997870
818555
54432
561250
272400
180995
927249
664791
737538
911189
19969
713725
808578
860159
410722
706031
669101
708312
515587
412606
419798
627086
888154
633009
53189
414239
689182
294585
491403
556768
99300
464608
309796
631419
860628
244104
200609
43609
614485
953446
105126
717578
832675
184690
493361
810261
783622
740447
115991
882744
586096
389198
402597
830032
685578
485637
301430
380846
188781
669416
805142
311512
297693
251806
234927
505312
805529
445519
355018
559957
152983
830284
248464
503133
860907
442400
726787
726050
489068
537966
516292
769765
170403
867259
452055
548805
487765
133459
296962
510596
850227
108781
476790
632751
201803
815942
586533
512302
640146
93758
507783
248168
323104
537150
515835
549059
585302
580312
183840
113742
665940
672429
12914
548540
739586
157228
531067
270267
108635
483591
167820
454674
959309
286706
822484
927882
50827
15613
474365
268858
264584
622210
748177
535258
174058
505303
273007
181470
18116
474985
371201
467865
970509
919385
877700
523242
39848
746189
887740
218497
122007
852815
148346
311809
197796
419181
647113
387338
16135
130147
990997
57465
33883
976140
801241
766136
97372
472724
531607
962379
459909
190040
799385
933925
971822
608183
497990
302020
458745
52540
729096
563339
935523
500141
106790
594317
388829
461097
856741
417201
194131
881012
933733
331659
540259
997394
494002
178229
356700
185042
532396
547903
102602
693522
292657
241120
3265
490482
250898
516312
184054
437535
963782
57328
863740
853772
194313
38852
743571
147018
923518
996061
918907
785537
846167
113687
538760
676562
862121
854563
137887
220327
139831
689889
157797
19305
119238
91473
532840
588053
423356
857059
509446
940190
394385
233906
643428
129211
697185
858470
706518
487083
878872
612129
883587
803435
167745
854703
729690
117779
651529
582564
500622
325798
111482
64397
511866
669656
885643
70476
857072
988195
55626
627615
900753
246152
975249
263744
784029
82049
377875
230223
347133
657531
433594
599935
594835
293906
202900
744980
858707
239889
421253
579609
661189
696212
206568
84191
974832
432277
843563
215762
428475
396381
724433
603224
850244
312800
257991
439423
510956
792942
240395
939399
516387
557442
338570
218736
699472
2762
574544
375625
814083
274265
974458
241823
489659
282376
197806
100331
7489
761059
563946
937975
120489
864570
626203
366259
121417
43172
944859
865535
609403
13560
398725
146043
663679
858108
741753
237166
471326
627563
484561
833677
219172
854741
845301
772070
192214
923895
567908
525241
841190
598116
634170
499293
723380
891745
998406
180917
965179
72254
660283
271642
571062
391565
444893
35185
989545
852251
63799
522928
680294
559483
657320
896615
155041
445934
713276
310164
362943
570639
700018
909550
234784
69486
679547
898771
929703
826707
620695
893678
731984
77445
783178
820475
690539
456739
466797
258543
183342
340677
86906
931347
591617
73478
195161
66551
802442
526029
840520
92964
638049
512470
587961
887126
543124
828332
542698
363193
866398
926795
736206
775603
89177
169644
993247
26026
974939
244241
958464
265542
747293
469433
854108
762216
1718
678200
165308
763442
327562
169600
728964
866959
134892
826706
635581
152341
467574
727178
217589
316591
311839
218485
67344
826026
531016
938594
539553
947748
926867
465219
859998
968802
838349
61152
839072
836031
742553
313852
199600
720631
806318
117184
704282
608423
755655
719230
292212
553715
387642
596775
646350
852800
761453
710686
905436
882002
385527
745191
688288
533593
835228
535895
99325
534160
366547
431246
388953
224064
72060
412994
123393
58759
822240
542555
863324
535069
463317
20453
928298
742213
522008
850201
766515
610000
316608
246902
86720
250169
463548
679964
764356
332771
997058
659271
934814
201511
715319
696413
47311
9220
808057
100911
249253
640459
885898
81804
249795
203207
197104
770950
771739
299820
489359
849855
329960
627195
259464
805387
319280
720712
506777
767195
908393
760793
53143
160291
391574
822957
61919
203376
952742
785215
225719
772415
96047
71907
971256
687628
827348
270107
747192
299518
193867
153157
153255
307239
794011
647471
108151
299607
224822
233809
85867
497273
622159
489644
778144
158833
751035
464777
381006
769037
546145
664657
703404
462892
107235
385312
717031
983885
147106
108381
653309
285917
310007
203657
904818
517738
460237
649939
690590
268771
122777
830193
594815
100656
904086
524076
161533
366075
110141
701202
544424
889303
381987
209372
943382
744104
731978
321919
497093
12267
29779
725470
776473
323414
604152
571698
820448
953294
766377
640605
817912
55499
283456
641162
204983
266792
560816
697219
86171
874871
171993
6733
470275
106351
178023
148657
953639
976767
147017
885806
864263
268711
849369
988549
152820
643732
383170
869250
182627
377641
846183
49339
397035
938971
197247
663905
426814
639469
788976
807448
537840
34219
272154
733537
405851
485398
684725
295175
407821
501547
152984
814454
286919
18294
234112
501270
688195
630376
160298
669630
957039
396636
758286
931409
847427
39691
665358
531852
700172
221766
693807
641314
360667
754211
379096
789335
209608
505934
475455
855098
293733
281142
180824
199621
882555
776815
391449
118566
404826
437500
887809
841946
990220
918692
156006
431011
159147
625762
886452
617384
726010
58091
980854
711197
435025
72878
345085
789724
42514
796971
53806
590182
938570
247159
63234
690009
332177
383220
198908
79802
660128
457492
246256
494901
528923
723910
178774
245895
2040
861127
112373
615609
492917
366025
77302
232852
563882
577901
964517
393825
691347
73811
300781
17620
584351
