783580
235178
561760
242452
80045
18956
514852
187680
773686
300304
936464
589613
592300
132673
737730
106601
450435
963873
309817
149752
13526
521397
869281
633505
548724
93420
464568
192220
502669
796726
475386
950904
57920
810605
265731
5010
330854
699292
551387
617290
211198
780654
223707
517425
842348
114475
727462
808331
222920
611126
218363
25409
123062
633454
211457
398062
938030
368200
175984
593236
237665
460620
333248
895129
785282
839747
46227
388728
468680
60256
31513
186921
566658
674861
965907
350339
861811
706415
64031
914809
438497
38656
529906
513292
460472
626609
929648
695638
242202
560786
899591
770959
942821
958180
494914
110145
662962
263257
583275
361403
911594
343114
571316
782638
745270
465818
247395
115116
169030
783146
412560
932688
811987
396062
125236
393069
220755
36154
380302
97444
26400
594492
46912
308710
767750
897806
998503
445999
218143
122786
165831
175461
72974
882430
904755
707453
92687
871787
839573
565699
297389
861926
201442
193475
717339
771367
409972
769190
94527
887889
332167
637994
500867
955191
335102
557710
30896
957653
674989
924407
213162
724008
512449
884659
118508
300887
834138
59851
739903
807673
157556
729484
926024
962395
468437
387095
531074
399855
362282
273223
622451
902209
797796
271208
714045
581625
103007
373640
125200
305421
839873
578548
260598
368203
544330
641904
791008
786295
686856
514672
582370
814184
415255
645042
568566
523207
420959
30378
4103
879750
67943
412747
709061
732323
405738
74682
667030
738791
877998
770435
511117
542617
743376
893882
967547
81242
950443
131650
590969
726042
165973
176624
310262
778831
267085
565956
256332
590132
556817
961584
778728
606627
12227
645390
51640
717006
671808
390654
30055
478086
540900
760633
420858
417574
864640
485685
427003
300585
76663
333840
399393
300521
419187
482803
203877
102779
430921
208242
120430
644265
148317
166561
628188
802715
286145
160770
972210
75184
662181
728261
792873
645062
111829
75953
326655
488247
268874
136728
350076
200171
691149
642925
710928
796165
212889
302280