481196
190402
7386
78566
119319
708689
8460
921834
77876
798672
288082
217514
378986
965161
210168
167605
284782
889506
374983
273332
259289
728874
282784
147894
916967
399794
281119
420603
126389
727220
268768
129935
182932
992494
989586
936895
980082
996416
752720
895999
419425
749602
465640
163262
731131
862128
564200
938682
747326
608409
196864
730
158870
825466
547877
707257
906116
229979
926358
952846
324071
164534
900038
80425
445271
421849
429558
978002
938873
431350
572308
553617
39448
783677
580761
419528
856327
306892
183538
796689
503617
562112
979800
555923
185079
388105
363845
224824
488544
360630
213997
847671
832172
99246
901149
7669
638897
46571
507814
606451
867567
66793
596614
978492
259056
561047
232222
757796
257691
725682
661998
696693
49315
205013
584261
190642
96933
449860
206015
318587
574064
684518
718167
906736
741685
713235
678097
453161
333880
871254
535579
413309
227020
679167
416316
429202
748260
136790
852891
368843
721304
726506
419949
536350
279218
248794
620838
783567
313993
413488
611871
88275
675815
206306
315856
292845
573262
854400
970657
516478
901764
661112
405361
506924
908726
458605
353622
876852
757788
154385
566224
367134
40159
610271
211637
58588
952106
399883
523529
293287
962331
719867
318066
68372
370143
409763
304345
543675
380100
641825
448179
26123
238064
211060
88691
907744
769728
786376
886410
418274
335142
226847
539595
71999
611005
387402
118648
60699
886163
193080
911755
146049
308016
152878
579683
258043
839501
326179
188616
317451
251557
288203
820949
798954
767760
359597
782750
497512
772798
755885
958821
130406
124401
240652
936541
853307
890534
205281
903553
345908
186423
621513
86112
809628
229358
156995
62743
88393
507002
804089
561400
583177
999271
53862
649369
820476
820758
73815
466049
342068
688050
250848
914968
144532
769404
278393
104083
989847
21941
11337
474925
199579
170187
884376
620366
494090
46465
376840
928400
398138
678758
69011
98347
980581
705991
763549
659418
272102
679727
299169
538002
458169
196104
225565
323056
42500
211648
322068
203334
137028
52079
39936
331734
214172
303753
87349
508852
843451
50357
64773
711291
215965
833828
870387
890053
313430
69823
385520
324477
52942
235203
7716
979045
219041
913212
884594
443978
458301
979056
461376
988053
175687
842659
725723
975728
88092
755399
11549
427290
7001
295195
730949
353416
415210
792305
792978
700745
576109
147217
353590
917749
376712
173494
806910
398031
191151
464691
278285
997945
224354
428773
797322
261811
659633
279064
363420
52314
308339
836779
444338
746490
39610
885245
113775
268652
280257
19059
770527
550045
663582
630483
192121
416089
595711
949774
892099
158742
277328
858143
552887
897789
29009
481485
900708
907547
424133
428728
784121
408545
692240
654473
151929
504022
621682
81975
337435
748539
325093
932029
405202
58104
440492
807901
609639
810400
776656
996699
714382
195356
267057
997147
48350
684556
863518
343001
893718
493787
220673
77876
133815
292866
816087
838582
846785
590570
854346
921025
916835
694701
997818
514633
60278
449054
607929
499302
414292
934569
725555
330483
778074
179004
921651
609365
478098
786888
382130
717326
956106
544309
366891
252347
388582
317935
39339
12203
56980
360072
851365
62338
53854
155894
890705
520914
50525
664066
893747
76213
677591
628170
784273
565860
529168
789074
854653
955221
271534
991504
973652
745199
476040
756530
876373
254333
125809
740617
431447
548605
524419
229783
160031
675878
214879
565263
723025
121226
820646
672731
985703
436979
576633
917152
810492
778929
214636
74271
617468
583564
857688
384678
969812
810776
104628
445706
144706
413632
877768
343794
569645
251170
510432
568619
655167
854186
56079
237158
941195
915766
710589
85082
619770
396413
660215
960125
146499
604449
134965
257728
608642
120242
500254
44851
80391
771093
710207
297736
415140
533990
277137
914987
716059
883837
703126
428147
266437
602378
707969
71446
861657
50983
757110
240590
340383
61739
781543
621765
269031
349384
766461
642477
806165
626956
281365
212764
491452
656782
207569
671806
527870
318009
321931
926085
914901
235489
502047
839567
356611
298755
185247
34150
588361
321222
648919
536702
408531
679785
24617
683659
897384
519372
312069
343270
20934
121389
758805
490414
632539
775946
198758