195760
653701
163818
243307
83719
522476
303950
296819
429915
363567
123552
246944
30755
508602
389314
386546
116739
577860
714155
771083
285237
561912
964072
55575
424351
264338
847218
39067
321321
572342
115270
183286
810500
499643
211710
352862
261163
19076
119829
293366
558763
733543
595050
986693
984795
672216
392669
903854
651598
924216
602025
810127
166676
458428
842209
321953
934368
891085
823333
85924
421697
534181
238545
880177
937412
434087
583935
901002
429414
998883
477404
102411
313196
512417
407226
315133
495389
814099
97335
37924
474863
580750
982829
397597
678332
582064
763111
119887
88772
216898
436450
977602
971531
660814
479661
835381
954267
599663
334964
90841
341303
556717
74371
758181
792923
158515
660716
23635
586099
351057
410437
274784
963873
410061
254197
640513
112174
398183
702263
112343
881625
562821
38011
931848
22115
468794
588959
418226
956981
333841
36644
857370
933418
418525
398088
517691
146046
701346
383910
660723
250864
157347
980007
45596
39513
178614
595965
37842
603469
715455
227005
273451
140366
930486
468925
655836
538514
361960
841497
839739
911518
423193
45668
402237
12608
112490
368138
507227
251444
102268
932767
655627
914599
570239
234390
884981
111824
164319
748994
963810
316581
823769
208786
718539
385796
595335
776228
644021
424107
528839
150325
344722
970108
255365
333603
322904
593222
634944
825389
64537
454602
182796
615590
810021
581279
149241
995038
19184
743307
566438
627192
288307
467685
532801
261965
247891
716491
706190
368323
974697
609148
811275
6301
807169
254334
480084
198506
149687
6094
409455
157542
230172
890645
311326
670111
761344
587486
763654
484890
845086
432461
362324
625571
717276
589493
395465
124362
661934
993466
694761
63199
172998
475009
56285
462434
963409
171326
529302
861534
90932
644296
106692
76305
336638
232781
200892
951558
587996
902211
424960
296511
767466
921131
585938
44460
640356
886777
863686
202371
640714
644367
932009
204779
304634
384560
342417
746302
573167
341548
815263
177531
510499
165341
144358
836991
468000
166933
638553
458328
259433
557285
185538
415931
332717
839890
51257
823496
461503
799096
425610
543514
184664
627599
95921
259731
986218
655379
961919
719938
883174
366418
701066
764902
713743
792889
93638
865600
815570
957150
903555
502637
65638
716087
674889
255332
999906
247338
275705
468572
590185
77501
615228
683722
746136
915772
791294
349216
253292
121086
594950
461001
29770
138638
628609
799044
687755
381798
434078
183116
267577
451021
100500
945481
812983
631639
164700
685078
257208
874155
73823
726715
682613
287662
18506
57243
214114
17746
517012
489026
813555
890290
752854
65642
680660
555962
538290
220044
408861
385827
887600
572022
347970
922986
100274
528560
365025
118057
521746
653190
841171
45682
420739
584185
108680
83554
16798
859040
463033
610116
671965
411815
791491
81143
124601
970512
304439
704681
133577
586470
103171
125446
873227
980726
23353
256847
219520
410985
848935
759417
26903
922122
742278
680995
467677
797683
852403
648018
829663
991615
107681
209611
113211
175470
428318
882238
977147
969969
109474
314324
709642
869028
590557
75641
593948
415448
574041
132956
836930
344218
745358
805673
817401
785523
498640
659442
888294
125130
91583
727661
184374
346378
293017
200404
27271
68359
158909
291164
421430
497791
245344
54137
458996
124951
755869
796736
129977
56246
181106
197958
129068
695515
77794
731181
525786
921116
363802
334356
657770
246898
500928
743736
601536
314028
214471
42729
885313
817852
719507
94615
380542
175690
991846
384729
700233
323033
955076
929226
61871
830099
963025
717771
978808
739363
796504
138874
903002
781773
143130
756327
142312
160440
188767
480830
666877
396268
712283
722594
666668
986303
996442
791105
561913
428982
236862
968978
887124
970040
981439
218085
637466
202266
637756
278144
53826
714896
750357
722528
410061
845269
647509
11211
387672
956280
774868
707305
850703
824009
535942
280182
354750
651877
901540
388091
513190
171448
393060
764470
639148
834552
357623
854648
405296
411777
694272
569368
590866
921653
939001
148290
115089
771389
676413
842237
291359
472808
951115
522554
644329
863301
920438
289926
702919
380293
498499
629708
117899
293325
85364
355870
119881
741431
737053
972921
76973
584274
481826
642325
256697
362154
397907
721751
900040
122283
958169
750646
502276
689590
600908
646262
449503
586590
303966
888928
444713
907628
322896
548488
196949
472185
522652
958004
631140
138600
787961
448812
45096
271667
320034
192676
505536
576084
989891
485738
845792
619305
889986
926536
544642
971762
83248
977604
855341
167887
793919
975055
479850
545292
676563
990970
136649
462761
24132
165696
758685
137195
281424
205365
148853
876317
457645
770136
908462
526484
725303
408991
44578
431070
653680
895327
10346
519931
368079
317915
399920
276086
485147
589535
849921
451930
824961
712333
2818
26552
53166
226635
12623
547816
79847
164822
694889
876548
78994
390912
339095
791022
723629
768271
742727
271922
263393
12747
185396
250259
90128
473191
35250
578638
818497
26381
261013
988818
265805
388426
73038
798440
957863
105081
10847
161694
579238
468309
403165
769901
166922
921985
718428
279954
596469
714595
479426
826359
240410
675932
991762
587534
16090
79873
423475
737205
750138
859063
697228
502453
237512
829252
158571
609841
869965
555447
6342
372138
723692
276126
319307
386191
2000
889800
925979
449707
687315
974485
878324
71502
194662
948371
377895
893938
110853
129392
558204
964658
39633
300903
975054
855073
311615
323183
736108
740472
429325
196520
111884
931177
414857
212676
943970
957940
993542
620641
736381
195687
879646
718695
123
894733
45518
398394
831745
913516
643084
937765
241297
161459
336960
767153
221137
939934
648691
118994
825122
87005
983799
769553
563939
108049
241557
569724
65569
369018
634453
228457
807659
700938
111494
966331
345889
798351
197987
255870
661204
699540
510270
846754
905684
583422
281022
61157
965161
953889
415901
953264
407473
552190
849876
948816
796777
360190
662986
340150
801049
954596
85420
337989
359860
131015
868153
650127
143232
134157
59175
954790
367600
843796
625703
512279
853761
514020
910417
683808
408437
397112
916334
910853
483778
921147
720738
371003
990422
990587
346404
379370
861393
239285
189127
841316
283419
680103
113032
381713
717354
646911
540106
5498
499803
992320
880913
347963
907298
667573
940629
997788
892304
330730
117555
681505
662336
466428
223587
769306
80050
762435
454633
595971
100829
659105
188399
3843
635145
911781
86382
572257
711504
928219
196243
611826
485090
140106
892862
989439
904461
240162
433983
787814
331788
300334
640518
58198
709465
202150
826978
415866
680294
378432
851418
677683
535778
277466
873542
484393
898035
673077
23035
189090
56067
82746
782360
599586
934429
766769
544276
469374
322415
540422
165535
552473
477082
4149
901520
574928
453982
567528
154980
574583
204022
834125
311830
535260
736718
513258
211594
999892
995428
884173
837317
975704
544404
195256
825296
281671
564102
536659
494305
584797
637160
13644
412274
349521
67618
574064
286290
377039
739223
170928
531434
25496
243438
867559
383928
560981
862407
74285
789402
514741
172919
502215
883170
770064
205574
112524
142715
664211
719075
491971
69012
660499
622928
899373
368350
678995
113010
855241
598993
467932
263798
349320
705306
695766
925054
549964
392766
593880
285467
23097
760853
360035
45253
113318
806826
155179
290246
922023
414194
571936
699351
113865
232634
362769
756016
464208
427565
863788
868252
478119
871696
525361
735356
919290
125052
346894
362355
327154
943564
502555
878509
404854
393077
123525
950381
533289
957911
38192
808042
620191
928545
777550
614357
10842
708206
706774
485843
399606
817103
795035
600320
222814
817927
839495
354998
615058
115107
170570
221356
87735
520338
412786
109935
540626
857654
145076
234706
548525
638171
745857
998294
960633
83800
555405
899451
541825
728617
969867
670700
796
696973
385253
52591
554937
124187
408867
805735
999751
897580
304954
563388
129137
595855
776735
732814
147080
432451
316867
187996
175864
48292
531408
230997
586680
213841
596079
141653
123966
804052
321214
175876
960244
886644
109313
507631
202329
704684
311806
130358
768685
676303
358167
272118
797952
716429
653161
711736
359325
158899
200919
543012
835425
880865
517310
481065
746107
906094
613974
183151
850141
172638
533434
811937
127132
482885
927994
366258
924169
389535
588268
921817
788975
803504
984890
55116
858435
126735
798162
132966
601765
320237
558978
101426
662285
308024
739822
902820
547461
130083
325216
41600
654282
832061
794386
110212
566630
640710
867192
49194
677601
368660
919284
372825
273041
73293
233356
448745
96560
778368
14646
882154
611314
14472
686836
917051
530576
137862
423572
445466
647325
364004
25804
767351
324540
971335
435857
923428
29168
733809
72989
515387
441950
354288
146445
431259
275006
294064
857417
346878
883235
200679
716066
267339
679500
12766
431728
924875
274515
151109
583972
992743
758675
738270
362784
704342
605309
425605
996099
894461
288550
589216
871888
660573
410155
535689
595151
701225
717833
110924
809866
290151
125113
962216
126062
342280
29324
483866
906075
963807
367594
329962
446315
353411
297920
942065
623000
537165
112594
386006
899376
832759
874331
13999
310977
446574
326396
732707
649468
559023
599140
779291
455937
603123
562231
739697
232843
44040
65662
189030
753581
729354
362882
982829
327286
569022
866617
978615
779355
511811
600205
365562
428599
795954
780618
896461
683439
432972
885335
963810
32785
995064
316104
834204
141982
624484
154590
350467
922471
283175
167263
624265
2967
242981
524331
760618
148600
415921
611797
18815
194655
532289
589106
861779
94606
44977
747376
788029
75333
308476
762218
816362
677224
991414
891421
142018
150477
826903
910428
917927
474931
6272
874196
647512
472441
663639
180692
803320
623350
343385
334911
813462
218816
80827
159033
17445
62750
769018
792334
159872
707182
762149
434694
112735
354208
134720
843843
507514
442464
373422
64073
271355
482805
634686
285728
143144
156367
552400
316551
529369
792850
158605
773545
833684
151549
647552
841791
282819
426253
757454
76520
142937
409423
792740
233556
173701
144641
698961
26083
459002
788839
475435
80786
253983
442645
441742
445826
401092
890067
783918
81133
351667
796317
100580
398473
230959
109154
218495
222810
962998
346439
465104
732840
480294
670976
105239
901372
621269
883569
75184
579638
992376
203718
700126
666658
284093
981570
834834
475436
909951
643509
564171
355224
11334
751330
900150
717202
723259
599800
840155
272916
170623
982078
3923
919071
331169
950511
948822
31177
767869
301161
876969
917813
739154
840494
941419
245065
115379
77261
278654
838959
497331
600607
208653
243303
149725
607564
430004
872468
844728
830385
17456
834761
127154
761498
103298
707303
550947
514205
785342
241396
510803
992305
276376
12351
123062
222468
905318
573189
288611
693495
750399
799440
751939
561649
676679
900909
174715
254481
516089
339982
238532
210233
163563
58139
188688
519037
987282
643618
303522
229129
236692
863537
162925
426504
720186
147645
298993
4119
305125
445356
565988
991495
589293
991545
309106
299756
860123
716094
131966
658573
645282
749268
362035
487111
921304
59801
804558
184530
906640
932489
171793
617670
866935
943807
127579
939529
103488
683825
755646
891139
794340
700341
58237
673975
123413
659489
906320
173792
58888
62464
881302
178776
680737
545341
957415
640877
460044
576736
989132
284722
687349
862792
893518
674950
379187
187722
844233
239740
185889
60834
56419
444494
331730
354906
794385
917393
410886
569270
728106
620214
407855
6827
33779
282512
714439
162005
2132
752417
562173
197056
514179
840154
428531
829050
849715
206488
241138
132426
100548
811820
195922
178243
587807
962819
481711
150968
374824
738982
267857
164035
982900
311813
624836
116710
479735
680518
324359
717477
508466
220317
155426
274611
710461
226750
761612
458598
461330
86185
664300
948494
242118
642089
353531
430346
998653
649978
657690
435332
162487
335592
536766
486190
33359
348465
622249
648927
155643
976050
178446
308477
875643
174118
963914
557439
712766
935524
923751
886447
936594
832953
920766
385543
287272
295979
550302
663596
999524
38869
832287
496895
421519
557322
325473
360265
585614
304789
476421
68761
401872
712870
95036
760560
363192
55821
615277
893538
534864
673161
362812
669844
386391
267633
49367
545318
856279
9113
338001
476443
144010
887013
313913
568489
548611
433698
577381
551842
932289
553985
199907
354600
184484
409897
585408
869693
651126
853350
659342
793041
382408
951038
992223
333791
961689
521570
10060
862398
649711
346651
365684
691576
903308
108878
105749
851486
534243
828791
577030
370363
263911
279388
421334
917902
270906
143861
957127
849267
362207
482735
837024
815244
768132
740520
483795
574351
86142
464047
776721
30121
279517
966179
15664
862524
382596
715725
803811
695854
544464
441014
204761
773972
6504
227889
259297
714742
806713
660580
196413
926039
564176
613823
214924
83258
204856
216106
18061
959947
703560
310003
16930
620930
35321
604249
888665
732907
677063
422681
280895
125057
902796
909318
546693
534442
316028
831266
627774
237114
281855
215186
987801
474958
458329
623315
811993
557921
879155
71190
855493
975036
930700
184014
839622
406370
400102
457681
432201
26446
665961
723700
470666
758981
972031
533212
596217
752052
759653
855129
445195
668220
893377
233142
705349
590385
685690
391984
524005
422188
585806
94514
876957
770417
628316
326430
708434
834430
284070
629173
738838
254187
327833
39231
536307
267790
112556
657910
416240
559855
270002
358349
515527
72255
42198
67101
893223
92750
909916
724350
757781
891899
337250
226654
19282
710139
501256
213525
857401
779945
716527
691040
313743
933438
362862
106543
615340
519075
898204
158947
328522
906882
309212
122530
215314
778128
18027
14801
187047
253461
541901
945353
819803
945174
594319
166129
839523
726127
707176
342909
314591
466681
414016
132835
875450
289159
111060
727757
497246
766685
528635
454766
677699
164579
753492
618038
242775
764289
830118
394011
121549
199330
327110
152915
157724
284736
23285
503667
408127
329759
551294
520627
234360
315708
548067
722841
80314
50036
673072
450954
864533
422150
706604
452410
708787
579268
196736
750823
611664
123763
41212
97802
308682
425816
286092
259504
201528
713696
724497
830607
354330
551115
271766
269180
765865
443275
580851
283849
594971
329584
641960
135765
297550
634258
913155
997562
31361
620226
586982
245873
613807
919233
865864
18073
374769
555516
128901
200261
869212
475679
638362
63584
396114
681256
365531
174239
293210
810461
616916
689479
985484
990962
684463
669610
718744
425192
251491
794861
897069
642767
319683
702421
369242
816843
321332
223141
215430
533702
192605
312840
994234
956210
901592
43599
956881
216364
775976
263350
47921
789387
73252
850680
987764
982451
310916
597983
412620
482746
77723
389832
399244
524463
740148
130550
650657
239364
130895
588144
112972
409886
475141
857244
870922
365476
133051
494532
690567
143719
895446
301332
612452
291823
254916
477331
479542
526018
831013
765868
714747
32280
298599
868765
274527
869245
953537
963174
787462
947905
618227
554093
520007
784566
138127
82108
996691
536759
913422
39967
69154
535097
581919
788131
266604
332700
737003
730360
44176
167717
19139
254607
359627
765095
681160
294067
444991
375270
632120
383356
630927
435915
372060
595097
409929
573402
535773
190999
836362
668514
758865
974987
148944
374970
987671
228984
688919
22608
59099
603559
745221
477209
376205
267803
100476
305470
77227
366988
917130
129384
883020
281916
224610
370562
615600
141321
788624
898106
149807
396693
517491
906404
920717
586700
54203
390725
131162
886873
620106
431625
629053
96173
71225
758447
513138
553890
12704
410274
967276
81649
751060
832767
488707
185036
394407
55306
70871
438585
880775
15590
610415
654718
914660
887525
52790
532134
85776
63719
708940
809231
657346
192979
355903
362710
526409
6917
128318
682449
688815
908488
25688
831638
881515
632602
101127
881685
852012
258476
502865
68352
153581
38257
610378
907702
970486
948442
104196
346888
490597
927975
264635
861794
712545
223956
683085
275504
58871
39511
150194
893391
68994
641618
440448
389826
39012
970736
961085
235204
925858
256610
520146
41290
965165
81299
33482
585504
312718
607624
311897
543976
314435
367352
252042
103516
741135
59256
764880
418898
603812
394985
940191
298529
585903
313854
539781
210927
888010
810415
192961
849094
358853
402474
74436
907868
232705
564656
954286
955412
906085
45397
257174
337317
591666
756244
994110
299159
989644
257724
960958
305992
519779
674720
959479
63316
892785
72343
512010
918758
216741
670713
199575
89168
969755
12761
366908
23680
60398
546625
863181
618318
691203
727226
475093
157048
4199
105592
598115
113069
763669
175736
859850
310209
590404
66178
99414
38027
596733
951244
391656
697895
264364
697723
976720
358595
423692
80790
274345
418364
492483
536184
339388
394120
67114
748958
114359
239603
648157
629066
883742
625094
311590
608213
672910
548922
580878
612825
467528
618483
294483
656642
568648
709567
478327
874796
930656
666192
989970
797479
144059
999593
215687
945498
600831
80367
350094
435179
586735
185100
756452
410681
128984
508190
50712
491359
243355
201158
125823
67901
303464
759905
676551
929572
25970
241659
976116
181044
893621
801027
824742
415781
55572
349442
534762
144717
827285
268479
141493
878029
528145
811420
174443
437238
23124
31736
328745
311580
341365
168518
526767
222313
984025
399246
996299
325890
149488
220918
607600
375989
322413
54085
50913
532606
572849
739846
387214
906527
671046
210084
486653
986494
712668
572573
587070
507426
244826
219361
775967
168786
569295
847441
928650
586576
806334
52190
160462
431901
109756
189389
395139
303345
728562
197968
382100
28311
695648
428973
539045
841344
184146
117201
154427
980847
266128
518927
4972
56296
158733
56854
667436
879532
596927
72773
125723
704196
49160
224996
78354
271760
707336
186761
919354
259770
720963
674928
823448
202007
138119
255178
122839
436379
703876
96393
473405
691228
582254
519786
551499
425051
384372
120295
230089
238296
850095
998068
527384
78301
68427
152153
970439
673911
73048
711385
805922
690992
514586
586425
190991
226634
40332
991800
764467
270099
381100
254079
290447
97314
114261
138103
196759
840806
668479
834292
166710
634749
376760
725700
948479
183599
192779
530853
985749
849465
60843
661171
840990
235407
275971
162847
512258
635603
456773
77460
838163
221932
128624
356627
375196
74873
817255
537182
988722
257688
489071
147982
122590
751774
984333
594366
519723
562576
430599
756467
293424
750948
136635
784870
793927
747894
93972
492615
845635
71027
838561
936688
510978
571669
217393
967030
883946
327163
419871
355343
561759
186371
721355
375193
934033
741639
894213
423461
22964
764396
967981
405349
691683
404700
488490
922899
62103
551790
581886
834834
658566
905676
941682
664668
110503
70634
847461
210821
858647
160148
347927
821486
207090
635474
345472
522471
935091
568269
320581
490688
301332
560756
450053
258914
228217
318282
110717
117875
872807
524862
635950
347877
430498
88039
140416
348040
250878
273559
770979
25834
199770
767368
708896
755675
410662
859269
836707
426643
418417
419447
603212
537454
42202
914592
430843
87277
234526
876762
5202
676692
667695
122751
152882
10002
683882
972357
599698
835078
451540
588001
719697
243337
485581
333115
741648
943379
696365
998650
160663
237771
512349
208827
83319
437299
782180
305650
943663
929315
596792
54275
306169
326254
163443
296419
430781
992734
292497
948811
892151
263699
368374
111865
923583
909886
804747
324788
872880
636559
970280
598353
938015
15292
892599
616978
222640
610835
111739
688701
789421
797102
136695
525659
505353
303891
343838
688363
776195
225101
854138
553540
687327
389347
629178
385689
710520
803945
346233
701559
514439
92269
264410
260581
15300
516241
507336
884066
924765
623702
393308
682559
204762
95026
450537
805276
873500
950652
126059
427296
185029
959761
650772
197288
191572
908888
888585
764178
604148
371103
337086
136325
559558
157254
451676
902128
982706
601052
330049
778980
298443
448
205962
760105
579801
755727
420290
6744
442747
469878
707286
104363
116101
19131
842428
656673
698391
970719
23141
270508
445032
714916
307493
662083
340416
20144
814455
950545
753415
695743
528517
34728
239725
814655
213383
273209
13128
868809
519184
468733
662566
658829
825800
950316
524779
309823
274526
539361
875187
305950
293745
464944
809019
480198
18415
338730
776302
177389
504637
237066
749030
369290
903183
823582
248141
614129
952043
808670
678858
451524
668960
394567
117914
84195
208424
513683
347146
564009
978465
566165
554707
376807
459007
765930
869184
196995
44599
865571
636256
827285
876864
28760
244419
389291
825885
431678
190650
626820
844844
557641
258674
686894
652989
893054
44167
780824
747026
31937
290304
425557
395890
712737
817884
181276
192625
228812
706109
394458
673378
352173
287455
533087
6073
212569
365041
196399
937993
782613
362023
815708
378376
187789
157523
62114
226272
175363
843119
532011
228719
221504
590483
118928
608997
921094
108568
74549
489292
615504
502342
189006
546965
160455
387973
962699
335018
868181
768512
820135
367239
296229
585927
70346
356238
946585
927407
51155
187441
266958
31129
251424
736039
922018
563566
405182
844431
9395
38958
631213
311855
348239
576806
25912
763770
577189
496399
723016
666643
548422
502492
887272
877055
803796
68445
339808
352829
85250
753721
385779
637775
610185
764360
738816
456076
832367
940950
469013
167865
13868
992234
142204
731122
146426
806511
574969
569348
8650
344908
349886
948752
112117
970073
711511
968350
510636
597573
434292
642294
150797
357837
168790
960307
925126
476929
900320
633120
952629
835796
755247
539418
217020
995040
267520
889178
430401
584636
598916
517225
406272
259267
477751
354442
415483
129112
823228
491872
382922
551367
841001
689179
930529
467591
489801
348814
800463
387240
750005
160935
488835
657200
79920
632470
477295
947994
297932
562280
508169
616516
404279
818758
603865
970622
904691
121831
330937
8620
274103
891870
345134
593247
426229
121425
238472
572344
973014
33733
125817
717763
601945
400358
918749
593292
549354
548068
352737
286071
20109
208770
956470
646486
273359
111364
833871
41976
739151
475691
750867
868669
531430
458278
331327
93206
831364
238030
528058
144291
61644
942201
661974
353095
273550
74359
684534
909094
75594
828955
812251
913411
158052
425906
696236
440833
899937
649824
411597
558414
602722
14059
443666
69063
582986
546196
893708
398348
829699
937138
200547
224182
986145
532111
628086
229913
169042
712495
534829
165343
459469
855699
12708
33172
3342
190562
403503
968378
983521
351884
731033
24252
485255
57846
178672
668359
271413
809387
47549
383464
551685
346128
736008
486379
425191
222333
948950
731305
529246
41406
134892
185381
562037
90266
754969
893048
171239
27039
306635
752052
643727
53864
647448
85913
656267
341317
476181
585022
547567
841589
586211
834171
563699
233569
70716
563300
367414
100205
885050
963258
848580
835105
646886
373762
587240
506415
799357
472961
895857
878254
830701
713799
682920
100519
432797
356816
35320
129309
190723
273656
211167
504808
536944
116262
440527
69574
596235
551845
27161
550206
312673
576961
122207
210497
153579
898083
637826
383659
76624
140730
511485
181682
232054
979384
112816
938713
702023
278616
486428
476272
849891
699346
551007
167512
99629
186560
195635
858615
510077
156200
829190
639746
714619
475588
769423
522306
699987
698943
578637
964919
252288
836191
613287
615737
913550
571405
753564
303377
586436
425577
790507
560981
266158
700097
261936
756018
128628
219426
70144
321996
761853
837680
895137
403524
307231
333626
496809
616120
341631
526766
756027
307459
326655
155876
655929
700931
639403
589905
741612
708805
533602
44686
123348
957515
460354
250481
67769
576978
803887
175508
499043
46919
186913
34946
481185
193300
397066
695944
973360
168905
363004
166979
140878
329002
905855
958537
712374
367616
948670
486442
889631
948558
814679
211923
380476
700018
415414
145679
556401
373572
792391
662578
809260
556597
751020
321990
860045
58643
526131
460807
662278
332509
445684
5349
178778
12747
471394
50893
665381
742557
866865
408525
694041
484450
227948
659516
810187
837696
429314
148280
691329
152892
228474
534684
259732
1940
644713
466754
877842
723563
555796
971701
904902
81510
738470
820881
778448
731526
905855
554413
33581
471305
989697
869220
443462
821683
445147
450882
231543
41397
633756
411070
18952
467819
709630
50623
596330
763195
837768
317337
162592
717922
519016
816172
533531
791116
890945
913276
801903
533672
405499
259017
730424
689223
528616
705812
711904
842748
199205
986081
677838
762982
201381
231608
724897
99324
647522
205896
284040
22885
62983
708350
225539
922323
563696
893234
609681
436792
204338
31390
696000
563727
930985
369845
23101
771670
470312
501851
443749
149170
527622
543742
492608
228033
812243
482523
658803
802261
401912
172948
955870
284718
794996
434277
448546
889635
770970
800736
514392
994272
234004
461950
599059
337613
297613
662512
156292
285174
2342
321028
424161
696356
592752
143672
900814
997602
385977
863330
138136
854485
358247
310990
923438
266139
315235
237052
887268
250473
286048
279908
702696
481662
561335
789573
532600
227946
801227
566795
293672
278008
307342
860063
168654
2577
287294
747708
167263
822792
355122
694891
560113
173028
859779
207139
221942
362965
582728
995182
561729
785001
686054
329875
674504
915285
481770
716396
233518
403098
829880
692521
927943
188478
468969
87424
431551
571775
139497
543359
750043
530136
441934
111641
375230
458878
908
624400
330865
514539
567135
580386
560163
898503
523678
504409
299365
210149
769584
952204
347719
143309
646223
181147
170527
606103
401270
335663
322372
247061
528330
240845
9892
771939
149301
439226
566973
744446
846584
290794
290583
474301
23040
811838
545875
876996
223393
771168
176010
786975
505449
368780
968133
369053
888535
200116
511446
799443
208553
602512
268928
634676
322405
818596
574384
136208
744498
230047
286274
54718
2122
52876
844640
659362
622850
922458
923784
861241
685595
951348
340050
522874
198284
404111
634227
444269
694443
499256
101245
758678
146692
718703
925678
804445
143401
233846
72506
744461
44243
743092
80642
572851
730820
85806
682916
278916
546587
348943
463510
715699
919962
330612
528078
919053
738157
506397
877180
3452
708742
196766
632827
774631
74498
766358
61988
636664
761223
84556
783008
125315
803463
832805
882411
328682
258530
879140
178189
239351
556768
407127
486152
418204
475532
194788
122408
901144
456058
601448
587976
16604
778762
617527
136313
657778
678435
892840
649951
507596
904599
446604
660421
552943
149740
553426
537340
939413
423759
501395
306301
297348
632175
669055
566755
301954
947261
593763
485273
44118
497710
594714
737018
351137
13094
190155
165406
572151
419713
597880
616755
844301
907094
898483
711468
252880
925267
884172
298175
200302
86706
862806
503203
190800
871981
280960
774337
983161
583576
738674
444677
450077
27935
912279
651539
434080
396846
679550
575560
53939
116130
620346
908076
588862
390195
472615
271180
19349
355818
920435
607825
519327
805195
820526
105944
162829
94021
785247
630061
589718
569165
947017
398892
69827
222264
893412
410887
846825
739316
301042
741727
879238
847657
671516
435765
430916
176213
663715
409029
387168
834022
508028
493319
232357
321531
995549
483534
895486
963626
695559
824238
603250
948352
487861
490011
719977
471566
513745
730283
590253
950432
112890
87048
95532
987400
354166
453048
465430
751392
700555
347446
203692
110742
885528
550869
672778
458988
130742
770373
619491
200763
103325
825107
342014
287799
168661
381033
754169
238159
476236
729832
95748
161776
134947
236822
484449
828452
74033
444539
778981
491922
659084
566110
141333
16882
520215
13807
672176
972498
745546
802773
782844
862503
356279
228594
591909
139208
435143
647251
209529
874480
281700
506603
329799
408518
528900
418992
129875
303308
562679
35344
269674
75332
655395
364959
706858
779460
391160
564158
716209
963017
133655
554957
992695
4456
221377
38950
367411
726116
711789
169243
983415
512426
957373
670670
802632
31917
506477
483199
461312
719965
399867
695012
104835
214603
513959
395117
382336
905713
762633
810055
326399
34574
247816
2287
202765
373739
42690
974081
670687
703021
633225
116897
284622
457883
180157
900250
675938
95537
661985
653413
444085
319744
65655
595965
610603
537308
522717
452022
946826
826
57187
750150
46117
997793
915083
242546
421364
440178
612675
336373
552272
738709
22078
526177
446312
550996
330503
925111
174485
746530
660615
246275
807869
113961
797809
360703
971984
65476
86171
376415
381137
416089
908787
391448
89310
430718
623840
580407
332545
774701
534719
67780
910645
237152
464186
840958
150620
591232
270053
280978
764817
666947
184207
946703
745614
804475
615685
391406
6514
508562
770502
888131
970751
719144
962661
150980
648863
508290
165772
504878
299381
213178
572524
732261
714883
912534
440710
396425
755592
525872
156192
424018
452685
511087
134857
516643
807252
388183
149072
133311
885627
588926
328633
973858
193949
23157
14398
973108
691752
130208
374985
400709
347013
278471
181196
406573
138551
593832
713868
8846
389494
632063
640583
758649
166129
708206
744737
914740
884520
735399
699343
871620
609941
107821
299162
458853
817510
875490
829281
123958
540750
58309
654947
822953
38467
697721
304046
750171
542427
423861
690286
260019
912710
116284
206820
16105
887319
284167
883414
937586
898189
364987
845892
612271
837606
592722
964705
893008
551525
405926
561149
490849
114681
978625
739536
455735
346928
405913
508630
795095
423764
200785
197992
127269
74137
626731
159069
714763
591102
779069
497942
186223
847984
943769
506035
411228
564801
495949
879415
872873
500042
954472
573490
455125
235191
620555
862231
597099
934013
99102
919430
435437
141375
263292
849140
325906
69992
397320
322323
708996
171628
398557
286006
554332
23869
288055
738363
822213
119090
268726
49422
583165
411090
47239
200281
106430
493871
390581
92994
365230
561121
785323
186958
449753
749346
734784
740123
196888
813735
497856
375785
140936
508110
458761
894027
164927
560201
129869
875245
161799
483519
410358
298836
580912
804343
451451
859762
502170
672421
991742
332407
230236
146499
960737
28522
241031
617110
727355
547556
292824
950493
146013
80572
506808
759503
611630
745585
411460
434178
276427
59137
62260
794158
284675
53232
578117
610347
245458
829109
957283
838551
403347
777227
549428
72044
770268
475086
379809
960560
553436
27184
960977
422411
455315
595900
91522
410982
81030
979611
841546
266488
491231
42652
909450
699525
461633
175188
252011
731139
787712
598154
405109
689505
328459
482798
189461
250457
16399
898619
954648
377508
73160
328693
33902
635068
614509
604853
36278
993879
773226
391018
958106
249591
849231
436346
571387
318398
600051
191348
888930
593368
739807
362405
161712
32982
823123
523203
204225
176933
990294
141074
462464
217891
118053
545316
562226
137244
583623
930634
128011
484414
639388
95812
445209
14046
263575
433678
827307
944667
408946
812638
685782
46374
580470
120136
549310
123079
426012
121342
649663
130847
713440
656092
809314
74594
141986
409111
881650
797792
20426
365705
334833
668514
481030
214287
531570
239560
734154
360803
113684
321403
806597
58406
85989
129894
164453
960082
779871
43348
198836
202781
944856
194742
411665
201894
517195
76762
786618
807345
178498
472914
623044
341217
73461
208375
775052
355626
720186
37245
765332
116689
556074
997305
339429
880341
163975
384182
224152
543011
777610
904657
639576
56465
674584
298814
319432
439723
644357
448067
492319
131140
251807
282287
33110
621880
389937
347319
470401
602043
568811
42148
250397
68180
657079
131883
202086
334455
933821
163332
521108
519198
91137
861170
277958
138317
594758
753976
74731
113581
775255
90560
721702
255316
35027
826139
661763
558119
700777
927299
913283
31993
696081
380139
532840
414750
505258
227505
618393
858035
924376
283033
458854
27844
706961
267893
532143
355957
609456
940446
673191
297839
215269
647954
593241
436960
747692
869217
247878
133356
473421
288893
604001
133804
21955
434529
485104
875124
677844
432174
689811
625331
129999
773198
706824
343962
417352
293064
425010
20404
280820
516234
163589
895607
537812
559235
82054
626385
36561
56298
23812
481950
486014
192714
235249
754518
508153
83417
71264
197129
403943
468127
939861
662498
429830
679451
992355
204668
975777
270248
42978
308395
735858
686751
854935
258752
967414
208133
474521
184598
74144
180621
105957
123196
249911
808069
28206
555693
511678
291356
849020
871560
803936
308827
843769
619262
662325
166950
314447
623588
437697
951850
709777
103582
77800
322131
547348
143138
488642
939632
751142
266198
327041
860287
920464
856249
726310
769397
204049
988007
363465
174372
122273
8098
336463
96822
641700
192496
776626
421733
460176
219503
428589
540219
654308
406205
17141
741137
789992
168030
645108
752953
112641
759460
906441
163767
925496
994852
415379
803168
825623
573928
404315
84900
966342
963026
85731
735687
511368
989496
766875
240554
474075
762870
893265
59874
306027
625246
271346
903884
833242
648989
234267
595862
465325
337456
570881
790897
569111
861142
83496
718619
142430
232383
349666
495006
154574
530082
915701
685588
962613
651922
450130
475787
100251
218635
852392
267027
858196
223776
806153
350061
34331
195101
929989
522911
455740
752854
308467
826127
280780
371057
637707
740686
641149
802871
786008
460188
859672
273585
116233
217139
821881
872774
672410
129773
126519
979363
42892
274838
19026
487439
389938
911803
587847
96866
652414
267378
937515
71793
633308
373160
23603
136662
377862
117595
867907
384015
937236
134239
337658
811842
192120
292406
252017
940393
701253
712869
900888
9503
637003
916890
338858
568950
155607
892974
140054
553030
584914
163185
558859
117466
353381
46950
856315
88849
43196
31996
207962
517833
549884
139864
360824
862489
356952
131690
603798
978937
843969
161823
774901
960097
289467
484779
714971
859295
178558
550398
665813
43664
825180
769909
807586
799671
540226
219530
547678
85605
785416
580490
978966
339033
485945
629100
159813
119758
998106
622401
646921
456728
732724
604137
489307
26813
694465
540646
404872
800085
967198
626501
756989
933103
19443
413225
562622
371617
55607
590431
234170
577793
132059
250678
953308
