823918
741156
683066
883764
855785
917263
859083
497958
896065
729980
164665
202400
640689
377242
778067
938856
951785
710359
341181
383581
922530
933109
697141
744731
687136
768229
138563
580797
913175
487168
158093
194746
856979
213216
488998
964824
554810
71508
593485
911831
940000
217052
26964
376062
481072
683725
981099
668820
859982
848148
357192
23313
693652
336745
80968
946642
730234
666697
281969
890993
990494
962772
217308
203302
626640
310836
790810
564025
970184
439584
589810
730792
154021
333490
520213
495988
553272
354569
411705
667834
577040
856202
352255
635273
754526
682752
607792
745193
14076
990542
487204
268227
637129
848867
523342
52029
553730
609716
411382
862305
224638
379039
958498
116115
682431
989765
938633
985282
149356
968515
457574
775300
759222
118635
508389
170628
924301
520830
857071
283201
546241
408179
907185
354848
117467
783296
184024
982338
241285
786206
808570
597508
872247
443639
415306
334575
924658
924504
473758
43093
802519
121333
754068
418143
712642
921354
941593
173600
635820
396309
775446
546448
821986
496666
90896
544761
88593
493282
670403
909786
621729
468691
193767
286112
101290
52380
461737
996341
41190
228774
248256
527513
572004
500289
259409
466612
434603
220867
540976
600656
92678
392012
289121
929871
616920
686988
265854
693772
360242
227189
694757
135694
988794
519134
222123
24393
827234
181964
320977
753509
744754
689076
920384
13950
506556
360132
621153
961160
162835
911688
837801
8349
126216
861863
563455
303508
181287
941905
322312
513406
20126
662890
663263
725586
257555
762424
208117
281763
893368
864979
921262
103437
361806
533098
132279
452603
11427
879859
484360
387717
502782
846861
774961
369284
984109
223033
270668
618772
408351
843836
708386
757935
194405
908139
598274
285113
68040
288968
137348
898145
92568
628728
721206
950512
553831
430892
724377
817347
422500
804236
714382
609004
721806
191747
649251
766427
686275
660487
15814
923047
842045
196436
535457
286060
669651
999358
898030
904345
844413
690051
70116
554222
241235
160741
98492
186561
757697
284184
983591
713072
731123
25203
369526
805263
788276
411552
684835
455042
572000
190966
378966
453721
230803
672703
480323
137919
177429
744116
94264
707547
958396
833472
74048
151475
576065
427513
399758
823141
224881
550038
766920
197343
40607
394224
464350
887328
531992
972162
512
861119
309452
677658
864705
137322
282662
578451
595950
68009
761426
306392
322372
382646
359451
863170
421987
931922
526399
105449
832732
873954
162148
637758
859249
365482
747680
775574
488272
664243
640688
610441
429850
753440
941638
598073
274295
448343
260954
229463
516922
732345
284720
538562
13522
411192
262716
349502
72535
947855
668144
629995
491219
62902
774411
722738
676646
349206
259263
993417
892925
622914
745265
294024
480038
657022
64637
220141
721342
468810
344476
857894
210463
537730
813323
211341
363756
651134
218280
720782
130234
971430
162099
480794
92577
374510
156942
890453
637088
606177
297802
48597
32863
799291
638199
912390
678000
785639
134509
827683
454969
687396
411533
315162
892147
256766
847984
741803
653606
596294
785719
572527
474158
34895
190959
764941
134267
275932
988541
714240
939656
776609
261636
349223
169123
840926
181278
871016
861125
288302
953300
439358
156609
302374
325536
477753
756854
279435
414282
878317
834555
965769
313483
488828
328168
946026
160682
711657
188729
900536
78762
572652
957960
84303
632489
208354
995698
957445
562409
254804
472692
965343
987476
66542
933238
184896
125875
964639
791132
4208
997334
383431
427244
263117
24101
150107
471385
504734
82417
765035
127208
88887
968586
487801
192963
478620
232271
160180
669235
538472
865298
865301
559376
995609
134712
456930
908753
680630
217642
18130
171862
891430
200252
562856
169611
154128
988594
906496
633536
261051
650525
19857
645806
627404
81030
93800
590298
191120
280419
492928
827107
580971
673992
794093
300595
842670
273130
422404
76377
325569
948458
527921
610189
227905
888914
227516
985702
770831
223696
347324
353198
32158
17892
884837
281445
346024
468569
17213
531161
882022
380522
540753
351545
283274
993973
946918
599924
539778
52609
752339
411028
937940
907588
541688
164421
266246
704223
768185
540226
184199
432044
24596
284570
487080
428201
400552
717491
985036
749091
500901
690770
147684
439977
98298
343469
836593
524719
351312
964804
817863
549361
437376
40135
161978
347425
80084
367235
221840
589376
672695
367951
254154
294603
553286
419065
223341
515530
903360
712424
241094
704504
345817
541593
864762
425128
959155
734140
683790
760648
543362
766444
758530
601419
454636
892847
101123
787102
80078
32327
37072
639138
873926
204386
671816
879120
457203
516939
520368
707665
19273
452412
185932
645187
769445
620036
910923
370257
412352
425004
845406
197711
121660
267049
318148
946173
296417
333106
790671
601229
816048
546229
213038
368371
884593
447957
350098
539987
105843
895565
131605
655439
693211
467418
50914
930144
624876
357635
681771
603710
324953
434702
739901
118582
754250
126778
22903
242025
347992
710502
759112
877549
931876
360147
474185
473275
359276
357839
281445
78692
592199
742741
223288
802229
103836
94562
378909
53306
442212
287247
739892
560244
104455
484177
599594
183224
238483
543323
346712
29211
536526
189469
775141
245124
654412
19397
226794
274192
748508
159792
666978
39284
65241
895474
426192
145390
402455
582453
83126
418546
509073
249281
687083
746330
753712
72748
338154
878133
170182
915629
676542
786804
574595
419970
913905
392555
746780
595062
201939
856910
985592
642910
413352
639927
809721
177814
816731
17212
720667
115523
251961
433593
481051
814236
66245
897734
279888
820022
985795
446021
793950
583976
927202
578029
934200
262095
299731
312133
765593
331509
758347
222549
331840
352213
977206
696532
38162
596051
199921
909887
563025
108197
489511
388755
713768
239777
593006
628686
11535
385210
20596
150681
884235
258296
408495
3704
466541
636509
886716
297408
843742
978493
908091
320615
40230
716612
689108
487098
979708
116006
614121
814040
879952
222855
102120
415079
890036
763386
251606
453784
516012
840692
379928
293793
801816
48439
530748
800224
201372
525505
124265
44520
56963
711946
905924
117774
796670
472548
495587
299832
97630
50868
118154
755975
396139
101745
371250
224174
126730
82843
856393
922967
905255
600130
192990
386054
52461
646446
729953
442670
238904
314513
237044
238423
943522
773903
613840
453128
194938
147395
494710
782211
16701
455571
981464
552998
194046
320270
755951
764496
381638
348659
471235
189625
797144
667791
256292
2366
172185
123926
720778
848645
769345
891450
908647
693710
770167
882514
230762
378603
955788
883269
199681
185764
821455
213038
290699
273631
790215
894690
360440
504077
961097
73638
991049
205911
424828
202050
894214
129360
441847
630836
671461
273086
561708
513597
424257
847824
429928
162234
382725
407942
589171
88257
313297
58605
729087
968361
965572
975929
303698
979059
542801
873602
306289
450722
851517
367505
192463
970294
698958
274191
600765
163494
224791
715099
107420
573587
609634
636746
461119
609961
38047
589888
297820
649787
472036
220539
795013
698652
309864
896856
144411
358061
359083
337248
252072
125482
471259
42623
39242
287403
863741
521983
613767
491340
34339
333735
440681
536649
186353
34403
696871
961333
847211
606322
266519
806861
872368
923058
659589
205516
4086
445607
729547
162595
987243
116176
620214
290955
258471
230939
919196
369666
838080
900379
678011
823836
821815
238041
23075
323424
833290
654121
62389
930801
80432
629005
336327
716101
176626
622048
99761
757146
470723
537165
521876
601643
267230
688158
132944
122898
645848
761818
296616
949168
266995
577982
668542
846141
501860
7465
16719
576695
844628
124022
342428
272929
101990
8241
352574
876029
568767
214658
490533
919440
993205
25640
579774
761989
451163
561461
507225
967089
798408
613156
979044
566411
949151
841966
937825
319833
627638
213608
471514
962186
208126
939311
421915
471506
38218
348179
736290
353018
787541
907319
283697
322253
38734
310424
580106
70786
167016
160546
981724
795550
657359
164379
520304
672679
823973
308999
243244
75409
582038
748844
131191
590312
30549
649564
174187
941804
476718
777771
166843
190268
495102
320297
332565
886866
247344
355334
506077
146852
250421
370293
412423
14077
304885
106857
384302
200922
205455
386849
362141
169742
351884
530270
397717
800016
807271
358242
392019
807147
188142
4561
300556
655791
93845
4835
528449
981283
666034
118561
628457
377946
685357
473191
729826
219747
564727
892697
659630
182471
328204
958505
245400
246222
63055
110549
454450
771326
403649
394765
523471
20663
50451
39610
433673
205185
717262
66645
161213
663204
896860
600304
995167
357519
170018
695265
423148
730662
295903
558639
258592
40090
236151
480549
374180
284725
673445
206864
690132
502413
152758
747572
938427
494425
311896
649383
945012
149276
747777
785145
764437
597420
83980
330962
449590
412347
779027
374463
985871
271479
17467
34357
883251
626306
731747
527546
821802
473160
5375
750794
67694
518102
801143
685003
61768
118996
231421
389666
480402
325674
325540
432858
549855
975244
67222
210806
843554
769801
657139
912105
319707
975095
424652
186098
340905
551518
461875
69002
447309
737205
745310
117153
732715
150637
922704
985421
559512
785812
489886
875447
748327
672158
561588
949561
22998
795121
843940
159595
294993
427790
58632
470199
133327
468032
714529
568892
150150
271097
510441
715375
820048
83486
35152
191711
200032
589502
784824
22562
748603
200200
14004
548634
523554
850630
395515
771459
357681
53322
881063
522509
952680
988304
173427
926552
633524
679275
108324
335306
119854
785952
95200
398200
843781
896996
579907
693200
521904
726249
570456
81825
379519
652728
602502
144254
355127
439080
120340
431
953488
495047
352282
255793
956221
661014
360012
546502
840640
776396
620620
376953
911340
775711
889690
55570
453747
258983
376489
765018
198072
65362
865934
420410
538832
821188
116891
57771
901040
149496
45640
598178
27959
231259
831729
862908
83386
29395
38385
878050
613327
713236
709696
740234
97859
124410
340067
972163
101249
312201
316185
982910
106114
36575
369918
907529
118035
608263
313330
799270
781485
200949
92476
896273
777487
765022
571482
101330
750721
857230
355071
991800
281398
641821
364296
613973
273406
568037
58519
993296
393176
416547
36670
750100
366281
256848
161374
658486
817447
532830
945181
15064
970605
89390
506370
435557
844427
612704
318047
559724
692832
513260
511700
790068
785312
389915
59171
443695
58717
988116
80833
16776
337486
718017
562091
329513
28362
832774
829081
33717
585707
245138
115935
467864
882482
645668
516655
843153
371805
850613
876625
245417
725939
164664
891237
98695
506515
578529
442569
707931
887629
41186
377917
763427
277024
720044
548774
517534
581245
701243
881317
993669
218428
210667
855522
394721
662513
830326
256835
412501
670658
844212
48851
976102
302254
900944
997939
469425
61466
829630
597989
956989
754918
732253
607757
120799
446811
71254
878024
768680
591436
350435
576686
204227
882382
366348
163228
574629
662788
33706
662023
686790
707921
448876
950411
391940
534843
580419
528130
20353
600053
582741
690998
596531
713902
886074
306115
52707
158688
897464
775241
695197
669556
190535
910000
924730
53715
650276
294574
19679
155386
792077
803070
858451
515011
579961
396603
303335
586889
891414
47151
906369
275947
718559
217029
652820
796235
487936
71544
582718
494757
38042
650546
629015
581476
502408
270686
6197
210043
459028
648594
815845
234154
813866
589055
14710
547549
306120
543320
594137
594517
45134
361302
303519
853498
740174
185395
981486
296450
207799
177859
657038
728673
634648
198458
633619
748294
300541
580630
148224
559919
515995
68477
140353
424030
95240
136935
545314
495
731210
903942
945716
964305
82431
885794
95550
108430
294486
308090
516158
783286
66508
413758
442145
932618
125608
727548
268469
780122
62546
170916
299060
652894
550725
548573
343389
619779
51661
816491
126711
615442
434574
505802
478349
768476
234935
576746
303550
778990
304172
709183
846308
778909
100501
763993
935845
971724
805863
8836
975367
260229
274992
24397
399540
708416
50728
607220
630264
740730
885481
321011
184941
499819
540962
551648
534632
105868
668758
49024
132138
49760
987841
779922
721021
457208
575846
375392
825479
206122
239185
406835
658468
394948
26223
312893
301698
288560
601688
350733
574528
353532
546583
956374
392124
396835
158902
21520
652524
44855
459385
378859
840450
147381
585034
856116
162474
383814
118202
968496
278907
530401
697850
503901
372858
310718
719790
589496
110296
848384
253344
26902
849686
64221
715509
936814
455441
68779
979399
828022
161887
479010
123333
507699
991432
616650
284018
197813
79864
241862
974567
860888
779005
139878
696853
950081
556411
612079
517699
548089
244198
254753
686171
735405
887125
992162
187973
922481
519926
505688
321212
501252
691411
28194
663024
303733
495594
853620
611780
28490
324149
391420
994612
636141
61516
931688
736409
748812
391917
791200
965483
987357
470934
963723
48139
991513
106394
399150
489806
616484
948851
117622
110612
378687
695360
980175
519207
574269
690301
954442
687056
66936
347762
944971
886045
24205
588796
7768
825389
606262
542686
500972
428457
231889
924791
834374
536822
18936
991431
982716
265953
910116
288694
968497
117885
972957
758350
663392
503601
567120
546933
684915
698742
265817
455754
739555
678441
406484
763546
920208
180242
173057
93525
444846
647114
381096
64131
93526
713454
874048
328190
568309
884563
890863
281136
604100
44190
613846
976414
918707
824066
47457
865321
291549
513981
677652
875444
4154
708653
220982
740907
853562
997015
136977
671964
894630
648841
346961
615341
547912
937981
64349
289744
432537
278983
388074
732759
226182
868840
128820
213322
804406
683266
162824
789306
291531
449580
291215
848867
300580
901582
88522
725000
494792
109411
726522
776546
870540
293441
698373
207406
438356
548031
510914
261954
561971
517838
696210
410854
642753
269704
37740
999967
608206
349996
388671
460906
795433
605613
805971
533360
344493
858415
656707
847524
556829
618364
1348
561677
125922
689545
431355
628161
523533
137447
806386
965251
625675
693552
182566
341530
630004
708840
866643
859306
437066
969282
57646
190640
747783
43292
140482
411683
832704
347976
350273
187283
613529
244485
227322
492750
207705
408415
587123
879363
706826
143642
740369
99484
424977
228120
712426
14595
763148
736614
898291
951636
504363
354606
260105
427591
530693
100207
21663
27166
254965
511197
881392
859810
372788
34256
573656
819493
701126
304095
768999
931923
820136
270499
639485
212563
850974
204919
143820
591901
555957
732896
63634
819763
803501
532608
668295
739371
434781
612501
310134
73204
629877
499033
436459
616290
594633
353789
471254
55493
206184
106927
366069
795850
586830
8510
139413
927418
396677
275514
708538
62270
505598
848604
993209
690910
93156
632150
525209
127030
762222
180649
842401
507568
312680
876218
870082
734540
956895
627516
250294
491769
969854
897021
777966
917970
614628
433258
910777
362795
320480
21245
96301
604696
415552
25021
142372
855586
543275
658619
273235
338358
139536
353573
527066
258816
722523
956694
446128
974457
265359
171812
334914
961929
151143
242684
763229
276124
58795
44444
625987
529154
396386
377941
256768
765437
537340
463082
552661
299873
170451
734893
377488
603503
269735
788703
4830
119268
336832
883614
642583
280898
143432
278544
439222
369054
51035
576121
376964
612649
607120
161450
531646
201925
815041
358389
248456
50208
247990
278223
422116
87896
793489
223039
727502
664551
812169
742504
446620
552453
67239
408090
213310
906275
367654
888344
588250
134514
646221
598154
605434
584396
569054
452948
610704
413411
595511
691766
648468
73923
476775
220934
197978
165863
452146
239751
475536
20694
572301
777475
79529
825937
25768
149826
340744
288080
887348
955957
627208
636551
317161
661951
660528
24690
228069
543495
500546
881084
705606
855866
768190
698485
713702
168950
669985
994992
119710
618318
806742
584591
787300
687812
311070
816361
105242
162807
906776
74346
338258
173117
243402
421606
627827
652853
931621
957653
674688
726806
671818
582570
748214
606692
718837
47009
633482
698019
449197
133764
428728
40011
517469
851592
567666
48820
424511
129396
995170
395502
96746
209460
337383
39528
754344
254981
148113
89746
589700
469839
298805
998075
652098
935686
973239
135671
831682
330319
984979
151239
185698
494829
518408
176508
178608
516372
85420
505710
447427
834295
383705
92682
32909
576379
540824
206013
648694
54914
867385
57635
687548
745782
775676
403539
556227
504210
879403
37452
409919
533145
716931
594763
897355
61076
596006
5756
337298
935746
58732
682885
843942
440814
134642
621576
232869
780981
696451
197269
694980
443335
834021
428951
656429
173289
627825
613210
479369
263309
58723
292657
733710
578120
417613
557113
156801
957225
641191
194895
762851
819294
984500
854874
109359
806788
457738
448982
666955
677838
165002
470441
435774
313627
419099
256459
461819
416512
893019
786473
125959
843206
788969
887087
105336
833867
325096
291137
196574
201650
459887
127811
311838
318833
543716
979769
681045
98236
449887
740720
814143
352090
118267
739283
579914
333254
555428
427886
99440
658473
830710
509695
727777
628031
634411
123960
499387
73870
2687
843238
113417
138578
209382
791934
686871
127254
634865
390435
973838
33797
771727
644517
544763
444109
930577
401592
985865
993780
329848
59546
352008
280064
297731
216834
582416
672098
444609
23489
338083
814098
270626
778484
733318
102168
641037
715575
420020
282862
776832
246263
270724
568507
817317
749640
967436
101774
673094
430468
522560
659294
525759
434551
131389
727093
625449
907272
207860
823856
173139
940200
37019
301226
892808
325014
11760
256590
358289
25702
689304
90947
51172
120613
420982
158019
929987
892177
742683
490553
830385
393693
776955
995907
848722
93335
938093
357332
800561
552465
911307
335150
771430
922498
462914
969307
600875
349018
18885
173312
943066
140912
151577
3489
209169
835962
132367
488340
18085
690686
637502
272671
499373
199090
528977
479956
94919
391184
609286
598109
199750
373437
651776
469270
422358
499679
105983
263402
565843
846629
972297
56588
308107
788737
639183
580952
540074
86283
940587
79360
781321
999639
60658
236194
342920
901584
347089
229710
718844
615574
200986
643400
797062
649767
440246
174177
736194
266716
801986
129156
972452
392609
500898
957557
175088
181180
525734
350824
69129
27237
603053
668572
971858
364678
191812
968638
488093
26754
974790
78772
694181
66248
423805
73497
881581
894469
132871
496311
953890
333599
744496
61259
234067
228426
342724
444941
423188
64794
35136
780503
31815
654307
347790
198087
799777
507225
484790
556665
938126
203440
782491
722809
922048
538751
846788
668831
363496
245977
327548
206596
375795
183070
837984
611301
427343
490544
70710
615856
89312
335119
957566
324580
978387
500440
153806
397188
666476
913147
950148
159986
478902
203542
229352
188486
662036
367837
197340
523037
401794
115082
722946
720270
491623
275992
74470
352044
718909
610810
146074
240853
463940
397781
868783
717101
990385
758707
453127
75822
179240
417075
829965
856743
418019
56899
546674
613017
77100
346683
829072
479403
551920
440105
821705
664191
391301
692536
12376
297872
748288
894169
482808
191842
997702
589827
741146
761325
584034
569049
582188
312068
282514
936156
91478
595805
59985
192397
539605
244530
502606
821715
828546
303736
277118
621419
414340
652718
714567
557366
228077
597718
467415
936426
693409
857317
316560
893887
107883
63088
356566
623371
915641
514622
441319
129392
491070
162669
809393
982842
295665
286539
771331
389009
671203
598324
198711
655775
402562
922759
627112
454613
954165
755757
548192
447419
52949
424821
359142
854007
87980
709017
865711
977315
359140
107959
625161
149020
162261
120507
57746
423252
865556
314370
61011
174381
960132
684530
686683
763269
418834
647091
243263
134370
894016
372820
197215
623955
177340
620509
868101
500365
343774
266713
855641
552172
480860
765159
461822
178805
914252
219849
1345
82912
128464
195079
727658
673468
792905
404346
150060
90836
480576
57936
148031
174625
969746
585950
642882
129955
165345
177715
949612
697810
326631
388446
671709
691546
648115
505090
996784
961516
206437
666285
286386
609929
980933
62041
92940
331576
418335
876793
385977
125689
7078
678915
111790
904406
51705
839868
146534
810902
858935
724597
241116
964214
673259
737774
786335
38356
436241
50430
884375
389484
480205
21365
402037
957167
993436
43776
66829
421224
148780
848247
340722
31353
397721
335446
963220
408336
548955
852205
901334
719607
293725
752628
638104
370323
118784
360444
842508
908748
139629
846209
515815
590593
676698
848290
191296
588035
428361
855105
788012
955705
576809
662606
677468
379210
664843
79852
82445
189298
256396
201197
357019
139637
695814
242757
761374
400642
796838
298664
236782
844390
751223
161031
750605
829033
717728
155524
574402
460768
993749
746838
528815
59148
378431
23611
184521
180005
7547
664009
823942
307078
341957
232010
513153
955108
907922
645981
8040
888456
256167
646030
112658
779216
632215
478134
97399
718638
719489
698005
959554
507054
416264
381119
847453
368256
260473
726823
49158
15043
428022
586934
185360
234316
343382
562402
504770
928376
252285
946956
46608
994691
652876
151859
727683
483384
74451
181116
709291
359574
147684
154661
164313
282450
722994
113595
610928
626718
691004
431599
879142
182816
493838
61008
117140
21180
602746
637736
143680
643241
566855
137045
371179
379524
399326
127990
308810
865505
857493
123080
503171
7973
970296
253851
858097
563307
325903
273326
884111
508136
71235
198638
312798
109621
620852
532351
905031
660288
918453
667701
515012
157591
700553
66662
766104
713292
768257
834933
661572
775655
354967
437294
26312
503649
240350
918023
481670
972707
384484
133042
367048
70018
53953
951315
202099
153032
31553
300199
940165
41565
776964
797044
548474
249223
571756
941243
576819
903390
393122
145416
699836
118562
714463
925421
202349
736109
568949
666907
165160
39983
986727
26164
551975
313840
166873
935766
64620
315875
216433
80788
909143
195904
81666
137235
219336
355585
91850
280610
150025
228491
588735
174744
549763
665473
469019
498762
658694
465507
957769
195849
271909
948673
766823
284790
231821
976479
286187
655801
445226
497736
707332
803079
458132
354220
570959
933198
249200
711798
855108
302678
440277
417433
475800
538042
838621
729655
123948
340444
441898
962946
747830
793203
385011
595436
492388
837433
294323
575986
943984
296775
690051
601442
928534
748266
737774
540007
143565
609032
906686
249993
103416
149960
956842
247437
270830
18478
528372
985055
919252
308906
443467
191739
876977
287237
530008
490168
753642
10724
496964
333160
182172
642953
44796
561170
552261
84987
123169
500950
339802
186298
40116
62864
682849
710874
802848
746317
245753
999781
383999
192571
857973
105701
779017
19397
248117
612935
846695
841585
43570
594432
849514
1950
700561
630000
59834
654885
774909
729050
372467
256565
597414
447103
517548
526418
970818
374924
380216
578665
379952
759894
467649
739697
685173
601709
436297
119946
106603
114294
91344
825890
952152
508805
933373
389320
571245
275299
190613
959775
919331
837134
527427
680236
107621
290095
651560
898068
195167
819132
339810
663982
279149
457532
318493
214693
242297
393042
266157
970504
255431
103852
203631
292207
532284
169705
472181
645467
228314
260738
414721
137250
379537
866897
404121
596694
622465
841963
839407
321393
940492
381661
345593
903414
833448
546412
679954
329012
641159
980329
660302
885524
154772
417593
44571
642875
598326
282180
5193
454507
282476
166261
766291
252930
159170
256239
118009
602080
300103
765248
187063
335791
74091
146539
309802
620385
449262
627782
137560
41411
795335
655722
80379
739296
155801
418517
770784
355489
145291
925442
344392
328881
132740
768350
822045
404657
284073
574451
861232
821072
381766
853016
640529
203493
671982
419419
200137
85994
401873
776843
640518
94897
422217
476202
401721
131235
880501
110585
183370
850634
645628
112334
257273
405449
228934
291447
599934
848614
543238
814761
867389
91627
218432
907301
127763
720082
822857
546948
79644
748221
323607
942568
759357
633042
298382
166989
249071
422094
355060
408863
560279
4540
350007
875748
504260
429996
860250
213131
17656
497325
165740
282815
294828
466623
496990
889603
770609
115784
837246
852467
671692
629181
577358
933276
117745
888558
141537
547423
631528
240889
549992
444724
859815
242126
276194
779604
92003
131432
710687
724065
605575
184369
536603
861828
979369
805892
166063
936461
207798
855045
14281
547204
868071
358963
289219
431933
889256
84626
963389
201329
890905
783349
246262
781993
752089
252439
173159
34752
614853
978751
491695
386735
38002
758813
477002
162392
536139
152571
749382
371281
74787
24053
966806
89224
569482
986293
920351
730222
785258
91775
276846
426739
700517
156677
549345
395432
424980
158630
891643
803736
488901
31913
233628
579824
878349
870372
534878
137090
438861
491692
539271
900053
6477
549998
795944
360218
94398
159024
201854
502713
366383
468450
638880
898946
474318
677339
418619
264554
15050
327000
492477
160343
522957
893030
898889
350455
786587
921779
721977
279426
880131
181355
168224
421611
305025
876823
933683
427626
556461
923494
775409
848432
476002
544470
372147
501901
185816
561440
131646
617145
762132
875475
998291
73638
573851
429801
313487
310965
552906
331692
139593
102016
890131
222594
655214
723953
194720
618863
929711
219272
755557
240016
263017
381274
402428
928395
984325
529686
455155
270686
9887
426228
952701
652523
602926
641911
303687
392895
279315
866383
297251
677514
319746
432814
120570
536947
120772
170288
190528
333673
263314
229053
675718
976150
705447
549561
394846
329744
939809
632381
626449
687453
468025
628796
397108
525001
823548
733918
488348
714638
96351
720813
582813
93476
426504
296709
220596
711339
323315
577774
463819
837898
807477
281646
11152
968109
644993
976419
26933
107228
848622
259565
142385
642310
178032
536437
542756
251561
444701
840217
639864
988542
615940
12540
843746
456756
579543
562123
119829
761410
524415
803848
122151
478883
497964
910949
307278
642565
614815
124426
85079
361565
315159
528279
679332
634884
959563
232493
349088
742319
231412
677199
610408
477390
850735
479707
12945
683353
727854
852454
481636
592599
706830
954352
328995
277860
82783
421460
99599
609708
358926
412314
838582
361681
97160
970702
299613
692452
545709
888983
384500
228863
641544
873000
665997
421862
236676
446212
926723
564487
520443
968630
307382
445475
892476
871198
471289
912696
699738
490521
542679
194755
68918
263429
88176
162360
767714
924473
199488
473215
658274
735484
187934
574344
840746
777651
794754
462373
677011
280852
743873
703465
542988
17804
351683
995984
978200
7662
282223
818956
370905
398657
265923
569911
68040
958998
544741
949445
498516
759400
433708
86142
244081
628692
48411
391503
49538
916513
380595
911821
106479
520964
903916
430109
406135
268611
512969
660891
303728
426646
525266
964000
218155
758745
603994
21650
222430
268191
373982
595633
40946
321102
19624
602288
868318
294040
526293
235764
369362
144431
997133
904790
450083
513175
974471
904029
869288
964668
589195
975905
505479
751176
742728
825670
892277
806693
871616
222553
461443
947402
597862
990041
132668
99468
958001
191394
773541
847565
820106
77466
972132
307501
459392
497944
127275
472533
889778
174063
975153
639233
676195
356034
542307
789069
901983
888374
527810
97452
180608
230451
765132
908380
559089
325673
493371
481730
546626
219927
103632
782806
291891
960387
78208
273799
509778
431789
351383
135331
404481
157956
235242
263967
598106
223452
118025
730860
790572
779133
34418
222233
692503
774015
217866
960802
955186
93322
184140
470781
828699
527898
335078
939204
254766
813703
550283
377721
654635
412752
632557
305946
82424
766568
551950
262833
176994
69625
558705
101444
574110
613082
278135
274669
9391
154332
382850
990258
3688
416206
649795
848811
812688
474439
453645
824568
728961
512942
509567
614298
736957
439168
432284
477011
47784
886982
440265
128456
334600
679095
263342
654991
536618
193569
938716
190262
506357
367404
530303
122410
215285
319469
631582
481009
344704
643317
628009
464170
943345
258877
530186
744953
439683
103254
713053
354976
807243
698131
816765
994715
828776
257390
677169
93129
316532
547068
279638
86958
645770
768990
651440
157691
60380
253668
690494
276862
52423
42520
309913
67193
354781
908988
279720
499668
55509
978676
454541
275167
119795
312072
22198
199435
432179
832258
884157
121390
620350
694742
348563
10282
901227
387062
173999
590731
601623
593065
621854
148347
963712
841036
279924
683127
323628
566721
777021
937179
533459
275639
597646
526455
700942
168469
896411
452292
663962
860170
487744
393803
25394
735825
313274
662175
23154
458573
550897
857166
275888
830150
101314
690228
393979
781757
418692
398560
90092
159285
562351
556566
426763
940913
388822
207411
471439
408283
417788
264275
28101
785160
453363
516075
13425
520837
151894
25459
309251
604180
452019
23278
974813
747817
86403
281992
419572
52139
667732
384559
947387
426684
438998
721787
29411
541264
458956
773114
463125
530608
570365
481875
490873
203027
422768
590353
160535
187073
171205
686305
552305
439808
248989
388942
984836
947578
208638
489721
408498
384101
857939
877783
642463
845374
367907
5842
139929
527487
879947
874580
137873
872594
644587
476998
512412
320823
152327
146119
666268
819036
177826
410202
525042
808717
136125
479830
338689
957194
853160
276488
551591
954624
858279
846320
567261
849432
836231
583157
888216
773816
695819
83281
616057
128807
938528
526882
263848
816673
185178
701341
433576
919680
853077
174323
463690
632471
206967
380782
297239
122341
515818
406656
531440
432997
292725
611011
129943
530580
722447
554757
37251
939542
658568
406567
455875
158950
284110
632346
409302
563211
843179
569888
335953
211954
333356
418212
666034
254118
487818
500889
320162
48561
846707
919029
815251
343151
544253
895776
19096
761085
424012
27826
849384
627866
241780
164275
806474
231474
105955
534527
165402
100406
910450
386407
992065
453407
74575
184416
265532
990004
820664
503543
235155
473630
638838
332953
46869
605157
136116
32687
74122
169961
237742
965949
334489
397698
265777
625855
246314
372764
627824
801457
544357
68096
251295
784850
885467
517976
582280
522017
818359
41683
357863
390423
706340
126294
637023
519742
325648
123283
717930
357059
988854
520413
828454
836627
324804
76098
523542
391788
651647
70146
70570
716951
161271
719407
896114
903069
111964
767516
674253
370295
526701
143552
921746
220747
979583
305531
669760
489737
399638
922461
460067
245922
208012
137037
320524
673602
609704
623168
324974
280159
195082
802807
499559
437628
252433
504659
973486
468893
918550
559008
20358
619883
386218
947697
290497
765515
605327
930481
102143
166812
598652
833629
964524
808563
347333
361820
776841
245442
520973
350594
693669
137585
218813
528069
179300
51585
528917
436183
592903
955743
50535
345892
456466
665686
132020
437147
809964
664830
436528
611111
930951
429033
799878
478957
294096
869068
460369
685807
346464
616339
147340
199463
728245
308260
802351
162733
923003
56637
483540
198753
848114
438874
127886
924444
151033
28730
952
951713
198442
584712
605043
631198
993108
247715
731542
582124
510433
354343
899470
73337
581693
390669
965384
338882
398542
768076
462792
178595
314347
791748
645168
716864
571553
594841
7884
9398
909939
727935
300129
379917
891197
953484
962504
558063
397958
513961
641929
885972
698579
291518
447221
689941
413007
294349
656569
579583
317488
674600
616528
59435
551153
419297
364113
721609
511568
353300
992626
478821
26762
784425
580017
43476
116816
241944
859733
744325
875881
785965
415865
398948
389832
104530
871576
325657
870523
172498
743073
31402
283730
792331
878763
301062
77372
444772
320835
246637
383696
999510
435611
838249
98587
801018
244552
323812
817552
115146
671382
772012
607844
337804
954901
824904
50388
403458
199986
58726
606373
164345
313322
241662
232594
76991
362392
596901
92361
87492
403784
725482
74314
88032
909475
302030
359418
172925
191778
744164
785274
288043
612415
566790
258909
971782
625532
340546
313222
350134
162149
624332
149725
355241
879979
870299
776673
362753
402548
162087
595284
458343
634658
424867
259471
659176
399752
66782
137698
547894
25165
846861
465828
589552
742971
684864
646682
603755
870984
719070
94783
501341
445250
842314
416668
349221
715350
913582
35285
816344
271352
363845
917825
429435
318346
994334
303798
277486
666525
219553
257823
20115
362352
117403
791250
164734
703663
853338
750962
898049
329347
97149
723175
805811
499021
860136
345019
854168
909537
925319
837678
909508
162512
223806
814130
252192
130605
304614
487029
972421
141960
964603
539516
6930
161209
810114
705907
529793
232365
465080
75590
936245
636968
16407
969398
265124
450574
417709
300923
676844
923515
666551
495454
564256
646923
479525
29448
372896
39556
392928
591316
528861
588532
405003
551254
653405
111680
770657
415284
16133
242823
22280
223828
241653
326906
147946
406521
544821
629085
489001
777393
457810
281709
659918
838088
346712
323727
29045
935340
194206
5496
98253
429456
206712
508420
750523
760575
83575
923029
59550
262917
10416
873533
720055
38149
678447
997724
979696
960363
161901
261838
317479
257559
926267
356665
872383
48494
469048
501012
205952
521327
800866
553236
35867
563773
39393
626033
837072
565748
826539
270984
459734
520332
454840
136227
498415
655200
387211
955266
285123
976049
227416
578788
915088
278232
808242
275232
161094
150823
583369
361294
364806
146455
515401
860477
124430
806512
950400
784809
159646
613832
155093
20795
221557
318275
950586
910024
963173
186573
871362
982040
836991
70316
15917
729825
166025
5505
275914
642759
964728
773251
86384
100405
406915
915103
374388
688492
152610
423641
281196
332076
292901
733389
260035
782005
233305
340438
330618
830395
402943
355191
313953
348648
239139
508723
942381
168995
758349
676385
554594
559694
41410
848678
273866
449907
444827
855520
976125
441840
589548
620389
175183
975176
899817
901453
675075
28484
331485
793948
837420
252357
380000
650743
938639
241010
22108
959441
261915
540627
413096
406958
83276
781804
750881
498659
132989
265981
403333
898872
926093
362698
524742
366912
934562
79552
33115
203363
700168
231490
978624
622948
409928
961378
984257
274629
747935
312366
559578
176371
586975
477622
809528
100741
102413
370903
157445
348308
84907
333438
906119
1420
182889
738881
482432
252615
936262
619681
538625
664079
886517
17599
862564
730688
585323
433640
575118
114657
333280
801897
388976
866016
282672
321515
519245
393859
759304
478150
269685
999180
186798
484400
701705
44817
341642
106280
573866
865762
264096
774420
931673
54640
648333
375014
723566
455368
396881
974962
243615
122703
162163
23447
698933
271181
845363
110665
557296
283773
774089
324520
692986
745754
36147
878905
5481
110364
100029
933750
466833
132523
808440
106364
704050
695668
883848
69031
642123
998838
345022
438710
534097
946372
420209
771178
253837
410481
749899
691039
746669
185848
195029
903235
250766
235367
234820
228184
835541
913617
296548
761283
902032
269533
406608
146459
679954
423931
909843
289147
585581
715394
844049
228807
590032
222972
578258
701001
914678
991454
711466
134101
610714
816960
919894
885841
25125
757817
554569
479215
989271
469837
49667
986033
16081
554848
931537
439194
862616
493199
812483
902769
974402
297430
234298
787784
995108
343049
755789
922760
497403
498334
720971
278064
451625
295152
376619
293253
160097
632516
903349
887950
730351
50595
893592
102777
11102
769732
59599
497780
394117
610583
482349
797055
83636
213528
683202
18828
234708
414699
78565
214414
235576
917485
362227
208491
803984
139762
760328
906051
923056
681278
33623
925540
412505
188128
270
105195
250621
436539
222611
508700
868688
30124
737485
373579
124806
324174
201030
855836
138222
898051
118621
492275
927441
851741
251087
383746
39824
679167
404156
126739
308475
469062
556692
99943
555034
838773
471322
69022
500815
567714
586800
845768
895709
824970
852978
485059
360744
331893
379002
857524
758747
367305
259636
31357
816794
522206
343637
804384
795238
503083
256597
688744
329931
654707
294595
457000
345297
626576
332212
482672
240334
699736
868035
804394
657346
591334
466243
386968
54520
829000
39969
791216
649965
929245
296300
624016
435123
446100
870130
539137
938155
201913
292880
603651
555201
902790
951050
354744
14946
48564
995859
983200
356312
257109
44150
491656
650621
600022
757670
107024
659804
699495
565978
577397
223957
397084
12870
133113
59716
522162
745883
888271
786378
958740
275458
538787
419138
982804
583925
248106
570477
934777
164856
231032
963858
56797
732941
780938
302903
48715
295364
136440
536642
513663
40722
26484
407770
59640
105473
743054
33867
563762
753120
300180
555871
877393
520540
57033
415028
308472
94338
789556
98163
921206
527159
765380
468885
897761
275584
167934
552506
404984
835329
513326
115669
337935
948693
26818
432016
302711
950809
65964
392114
674148
138628
232561
711537
925693
808989
681445
200498
364889
780812
853916
529
441020
756531
527123
940412
123023
575189
996526
890093
760209
155666
358773
238875
654972
70429
394638
151394
80760
717276
337191
651047
75289
788908
695235
310118
930383
316283
311720
942684
24819
28791
119171
637058
781870
372858
694949
228522
333004
126753
755880
359135
3174
58351
691289
885267
515474
103570
46115
482885
268682
312378
771133
640272
896103
85014
936749
895665
363758
421121
986822
712778
261237
810084
937616
403267
625156
484138
487496
99862
473297
287559
284576
651137
545392
797670
722471
817834
625845
317282
173040
458568
645233
958204
136506
791308
656844
762355
790845
221547
908467
392445
44235
275164
834303
56663
290328
306559
422859
991103
862553
541830
676629
475079
656256
756418
152561
209341
655097
430771
584442
25805
304665
534693
834916
524530
528132
388911
550546
559918
666174
370592
168069
618710
226996
717737
325781
118993
969318
636623
892816
267899
867343
95100
129396
812234
468211
101549
337612
974137
942114
312126
643195
957031
11564
262858
519837
299111
400623
993974
734307
511382
477909
835714
24132
889474
524960
388603
952313
648512
425967
363767
958577
204812
805556
377595
433796
130704
260365
539837
287635
77227
3710
557553
296989
306586
203781
713970
784007
621085
930369
567323
23777
980517
108322
105507
268103
989866
524435
441963
251397
824444
670364
91178
543320
404024
991113
154703
770117
22688
862102
91430
823816
7615
723970
623000
646671
66961
768541
265838
894335
661242
464615
830422
437948
395282
570960
428809
863143
991270
863598
259681
175859
270294
697159
151436
856947
459043
391851
567348
939131
544990
769179
704691
191513
38483
56029
931773
892430
383884
694207
647326
25017
526702
207954
806197
39686
973651
149098
456591
238703
657550
251501
280118
13606
21130
396038
490760
947269
452209
652
457542
860665
930437
598956
183555
950342
676021
794430
175949
548062
819307
10273
665758
619994
42937
132066
991333
346861
621785
246970
157727
493089
368065
180589
51575
347117
44212
394529
236512
674609
355248
346513
996023
334059
656223
582774
169614
434005
930850
438923
721377
617235
746642
981849
757856
118177
145863
381443
311231
692073
788889
721129
375684
402138
92799
818469
996141
23568
451058
211596
794429
316266
143006
693396
708797
80216
74903
778056
499004
179617
160103
262390
111253
132931
226535
309283
258491
625500
773704
512107
94922
748818
206574
66793
194476
553573
182079
34281
385501
210569
805363
284938
348931
235630
684585
428832
308328
796362
66886
935936
341545
808935
246682
771528
651618
459590
906030
669007
179988
67745
963834
693452
733416
850275
572263
957740
439202
810653
461648
627485
252124
36095
771665
411192
249073
995235
610159
934854
867702
50133
482994
204392
589984
245901
992745
704260
433346
746638
684743
96169
213912
557060
973759
286398
249256
431769
273624
910558
305099
177444
276856
577601
376783
207025
290347
438089
873904
144993
848741
856608
9684
130298
994679
362333
83313
205015
328825
746252
171223
153493
605807
23691
447259
717626
455652
359724
770943
26304
375248
95752
900264
996788
566611
310899
72473
873039
957063
588205
694796
367949
945302
56103
899630
643508
174610
453480
104285
79051
140528
651454
271256
900508
409050
565245
611694
805940
629027
127352
838382
252688
708469
251855
43878
865739
704155
461831
372826
771446
127937
525492
717990
472505
483490
553098
639364
35128
275643
144428
736762
265644
462963
93609
80862
762767
908858
911448
965043
157880
547714
962435
443080
150122
360540
713637
818233
89283
396269
688104
35373
526137
710956
832627
655813
646473
493762
271835
584104
342275
478819
602719
773004
806382
550213
826216
2016
67216
775409
299482
241232
72107
498209
902757
742709
287525
804451
182468
161228
321173
849756
420907
328883
461821
708237
291551
270477
960573
855368
963179
284567
364491
470236
109265
852767
59748
961658
109648
187371
547375
945640
377826
702214
852522
829914
400561
269212
321439
71417
820295
864459
774170
898810
905056
682709
527247
186680
824370
59836
455494
67675
11055
207316
300220
394403
656216
448919
795524
380430
101681
970700
626704
911768
22221
935953
254908
570786
919347
229212
762972
375037
934936
409602
207005
260560
198141
236662
99635
739759
246281
467654
592113
379544
998713
78594
166875
632387
24656
398711
177024
25295
333610
758109
176185
506541
51484
772815
776156
141531
659394
640656
868304
215698
543082
804781
176195
569051
93011
704830
723061
253425
861
713022
204455
358205
145513
403606
125022
636785
363928
47191
588248
668497
837186
804767
831321
198045
692213
487865
588662
496863
566039
983795
47089
747060
14286
853979
686294
157857
585051
303980
330032
510860
185616
88889
515879
251639
545857
398950
949998
832980
1983
112887
851320
216592
688458
470380
717353
722333
235551
192920
875012
18897
377400
714609
334514
383662
373019
914256
638257
297419
874394
990
317258
271194
486881
164175
858423
306636
8271
624062
706109
597637
139191
569853
933028
634047
327266
363476
328062
7400
444116
954883
949120
753356
128899
734188
250561
817233
701507
271130
879593
648142
119264
165530
971464
937919
775838
278357
996395
32507
71449
202070
779181
242312
554954
573057
871539
866423
40676
229474
778542
816684
55909
676477
758225
807786
59288
668588
296237
251571
760373
868684
21177
565908
9168
298863
354006
284992
924217
884647
767335
712174
804188
502252
58999
161272
661940
605750
614547
530831
463157
310372
70542
445125
454609
698671
765847
756190
324015
287027
86504
811210
148949
365814
113456
750821
761349
671022
840700
473913
656623
298275
616831
107348
838717
476027
340813
84939
683483
936997
219502
957668
826263
493092
286322
866238
289729
363693
264273
18717
202390
956545
72369
868513
501466
687934
592280
176687
717247
249437
738629
333507
847123
16677
578440
965855
336300
695835
425478
523900
738457
283428
433959
10206
511232
282629
151849
878449
266365
460095
801838
378723
37284
71724
568116
139465
402221
38564
297687
554268
967308
578293
848371
957157
20717
990425
862796
745797
127241
907223
566902
42088
657816
632074
413227
799949
930187
196356
594142
415062
153495
908810
211626
580831
288411
378059
283934
591943
640599
250961
472124
214844
146645
660246
913714
512871
643101
21932
697341
293284
878857
95776
913637
929206
563331
840608
575649
193345
686983
385931
979656
227052
297350
764496
38377
486073
690463
702454
224819
667704
931435
373481
843227
545639
118350
830330
52459
521491
488914
119065
528223
652531
639631
333307
644539
885257
754567
137965
930663
301541
900294
257318
755650
130482
825132
287744
587941
214319
520715
229432
537462
177408
335005
429876
53417
275780
356453
31543
701352
905754
653295
805114
813156
104521
476195
837337
756948
629751
803173
242174
969801
665474
621280
723794
872733
100674
359049
473788
349746
916400
718182
425970
664118
955670
57593
81417
432833
87299
273439
691463
97916
735758
878462
863886
42886
556382
390529
667334
771097
980618
539815
235144
48829
618608
87009
455377
823171
11560
121560
887433
186403
244052
483922
477615
158594
568293
610733
447887
752576
537153
834807
533832
802114
810656
514737
281126
215971
166307
612514
196113
318497
367461
701405
953131
216532
375114
192219
895863
28479
293963
198911
381778
142668
99347
261855
924165
4833
333330
855289
312009
181879
700514
349859
185069
891163
808121
947892
213476
8788
44092
639945
686499
618510
420104
879906
22819
949868
654995
710103
224404
58091
170732
107836
725005
734048
300658
773751
648167
764880
729595
526519
450327
911672
260439
77937
627532
40826
84310
175030
476028
87723
191941
985936
67085
802431
840791
662719
213157
527808
938575
219551
690491
461878
246218
717120
25326
917652
359149
549313
390597
917350
223366
947477
254699
497650
515560
848386
944871
84153
239689
572082
982164
97364
186323
608931
336355
74549
567413
770313
528183
842578
649079
856604
468774
676340
398315
614372
647595
180148
275616
594411
612424
455169
358034
627334
660081
297569
406182
791040
711523
475719
850209
991930
422157
136772
599785
794842
620110
431020
744210
554775
597335
916174
523576
391940
307675
552038
183281
238439
63504
427604
419762
791177
725945
501667
114404
781570
603252
98999
779039
543357
193159
492115
508955
79632
797015
315295
95166
731438
13096
583157
632696
629827
264136
681134
825062
786055
812151
546846
707208
107227
833591
587127
587141
367932
965331
493525
996291
639884
714727
575324
864853
730391
195039
94599
996102
507890
510248
458941
537008
723687
207816
916300
447175
574706
507164
867950
542530
331367
870765
917358
209070
570154
114691
342391
865859
232907
303061
891820
72759
158582
604319
510394
658033
905739
614789
236855
515705
671726
666076
268682
546229
813186
77068
9095
853542
541553
91401
321378
48048
9779
788371
363914
536482
5220
221
827334
118288
821564
120379
30102
606194
735139
367860
396301
971791
155792
250272
923530
513939
247822
171748
724432
83857
207914
859649
98032
389158
708037
205821
423215
828493
368815
792972
396009
695007
877307
878401
717321
949580
46592
614454
915053
231915
439428
23426
521937
235789
152112
207884
85661
973587
507477
967242
835189
632944
113850
835527
937493
233022
857528
796801
829294
379833
651994
230093
20375
378249
930888
126529
785591
301370
698497
754819
98172
768111
199549
520476
611996
542879
45185
158114
844513
203181
909117
836551
660006
297065
159153
383876
957906
281792
160486
44978
487939
846807
368859
558527
718319
766111
110186
414669
404659
855039
874074
237232
343197
477338
854270
741097
404923
819945
958707
772575
988361
831241
685524
242907
314255
839479
732639
845653
978239
258674
544910
65517
423275
527164
861473
403299
254377
547947
108865
582575
841688
885556
30560
75356
974052
708230
848103
519836
491162
52004
535809
8132
885851
505372
998077
582765
23822
266364
265161
48985
619449
462310
859566
956177
715896
406526
745020
442215
882789
202654
395508
286812
473495
838134
755297
893455
432327
328364
316334
181224
681505
670681
578705
208663
635799
237803
400792
969488
158391
909614
598669
187738
963365
730807
206440
105760
249917
179937
789688
919642
211321
132766
785133
895451
230099
421476
48326
918010
80138
793823
278727
367662
71388
103781
835677
842229
864926
75328
348128
978603
317062
849492
800132
143900
492696
650356
627474
156851
135927
801974
457881
749167
809162
691613
431753
721885
750201
645171
464951
243553
380830
592024
884241
659450
959433
651786
665108
824101
208421
283684
696697
512231
473956
370528
358912
575454
20636
206328
763114
554575
359347
828358
782020
469292
145895
249670
985621
329607
854914
655153
804743
74993
563120
523960
719414
736949
538310
120524
377447
894874
817573
194680
405303
833675
918132
313137
406320
826105
400293
667999
91219
843214
900888
997989
863441
798976
685636
146406
171765
662682
488920
196983
955323
322782
200719
327936
451046
80233
771990
326016
17308
78711
933878
194093
323867
134646
611748
856382
595444
954968
224110
762887
732859
172345
726725
319355
730867
403639
238807
481897
373478
976753
115268
864839
206821
878366
531614
772035
114599
780597
880223
158611
729006
822616
532489
888608
130044
318737
755994
544344
331942
790516
345725
934012
869737
629069
556662
279451
270631
213222
878005
501699
921413
47977
44760
66400
451507
255469
599640
456396
107532
299252
112884
165822
755328
947973
575884
786465
220970
234141
283874
855286
355434
179156
687327
610804
611126
561241
818171
39582
637275
666641
689084
778272
972411
526452
166853
244425
244430
622703
893142
149530
847013
866992
481489
309833
340907
633536
629682
222820
890452
448632
296062
833253
481372
846199
170827
231975
759497
418337
494417
557957
777945
34045
54163
151168
533261
124948
359916
547012
589444
615124
144980
690343
360719
341155
39218
406643
266212
161663
311912
437135
651701
548544
613050
486744
419572
450404
836179
636166
161425
313038
748314
849153
61228
753255
779612
648387
672458
886627
820778
51216
376034
369007
747032
29392
180876
294521
382237
901466
449286
646304
867261
280051
266595
364337
717701
408869
676104
37702
270982
449453
813954
773930
229132
668043
211551
981246
765331
882634
111174
846590
677901
809239
149575
336625
199106
664473
107341
497529
648441
787378
923377
274205
474061
498648
173885
742146
760411
232559
235378
927033
442300
654781
876307
175875
301848
818743
152693
811060
672233
59812
762125
191827
830290
962951
408721
14975
421926
845823
465169
926606
927451
975792
144376
494413
716635
721386
860893
928858
353640
952251
992185
544124
864002
565335
748568
757495
951313
338188
228080
921996
266190
368665
267820
992740
412026
710980
117826
222577
748053
320717
32005
395221
852569
544928
694287
229715
170593
973152
47408
48154
855514
347714
713051
133066
388015
357928
358558
521999
130791
562680
407369
668927
834407
117704
222469
577842
295349
795884
218130
51117
210298
59581
225903
428282
942339
139098
731640
565166
1705
951489
707387
786341
179147
627148
5358
221204
235673
601653
558017
400204
504782
347357
550900
225368
786744
758456
212126
829746
323933
460412
296979
289694
408664
461936
399976
42315
424655
238226
911363
437270
863040
860757
59831
370064
60774
684734
420137
971983
731310
536607
176783
621451
843239
801898
811715
6363
161462
979534
118297
789117
743220
606061
971084
990976
188853
111714
12545
456552
326798
202904
492325
287603
731038
310773
5008
405411
155468
851327
997722
961225
16673
817270
277674
697633
139642
243169
289383
109707
35339
842809
501255
515238
954574
8892
898902
181329
428861
784319
599568
552272
386351
292929
274189
820552
692678
705179
712110
212582
601070
680974
815873
388778
113466
22422
322228
582073
927047
790533
754293
613559
954091
465828
190443
303320
670243
930486
156476
6258
724597
33000
129448
757440
454479
655261
126236
403504
362392
219845
491469
24766
411443
126882
810854
689731
149766
769373
287589
10070
201966
187583
759315
784573
437637
162916
852261
919089
924490
672353
391171
576138
727161
957963
368493
760063
291806
403739
604755
426516
621886
945072
89241
420370
472673
3016
25692
245640
556475
241650
245183
32400
569746
118900
811963
576189
189240
158674
30526
479490
607629
186047
493850
553576
130973
672030
569087
980244
789364
556472
759555
843839
200310
591030
96010
745563
20538
587731
882069
970033
392721
450308
84690
546322
699019
18109
356200
265259
816188
392689
968008
695601
280684
975796
33883
917751
991873
772240
852497
100551
455446
195192
151560
827728
583737
271145
281827
67340
6007
930403
181265
406771
494257
667312
198868
412510
226916
308282
352478
969491
659510
302339
413881
981170
485831
804763
398493
319501
53814
491066
5501
876197
138796
268588
902005
535052
152223
590180
385898
623606
549498
71142
528542
613018
997447
801623
552410
115940
864177
310341
850491
83912
894879
134437
619495
708982
643290
58220
309861
992598
655443
467261
700478
705546
555584
398077
551090
588528
335783
241568
522995
205746
356574
954422
707548
937591
270020
903573
893716
61889
430106
432035
299181
973499
869671
550947
286010
549313
316050
661170
679779
375462
64207
352466
338339
770293
201373
528614
127861
723404
32043
506869
851807
150955
457738
156497
623751
330431
176813
701852
705786
409796
434196
392827
930805
568856
398130
948784
582807
600952
57323
368594
162932
452744
711712
455569
324626
939066
140418
429625
838521
624697
777743
727919
983689
694749
957519
407562
88509
119234
105394
610078
807162
581201
169346
267209
914066
516719
789298
775665
377711
551592
620668
113527
125341
852332
790023
764689
98800
966827
321279
914133
381979
459785
920242
367378
316281
33867
66290
875561
814885
794889
995193
549113
606459
393571
876171
958746
21487
313927
189035
293931
102303
681357
544444
743334
507765
775873
655264
192361
62213
572486
929963
986822
162105
573521
181820
750085
930187
576462
541276
816185
974525
94011
649446
803964
828377
3780
852183
659643
125814
76927
273984
734413
477162
95166
581582
919151
778516
755304
309592
126677
492990
560219
599811
652774
497349
321798
983178
707047
186357
520381
437034
827417
244587
52397
93079
830734
255371
250227
592943
601002
758469
957047
127044
107364
799014
684120
968223
740991
309699
771859
344845
301064
234007
405764
260065
805499
58978
716902
902912
390269
419913
883542
200919
416382
659189
995237
732087
64837
675774
619591
237992
193643
269199
168556
771443
371308
148610
145325
891636
492701
110252
186199
440477
494626
541246
716294
229982
989734
729673
17474
146883
129018
476382
179925
803980
970868
704058
108138
914437
146622
637828
395287
148833
376740
408029
118316
874539
685113
107151
403638
58359
168365
745958
618645
828820
790574
583012
93076
653649
353052
49223
796396
258925
807838
879060
992720
542518
550432
814811
966698
716417
334353
49385
57342
574145
334490
998681
443777
592269
997131
72427
933411
830758
691905
735447
399025
100339
580396
653847
10241
781423
931579
724476
740349
135977
891614
877972
333423
519179
934629
366103
640256
149617
914197
809234
673437
357862
68598
899981
745758
565539
119833
491993
924607
569285
692617
534820
688737
411077
69703
429780
36402
11209
163075
176202
381825
128464
552348
796777
597641
550214
781387
982028
974378
423193
908423
932391
715057
47949
135465
189747
706856
151768
598708
492960
11335
226047
659123
619991
207954
131158
984162
138338
234794
358574
519700
52510
978895
774763
373942
188113
912353
309727
215152
784309
233878
675780
407700
137713
995206
761108
708755
644235
344078
307884
450535
855351
137080
511874
719888
998500
117177
801445
147820
622903
320281
175469
754299
14354
652751
457229
923866
12063
317370
443825
556759
34614
93565
579638
787828
507930
337078
37467
845373
545762
479355
590227
280526
858971
299653
292803
345154
555705
389022
618376
60848
763681
446155
997997
453545
766129
953123
352215
193910
651930
411175
715303
639524
914837
133803
317688
792623
962702
369867
379780
138597
339824
64653
654224
326831
261906
293090
355738
809368
257137
44053
194284
17714
378452
524552
567411
102401
920851
821939
406365
685320
952597
80824
351045
994677
869022
150403
823010
817859
797626
751502
185077
353141
753893
884552
465551
703247
965826
10309
347978
627089
84972
793672
80867
610967
30999
130033
597637
800016
90316
136559
419644
484865
143079
937460
29324
944473
514444
313548
868332
331059
404684
125247
422178
280662
885978
688190
479652
433519
197503
953701
478684
763558
865070
41441
245686
934371
295262
973459
93320
482221
806478
395390
268413
38425
905105
444345
227066
956090
965405
555235
221279
747268
632213
118042
892740
669355
679093
170088
664261
114169
638941
712737
369228
429551
330409
431710
382843
225373
665539
117940
417976
469079
195673
598400
135242
141111
113226
39933
969036
597180
278620
251991
530992
972360
535127
638711
871186
360286
459625
612760
716244
90167
138767
706818
86904
841541
454299
733119
945332
864181
294097
206028
207121
271281
979010
32663
541340
33689
980461
325024
499418
922513
268710
547821
143561
608697
100759
675796
139157
327467
458049
590777
432954
714274
226472
65757
105146
369820
322587
524737
338624
641166
474776
432188
852836
817866
559718
489192
473794
986698
496563
945230
511724
704276
911245
3029
962396
853976
161379
661151
120265
616728
266197
306372
159159
245682
824091
832705
497382
724618
167404
633497
924155
956473
403503
478204
39735
268949
837018
775775
501253
797939
544764
718803
333587
200855
120019
593136
907732
397231
928273
588618
833880
254959
889610
479416
168314
703114
241785
783369
731764
158626
73845
729770
362810
510365
602515
472552
398647
455839
349415
278044
296314
122806
837402
397034
217248
658453
249170
116155
483047
916490
439468
420045
280375
790306
451166
798043
988339
319881
425973
779344
908317
611700
375566
77626
793363
163666
668330
83141
299551
598331
81908
461930
344298
391399
216491
622833
685159
558811
162875
612128
804310
446599
746161
381178
392659
666818
77888
867059
263177
923697
806955
771240
967266
307570
289292
171729
360105
394484
660249
968935
46403
597894
116435
812021
934200
905328
666369
791654
79059
764561
594365
14968
594718
50160
62698
546628
890567
915577
30788
197594
371739
694179
42895
13178
55131
210556
149766
772808
335495
626512
644870
351069
106042
134083
817910
669617
10507
765571
683783
897250
234048
638161
919073
38064
49004
7749
109746
413961
142397
331291
947264
846497
372437
760639
735753
104934
620940
998642
636160
18990
875346
976902
644197
335776
181646
61462
164284
764545
631271
935222
582823
990327
761553
97845
324661
297202
541170
134422
514549
79001
631117
752605
701002
296021
119118
302294
660510
960302
254765
611143
674963
635108
864394
828033
449608
367808
239498
38957
298457
569743
898834
11251
122518
6978
693617
959213
623639
744999
981650
884420
348959
97635
143826
449386
419512
801050
729412
449598
181153
964117
985463
481707
274854
876856
897172
921057
13021
981022
173697
780273
608044
44655
812485
649474
307012
896479
584510
386973
308073
45333
422196
397394
538392
27996
112047
612957
581818
323018
946401
235979
82471
750305
789723
320368
4737
908354
352305
217461
467996
869574
765171
793506
107468
480594
686854
763209
755715
287820
801562
472658
770248
460717
402251
473172
483894
623123
988479
2794
913993
75186
101344
396556
268282
564087
50221
511035
908983
381653
80141
692385
18986
825730
269522
990890
658585
812941
333758
259000
679597
925000
5072
22486
180599
585253
476835
885115
151717
476699
576826
425674
11200
6469
537600
92648
152329
234865
271142
134658
530413
89451
774766
745654
536722
109518
82972
11980
38493
740525
311872
707971
69659
541432
149403
250848
389530
984
394334
260492
989354
841121
481877
72008
832992
291685
401552
567595
5503
711951
808336
214523
385548
41048
61061
330305
757517
488103
315668
794077
266583
239909
108638
107699
356338
879683
89180
849631
304581
313883
845153
288139
958763
116090
855623
582457
833090
249422
227713
821411
204902
745519
49962
145150
610110
104379
839925
687478
234652
849817
527039
918901
591248
564711
38123
759645
733397
39598
34426
188710
512419
979643
642122
684905
816800
810785
839234
432948
237896
430824
925396
286262
319062
820215
818979
400566
436703
638119
243978
188608
51501
478807
706832
36728
16114
818495
461529
29452
80977
415123
959928
738868
518316
777360
9985
307455
339016
877894
954066
134843
948665
370561
904515
25210
710574
464227
377242
258626
151750
869711
340434
438837
190561
287758
525258
641874
152334
938945
297404
897785
634902
584928
199973
584720
738988
344153
300838
855157
914789
333114
875063
972735
403305
609734
619926
837028
376127
222381
335476
595889
834870
641474
296913
415668
354798
724511
636162
617316
278899
185159
471035
607895
420985
677069
431298
614353
63388
240855
663431
610629
558443
883903
108324
438718
817619
810880
249117
798364
926561
367907
104614
16755
46197
399072
130365
372858
686444
774142
68587
920405
484687
381492
217917
434571
490898
899900
150531
676577
487366
777154
349566
842908
972529
538915
803864
299258
327121
674074
651573
261554
435704
581645
675659
498932
348570
977737
592855
446756
36335
24278
551398
292122
494888
676864
91822
512609
960137
560712
59176
605577
249160
936769
276138
119387
496741
734500
84394
383934
774929
727252
463014
256794
932970
241400
117051
873640
742358
974490
499669
347424
28246
806960
502331
272599
561751
136260
181108
859600
482095
116178
723550
91477
913972
542007
558628
577493
629200
183146
506214
206455
304041
862498
504625
147353
30168
805377
790637
559293
431518
530979
194123
77573
437433
543368
695894
542949
570491
376967
826497
309093
860302
889233
976373
332193
856936
812999
500904
223055
62426
860187
847734
434972
68406
234851
660534
247944
789855
430035
90405
458745
575655
131861
896937
788073
239086
936035
129680
103371
892274
796227
973462
662144
29372
84118
882236
442523
75528
367459
539606
489665
800153
788788
261319
115963
747794
884400
57465
202050
345680
483661
496475
276902
777732
491574
254105
733376
594473
280122
417278
980927
27332
981517
695599
431636
34033
943377
177403
805001
304288
463560
639819
30881
859409
295976
21383
79896
204909
286273
103101
580981
833626
772882
377359
249677
886506
476607
940910
670361
115917
5512
997283
324380
637002
461738
958446
496639
425544
732579
459030
505619
763251
882055
52241
612237
806805
856693
23505
210530
333044
175790
915413
153462
767208
748633
952005
722040
607287
212346
939682
30138
885177
871091
402579
699869
495398
857254
155114
617984
932730
907570
557780
822581
342972
292252
472453
701198
442350
63751
746069
653629
662119
664383
950634
632445
658613
16502
300435
166622
368541
710345
263443
28949
934499
256115
640728
505892
491704
816738
726294
51105
640655
242980
158946
647869
25339
32186
147223
374184
827018
637688
660359
296089
867191
15218
743636
405245
826568
355508
751483
147356
845151
318639
425197
436613
588699
869267
173168
536776
562305
860997
567173
926529
527617
437151
260625
778419
112263
935025
79517
370570
119473
22919
573663
223744
305936
55002
107074
573531
957729
976782
876900
762218
193927
474640
93774
4978
402457
536593
55178
638326
264511
732476
481678
308795
396421
27387
263577
273292
825000
202562
382114
54329
379356
196237
356585
249702
366873
616090
10913
439386
462867
103979
691060
698863
13642
764143
530702
316811
632353
509531
609704
830392
756577
43268
546574
815354
972393
334757
946942
151244
310242
962067
547302
183280
687144
645795
534193
689499
541735
430779
538803
435470
648860
403464
373380
403526
367960
353831
954136
551674
442048
332179
372864
3016
764283
797178
348797
694505
446438
79754
85262
194373
923481
409840
655684
269229
71090
807333
635081
941146
889922
132169
469605
789816
71842
347051
723348
324956
755203
80779
96593
649997
605814
380999
570819
293931
141187
627348
408168
879633
381017
668055
990342
911667
726374
568063
399278
834886
231986
742078
345308
691423
469990
390434
342385
161687
309972
390871
816454
158740
429739
545921
911524
799281
209878
696741
621705
713905
588127
451551
903300
138260
617086
793052
480312
64951
606812
7980
839907
487666
915269
815825
575488
370452
314813
465963
415884
206735
736645
366310
743409
145402
281131
737920
277393
926313
153071
501100
183961
816144
772910
11264
54189
902162
611689
277621
309712
643500
155874
349458
323687
738354
878468
875302
683504
572883
451829
432818
654734
9866
797004
507947
546320
326054
679861
685608
218734
978683
214902
416162
576162
530516
575023
403628
762653
677664
683422
143838
788400
734365
684790
79848
980625
458545
266663
215521
932790
628276
725677
408755
344118
319844
629353
545889
719624
137005
360935
130675
90173
430742
475484
800684
697062
719965
191106
639964
798100
36837
205121
602255
211444
530676
461617
972748
659235
27822
72182
209485
147462
172072
781356
843495
571669
511229
756175
191494
904515
245466
763845
374740
952189
247708
497973
621187
701104
428881
547503
905265
636437
221869
193999
298743
405003
495476
184369
863637
277566
31660
520927
312515
698544
880559
776356
841952
43144
383552
872118
77575
302732
545492
741803
817955
696097
187656
652975
768124
647532
913938
99898
525656
364903
959065
577029
329395
379762
103791
759525
830725
321717
709869
226424
693335
456496
285974
284405
462895
114901
285991
442023
944163
987658
601162
439240
76722
98793
399775
721757
599006
822159
429010
34399
63914
891247
239011
963495
702073
10260
469393
142493
188375
670693
201056
67270
115227
476847
560419
953348
686632
171661
369175
90252
576041
874714
111251
640885
694167
834043
617352
52555
845749
74627
303367
259076
924149
962953
49597
676936
939490
898830
645980
169076
355086
388212
113962
523312
204682
167102
941022
183084
378408
50693
338668
258657
362647
897486
464182
963640
951554
955477
565534
393165
643337
592541
291362
886952
755428
853683
999905
201459
636881
948164
718851
508786
171170
807663
866674
904809
592442
229707
698314
506678
202060
262534
696636
999924
437287
500330
567349
613323
923784
638703
73907
937389
208832
886888
686676
352508
944529
678639
219674
980442
305911
339491
830821
25292
968532
375518
640269
238041
18562
243753
955423
255752
297052
522880
101014
630102
922150
801557
12189
51531
336001
230913
961836
137205
397765
522174
83706
476259
987677
285549
123587
123553
146438
838996
342536
916461
395680
828216
417068
382763
145249
460510
860276
876669
535416
636274
115157
566424
453597
299990
724701
324079
693614
900873
557386
47704
289247
627073
76472
813285
545274
744589
459088
975527
821995
124886
387515
250644
788178
40295
666206
323345
608392
145177
682096
35718
515731
159729
651457
186328
991715
586036
56087
143630
778073
744366
762778
909111
206564
364164
432749
170122
78782
839430
528986
174574
432520
552212
134934
710505
279968
643586
550770
133286
980755
620783
719529
159088
451915
706868
836519
697940
191671
107523
548931
620365
979307
163115
280651
526013
306044
108436
291948
719230
733035
197529
109697
609769
227864
253531
89542
150219
404554
364468
631357
703182
809812
927093
812749
421914
722973
672949
681155
707479
460852
316110
272164
145789
173003
393327
39501
357141
512332
787234
944428
15592
442630
391306
691351
943993
783762
798336
249541
344730
761170
506461
192949
245561
227249
151643
186248
495249
325578
52076
206099
561775
93477
481156
101769
388721
514142
575823
273351
716322
386142
989547
941367
745132
737251
473679
881648
665466
606010
726514
916340
958069
145418
461427
718398
861258
951411
826792
902113
645340
864677
580781
178165
256837
831735
579962
150628
912114
997817
177703
525781
446262
141385
339696
628996
449007
811867
688149
935851
136553
19775
273806
14990
812833
405972
864120
401021
105351
990455
567253
692023
380050
379235
952957
286718
991362
705035
595339
557531
160128
869179
266691
334066
260242
846280
55075
168006
668265
125441
803704
22572
225730
739084
645233
236459
904246
587271
835544
90494
926701
675303
898403
537718
398003
778210
719930
766038
104418
852819
11889
586529
535351
834265
984914
541843
243092
139282
779564
173325
163760
370603
503589
377124
111650
15341
117256
55506
847339
803588
224090
278290
696844
228920
314648
795974
701586
473898
43862
267614
880568
183628
583632
660549
345444
91294
801405
460311
381411
763561
786142
167628
840185
328827
367884
900770
653630
122719
536352
473289
31355
850275
639524
613750
428377
901226
99955
523533
71605
764983
558466
104142
443746
27618
764543
280776
734321
854925
733568
615774
448105
8449
388684
975314
215713
251432
344123
406452
93182
145033
35108
717540
81204
244270
649997
548334
273878
38022
693426
73224
315793
238185
195805
328440
366234
519659
81145
517337
711198
652711
658882
182200
905857
554751
586246
598297
214318
529964
848009
162829
432417
821256
325446
814866
955813
955667
255952
801892
994656
307651
58945
786206
438073
963164
640085
409647
444699
149547
791449
33543
462885
707040
696548
488848
211619
994726
391468
824677
345831
979069
627383
393684
845254
669480
557121
558937
501458
154708
491100
722993
460960
367236
618527
564837
195671
667145
620050
407510
17288
420717
834045
672942
633006
122264
759119
118340
671031
59151
309722
295180
926572
474279
633798
525478
494181
201432
20185
943720
762861
256108
369796
784881
675849
52991
749843
860286
827898
768099
141684
299510
726583
553212
183261
921911
976897
983046
387882
752659
692960
559593
539528
406762
547160
264936
453580
487511
662594
50541
974715
741309
782073
769244
960517
326308
910350
577455
349189
476728
553459
140577
309235
999746
735893
417413
122610
826029
133388
287458
155496
995881
725311
889830
495780
3860
686256
999172
992992
708168
732258
977468
808781
587454
185121
392244
995263
534779
812113
851130
420391
162434
868354
153692
84905
582592
605154
587538
420877
112171
357566
142356
133746
159445
816675
748934
392584
949356
471973
654528
263484
358187
579898
42997
174010
838313
393032
126163
900632
836933
566820
509913
267714
773008
282896
10346
802433
340390
452910
665774
845560
711858
774351
959632
238533
41303
488268
778188
173712
39582
126130
174323
783286
518739
778597
441967
216602
824710
482537
500888
669136
740541
291974
482811
653897
547655
256218
986729
944688
594535
787812
99448
364987
437963
272535
443597
324570
156054
555127
616407
912301
418997
15976
128203
930666
860187
463428
124692
922027
611636
556995
169151
297692
513938
200661
109685
412904
323508
249730
658731
549853
90973
544914
539593
570225
332290
910205
494066
320520
529251
170662
940858
707346
341075
753020
169206
212230
254256
339240
131828
875777
349937
367906
646864
992234
488388
101570
939788
695651
513214
559028
100055
124901
867614
850138
584594
251973
87725
497719
547444
685431
667316
208422
295494
393496
721040
41310
481745
398389
568052
972321
663169
660866
385282
240702
463213
469193
872145
494190
685176
147565
633531
175087
781949
351156
182629
432473
490429
976402
370006
16263
438426
114618
699662
164436
935098
17699
959702
71062
94385
154707
423728
240874
420352
109413
652941
22643
345261
172464
978952
809628
753715
840845
494044
978332
464419
846713
362358
106415
213922
738355
531082
874337
57872
956924
503286
612433
303414
313634
125007
754383
517536
367215
482183
399554
51109
223795
259792
337778
955053
917990
584893
726928
300596
638709
543940
369392
121459
615525
760896
22632
223621
804182
925400
376842
325798
662283
700391
19711
971393
475203
496448
340039
711478
441687
792315
440149
34818
609255
43652
726407
894662
906464
654773
536809
943152
54325
678621
528368
564521
244803
468214
156188
112255
492036
602910
767951
58921
596334
845993
214395
4302
319290
59178
707967
937589
119575
622653
414517
810231
534062
903862
982203
837875
723647
700116
209305
343448
179781
179977
662976
30640
960295
346683
540179
114090
7966
742395
345403
915162
488596
873560
342574
971790
590625
972848
800623
489559
660624
809759
860020
684607
685210
42429
613948
200867
289752
765512
395760
586453
446292
422859
295409
739554
878604
416989
663147
173461
545540
258092
4449
969617
363569
253011
234264
715740
185151
511377
330680
599917
720406
201853
609787
716545
594167
583014
859848
685802
534157
260853
468718
872460
132960
963065
440798
576456
198768
728835
931961
618907
93765
158245
879972
732410
236223
236349
576586
72747
289990
714380
135946
629696
839818
919721
295470
681415
880503
495330
938159
295153
859696
285441
82484
471511
735915
218006
36395
134997
299524
412091
866612
128079
141108
691834
235982
940834
167845
172771
564270
434157
634039
493013
118692
657517
41873
200399
187593
232705
909293
411819
157504
774807
438877
890099
813232
263002
531513
978074
205362
425471
483268
344221
200333
103447
741255
575952
473985
603008
818613
695479
104264
221373
979177
321155
3195
966333
302183
216312
923841
803102
688348
419975
750908
552388
753372
887933
316225
659015
612904
612151
261348
462308
26545
493754
101894
437154
605878
684213
165262
290221
155579
762777
397433
11536
455848
353924
229945
31847
748462
393985
688325
132623
656106
938067
819361
967861
448036
44352
428721
143512
453025
61449
625100
812784
926288
692234
637871
784755
904126
546849
728083
180763
971960
843952
907366
150825
471222
52179
580801
34688
366167
729968
165583
926178
52687
940745
86574
922904
665280
573121
316126
278685
421984
578779
906323
356685
820024
283683
484164
321341
394812
614370
387441
343942
690201
598065
188501
219060
845168
367940
483156
892463
