379691
329183
862685
600427
545703
329875
714040
182731
443541
365485
364781
299285
538906
274846
851864
184703
151079
676543
419682
278833
354872
713024
1336
891527
375588
303350
841297
235366
935658
27404
888450
160071
334961
583076
825930
287059
575561
481117
240016
643878
192694
647743
134114
931733
901359
902946
159169
548198
965130
191295
671358
238599
418821
898285
974342
850342
471542
297686
417170
731733
870681
609315
745040
794454
315485
217117
280189
997147
360502
329172
114154
497131
384475
178464
323016
602908
266022
922580
2185
612452
963634
671233
384738
578515
307911
701296
220141
31809
567543
786723
264826
76564
90348
396750
708707
632926
533857
246007
744456
365516
911969
324495
574367
855504
564494
785202
772
823389
467427
877265
998413
944976
718078
887667
446761
341024
558858
128193
458527
924652
609819
400952
829623
622710
140344
452033
669204
955740
474989
210814
363056
697921
803296
124009
280019
516199
765740
608488
815737
825161
290112
265923
259082
716766
220721
563482
629024
379821
981004
440981
952926
405636
316759
685343
167538
958001
448507
614857
119864
201987
335750
837578
960155
401645
978930
954972
946465
924521
35397
524903
228900
394235
880194
680028
448545
847328
397390
126794
765986
129400
243676
479496
522401
691866
742171
646134
366102
657736
76345
564202
200979
491426
305853
840156
246029
159472
650127
716512
498355
558294
96500
386962
487103
66475
71383
294004
961544
297767
844837
207431
691253
427642
29046
541989
522741
85023
229059
246516
896064
933560
41760
594203
578812
108526
568198
218620
183837
54415
373437
997123
323027
685018
904768
461499
622747
620543
942773
328616
511097
659296
46577
399661
592292
471807
560542
424413
931092
597945
560318
978791
464572
58600
140831
264090
640471
479929
23244
668970
191299
895792
284134
944695
190250
408602
897447
718266
895302
151245
659870
712024
654666
648493
123822
604931
661503
119517
283152
534718
652036
564152
103467
369173
284407
383099
338025
375290
452468
720563
932474
997165
789251
272506
888560
423363
510036
149961
347010
909894
164065
366049
504687
81970
107023
264425
153832
578035
942776
964347
241212
946456
293266
477221
753020
553479
957863
755212
519917
475117
197820
261003
770026
924881
381431
347002
67677
741519
277299
351212
978389
350247
507251
676403
444726
448349
88165
458315
459510
801887
918571
91867
140938
187709
678415
203807
896905
912954
619880
354975
178180
619222
493053
825448
839706
725167
726195
135394
528301
290929
190691
10624
266066
512309
221533
832289
88592
647528
557860
357909
212075
400630
610294
581673
573639
747592
669328
195245
41836
902019
503032
295495
322342
440596
757851
328787
658863
69607
153141
54351
966331
527093
785587
962806
828659
582166
456578
301197
137065
348498
318003
748519
265878
389045
218162
742314
961821
481995
618915
348618
44568
519691
443967
72754
532350
320786
178778
899445
888999
891576
354799
5651
276214
441692
999867
366739
213553
292534
522216
444960
554451
662660
296961
467454
671200
783046
245464
126393
252523
873348
674945
489951
547945
882041
337630
641136
625679
582260
518314
146535
634199
548397
39081
36748
458125
813246
437508
288251
889979
885223
424148
611218
155119
738659
244070
943131
554069
148267
979241
86889
659244
906334
823658
700429
511356
939105
435631
549620
491559
330381
532962
922209
754062
466303
720001
331160
243686
46814
439794
463636
98434
729289
51498
926549
666601
686353
926097
422683
455260
487885
875097
479419
687603
683505
559505
521713
891874
349776
222434
187899
776815
160779
635676
529994
928729
480441
702161
700519
694382
460863
66313
119801
734884
594785
532210
752900
318040
107474
688565
717152
552594
220621
147404
876316
300787
988940
300137
509755
689304
868404
9475
709330
456726
535027
492834
912966
885335
709816
638247
913614
740017
759892
810699
240516
725319
989959
406546
470852
743797
745724
866093
483994
661832
583627
479832
610674
156064
861458
50602
88721
495954
954456
692342
860741
283176
886418
732532
891936
725464
493928
822979
885651
974312
895668
728024
221487
358853
824974
478257
573243
825294
746351
524227
291295
81785
903544
603952
421902
784214
257018
603258
812622
343949
609914
882354
723213
80279
980019
834739
838266
382082
582777
242641
841518
766413
762493
602138
170482
84202
339762
281867
278943
507124
57163
958211
455524
300168
734398
670473
297893
91018
808134
974866
188147
549241
227267
415962
600194
967008
833989
609769
462486
29592
758310
850575
47827
179980
788251
455871
805585
794882
198145
60849
864292
814225
693986
128048
116998
455330
498725
799488
714658
564133
450836
206353
923185
452148
756461
370326
32689
483109
918809
480797
868723
847259
842855
559211
538905
131443
209375
134924
264653
408752
494331
948352
150540
467950
867713
695865
207818
9381
604763
698008
430526
378746
819488
40631
454323
65955
46089
113623
252088
500465
737250
718589
129149
488214
290699
414356
849500
208320
93403
25758
536859
599530
133420
679561
75939
460514
197123
793064
820826
539602
411308
779577
365266
575775
541623
984850
623618
911240
577811
625434
813766
234299
832848
359721
731325
79742
263274
592515
123761
138666
974040
210748
659485
147067
455080
891029
969497
932927
748016
933347
747527
524417
330373
759011
159215
570360
348294
70020
482293
415204
89880
778588
543008
281502
241425
898245
890505
337529
482179
597334
858666
664856
336105
889523
518268
572918
906149
313275
917456
921673
82368
25534
669289
64711
582866
360132
318769
634273
889794
477240
938869
625374
741454
326389
877544
703468
203196
917682
71573
689221
844711
913755
284750
134335
596392
379339
852554
652153
725918
624672
647900
709933
938972
150867
826490
446052
814072
71814
612766
262561
730705
104689
342205
305569
163027
339124
882861
289490
513958
742110
719458
548624
236882
831599
276114
356168
266858
250047
265937
19821
489728
480142
947532
666040
725078
419513
616608
972941
593055
951711
5198
343884
825328
89138
572114
460721
121435
547312
105250
106435
426237
480880
722690
969755
612142
282033
770325
385717
150631
827242
551846
430682
460908
436738
374758
563309
608363
954756
507937
890765
372329
226786
123067
479117
229792
865849
685830
853826
975071
573911
321973
655849
557405
300221
191021
471605
678952
959179
740938
293991
685073
772519
726039
522996
919645
264040
18853
263645
670067
964426
372253
92621
360140
984693
703073
558772
681261
569699
805250
995608
711456
278809
661764
138351
198794
139956
424141
121413
756076
978930
805557
336050
712525
410912
919740
497870
659879
994519
787809
546718
976080
146957
70076
470797
733286
612138
130936
331134
63413
56914
910111
33831
858780
424671
720224
906127
430941
772372
422122
481734
970817
327263
408465
665355
771772
598039
129341
455906
83570
835488
408785
903461
207940
970573
234203
234954
463623
272635
280737
555197
728498
565795
754561
47300
232752
979981
704635
959798
605338
449472
922814
942411
150321
383470
68346
764993
658865
977970
655923
411292
310607
55079
44501
588264
297648
586743
317691
344080
43332
181785
27500
684666
660147
354417
134949
284590
340486
881427
747449
20152
882846
616766
455408
444252
903279
118466
514506
429857
86020
274090
794613
583084
809209
673869
989453
462569
763
48866
233108
957391
86943
955533
395091
133574
731095
977897
605754
906180
945228
331765
869678
391958
865242
279457
595091
928206
676445
903552
399562
330767
726500
987164
811747
514324
890700
642893
694442
993345
903783
589080
499673
544784
959049
653987
290641
165234
465489
822493
613292
773580
602991
406388
781070
124234
150696
698451
294948
637729
780919
235208
298043
240752
195908
860141
512659
827761
572261
878711
36904
918796
654956
798462
717173
603245
932432
485908
567917
263497
292093
784220
197269
474632
820706
320622
789807
702804
965121
769790
348425
871690
622289
63098
530205
200266
259993
104588
491844
844546
321714
894863
114881
728983
629226
126861
133840
391413
930512
203535
519232
628581
731976
559352
468021
153114
22917
831046
456900
69081
316089
76610
261515
434990
319788
977967
108124
289736
89130
308105
304738
168118
591396
307543
967229
226329
409246
591833
487472
512851
688904
772263
843045
870085
836996
512255
276171
961805
382437
645312
650127
659315
65382
438335
635436
315450
563848
147511
25711
261182
329313
998835
953854
586058
225632
108742
984779
259721
561572
284707
284461
595967
691133
494908
372288
13500
298706
775009
602508
218513
156450
616418
482467
851031
743862
52291
157672
748524
888335
163324
213012
153080
808749
253900
633937
552372
807533
145974
709309
383094
139075
413633
640028
336963
395269
792026
251135
431157
220296
928270
577818
7745
178455
156912
916291
595056
383269
627738
34426
948189
638873
596776
38235
908653
839088
774787
260585
289055
618091
327303
718782
114912
623303
375357
927611
222454
617439
741449
602752
261461
495277
948345
943176
463472
93028
985985
947787
588813
745230
7726
960075
244883
619333
851325
243864
275401
629541
695222
834788
564975
558626
107704
335901
666240
18346
404201
667619
123705
430613
541064
354221
494829
617438
301682
425634
726933
881756
598090
702920
237814
156122
335177
890141
441375
874037
259635
66069
936941
916357
277041
485578
179020
363137
724452
89592
547628
316378
379060
207702
963109
463456
113552
364478
445360
257939
467961
601010
506597
320513
41350
2616
508722
408841
897304
744421
856065
277949
513750
804896
979388
602784
85910
550008
213721
333690
672519
716003
700456
843148
263880
747885
57060
779508
368926
641227
668778
851886
352356
886807
851941
619967
251944
535033
769313
562806
130828
629656
950805
83119
355087
894223
47238
188311
916710
915991
122522
861919
97270
361687
352601
751449
862801
200005
697628
297795
44169
559499
855595
268475
38942
625216
726353
223489
252419
154523
634386
28232
438330
365242
294919
485204
731336
395184
827933
810394
777891
990572
265970
47984
85162
330217
734589
762860
580280
978678
906221
141050
578493
370859
291910
763130
864366
448830
573632
660428
691511
713375
461649
76587
788967
490169
486226
13657
261241
184846
355937
838263
780049
532133
754116
911266
135961
834813
820442
181781
810327
581705
141103
915913
717518
449309
531023
500678
418901
854400
781087
776661
806770
593374
842813
135064
666991
860309
294440
774040
117401
723353
494161
801039
126151
501058
72135
964919
632546
854028
647628
646968
157192
455913
724071
738021
649463
856676
370939
33218
4367
989739
532442
389357
153157
204855
387647
281279
396285
337858
634100
616620
407806
385969
894069
78460
439152
992958
842322
916561
940334
314720
227140
386434
290099
243187
475868
598892
970522
660784
307030
756153
393142
362895
621343
376485
202032
122156
947881
477797
968272
985020
414976
223889
19078
18625
224641
289525
956486
161809
932238
353370
77224
939695
43951
639780
884159
971345
816809
762968
200302
269511
190032
677648
880386
649834
686958
648844
421499
762778
407116
817239
267377
184792
714319
551484
503725
521078
132456
940975
651820
36100
866029
260444
819510
546966
308088
837377
126545
43372
555623
483694
635002
441905
840
17800
709177
904370
477796
487595
350419
657396
962753
62852
644269
293710
366423
896288
176264
143292
595747
523606
188900
372488
50843
363638
312131
29212
866818
822922
475213
834739
19823
711143
118708
998242
254081
23559
332991
607220
72008
541254
765233
440128
737425
960528
596058
70803
31804
350304
443865
568641
900678
173436
768112
409153
963404
341818
760264
723786
25251
104336
238808
294474
265594
771378
898169
599369
568838
623343
527400
938658
261537
869228
616557
715298
307172
351827
116513
501558
822943
18071
716175
676618
732543
278912
965080
559738
178774
257095
932724
810678
383351
843096
51655
508540
112756
630142
524752
240814
657579
806546
684818
478955
38092
48466
952701
253015
608714
149424
991449
513472
796175
777651
839135
974021
75762
714582
775436
976148
123151
20274
709083
947587
638008
961508
782509
192067
165160
45688
936169
999865
449866
820951
207177
7021
710132
28934
773503
761585
4079
444159
608045
662073
99817
300979
988111
294688
256692
870581
472652
216561
254988
979827
415554
294558
174466
455509
794937
780508
345126
846658
525962
410207
860017
872077
936870
408489
169977
449776
988711
332912
411873
699357
848888
700611
403708
953669
130890
523626
503466
430015
216321
379815
735703
114617
958960
537879
619901
3794
774775
879188
747723
830659
464965
267362
973810
594846
809596
641041
979947
532443
337617
706359
341774
483276
959342
630394
764078
574529
817412
803612
823120
351605
977265
948701
627293
896889
21728
342503
155802
51626
314739
93814
288880
824853
224372
690378
441632
706948
70530
226745
584347
788766
411729
593833
231391
910019
7819
837402
126221
243700
20257
145881
697458
212034
322121
921533
735415
42570
599580
53019
738211
385028
911323
323839
794685
21772
651178
329868
78049
123071
622015
587984
283893
853144
389305
223816
489931
627600
965087
383338
483080
23624
894279
294761
64550
594852
425928
593289
93353
956802
795256
961100
995847
586254
114150
80625
475497
937497
587112
946021
927959
692302
775985
622445
507738
962611
98150
439088
992034
943687
801203
480218
658862
500952
593393
835166
19819
407297
161523
458262
709314
498497
49348
255084
645688
386378
616019
67849
180347
883349
134370
735293
39702
876061
788127
738526
345308
943103
4940
372671
328532
351870
381557
507988
620677
65458
740844
443152
800742
46573
154473
241317
398585
449720
856582
879
843748
4471
256858
16881
996120
183253
142294
869640
741595
890429
267064
819075
186670
956634
761996
623184
352671
233697
90247
169591
697143
40778
497753
571429
630771
729881
333194
253397
727653
492348
339645
865405
956814
154827
57200
643347
747622
55907
336606
528108
782865
285713
146445
889061
411628
485458
785338
585553
738141
749220
956275
419108
766465
909209
138867
667374
900652
223371
543917
682852
437048
286399
61872
410813
390102
145238
126040
19895
94349
774087
971878
554062
358038
735350
191790
438891
976373
430477
94942
793215
95335
767202
667369
17548
816935
824965
755363
115774
153870
260607
973791
602954
396157
111334
353940
844060
26256
64903
202599
831954
438982
299863
613613
594735
102174
406667
840942
111188
333170
440559
731679
138365
340865
114387
766943
200121
185390
346168
960389
98277
127339
664308
871013
532826
320452
162418
110028
894934
532951
715304
507351
974446
193301
468709
355248
806423
199597
305583
473435
624904
216653
129636
32978
231772
717311
507598
694636
666705
230774
213027
700069
150378
775517
462633
837566
435612
264267
589322
67233
42769
866920
299750
309056
851141
907506
749159
115087
390934
275718
192254
728295
503645
594459
71855
30378
865536
276240
758838
623198
625041
184059
439462
305686
862781
446679
330387
846148
512520
315861
475516
706329
793376
862352
968509
867314
968133
324686
111963
696108
609537
647825
887690
646381
235766
97253
801392
581730
223215
696791
892909
576003
905709
849442
24692
80175
349448
467765
154033
7538
853614
920813
67589
125750
467010
825846
375327
119520
205245
266680
164163
274139
848453
180980
145710
874561
639936
100235
330909
191666
488240
488849
716601
792509
388273
607893
743928
552384
779836
921050
522009
203776
836951
519154
899997
537379
254708
160962
386516
613547
34469
931877
601532
32377
462597
160103
991092
808622
182907
282355
658684
479755
388951
662112
218534
919919
574013
807799
957817
538780
450514
330203
319196
786572
133661
91322
824911
961960
714370
15192
706774
837614
972788
39986
413913
213646
114086
825018
463253
945597
244204
575533
681652
73981
208185
731414
735544
199604
737942
513269
146492
690155
481437
485683
2755
589813
964731
61213
278070
659265
679904
477108
530060
913226
179393
946202
875885
286719
978234
36467
887365
304335
912486
523108
58264
354678
228179
972346
793533
825959
763842
176577
98002
921823
851495
159689
66251
87172
863617
35651
526058
501000
674794
102722
597575
72751
943686
610464
460059
60381
67341
21023
163497
361865
443386
34748
318551
29136
991434
478363
470703
376621
960132
786893
998820
354847
500330
489901
859847
566283
686892
588599
641403
450754
715759
864830
312177
176705
547525
499634
496946
153636
516614
467508
384307
478264
677152
492896
189612
782668
102413
212516
398066
501824
473830
536664
525587
397538
525580
925817
61324
848750
436412
14665
110355
973188
56030
282853
101105
721354
44010
340272
360823
535516
971873
178580
997303
120801
275989
548784
483308
483759
298215
787948
290870
445737
297350
823564
505098
569000
532204
14295
683629
354270
842394
317135
186765
571358
818570
790083
580633
478974
148146
96100
678086
66559
383768
927464
4603
750747
56100
712078
78266
486072
391234
175309
388141
507963
719632
571280
737390
713173
954647
114404
666007
57559
463651
634515
161591
757070
333854
403651
607350
284674
262913
891875
609716
436927
463664
573371
637445
246544
808670
184052
814871
563399
783170
848206
288433
741715
70281
218000
778836
8869
788003
734447
152957
162198
80116
216235
12292
676383
859304
700413
876177
867318
944643
168613
746803
562331
80598
867840
245482
508941
83894
740142
588855
594783
938538
576088
721105
437785
652561
846925
721499
176325
561514
437393
816983
132582
45791
542929
118991
269518
93995
875621
163994
735398
590952
547849
999213
734918
74302
134437
677733
172048
473412
302302
170762
394900
499697
949186
863393
70118
522961
686029
806292
313654
938903
144061
349883
230119
646367
245994
263700
814210
95165
545676
729647
322234
644327
94798
791238
527575
990106
835376
767593
354329
136759
620129
819049
94629
75935
952092
498582
898816
377353
309309
460260
939982
102820
959590
393072
953724
427669
764480
305846
133941
679484
899508
410050
158008
307843
246121
803359
78994
558152
277348
412808
861485
751516
896865
458873
334008
883036
15816
257501
894973
328502
128245
211352
590832
624442
67178
499073
979343
310840
231024
842520
295532
427078
489352
473680
813897
646400
926255
856914
100455
251135
135002
266488
833616
654444
247511
119839
56793
233165
672663
188739
599287
317100
577184
461504
32167
366340
25294
439077
6387
330563
520919
792745
807741
124578
980796
595835
687802
450404
758701
540970
857740
8980
270581
724169
628815
449823
21323
95822
851446
395200
477106
490835
381980
995232
791929
851480
601889
31801
317256
526276
628790
351769
681040
972692
206027
359415
580321
865157
183117
992723
813508
108813
415700
725938
635691
69633
16773
394963
194102
689289
717952
853278
964244
848708
991259
466789
685437
807266
544783
481243
198075
280503
584255
855003
769239
454930
653817
80960
808860
57129
511907
290727
812834
788183
758578
54721
501087
168346
201922
684203
352669
813504
619063
92799
677910
833824
615812
355760
970069
879212
20331
939486
331928
295734
12279
590515
142814
536608
549659
229790
86798
497865
507772
541707
900894
714587
863416
792758
709117
370951
104655
623305
138323
887290
563678
845575
725583
399352
655188
84743
839729
397422
378619
154457
589689
208962
75746
624695
880843
274049
28588
946873
953790
22432
746644
657055
179827
65953
380116
358406
302886
518413
791454
62041
125772
287708
946739
805234
850159
362891
507111
980503
579003
92134
360289
535819
42290
698190
4001
464702
337905
927039
640307
459955
324122
353434
624757
387053
687126
785741
554315
311026
165249
41034
534649
772275
3349
888031
964644
887829
129089
995852
694838
653618
323080
126163
897124
290579
284466
342488
465236
120529
770123
446664
207410
490275
142122
906382
417144
175686
759543
278413
797246
794798
685395
776762
917775
409524
140625
376023
593778
217291
480979
925567
16491
966936
955851
630814
811411
86829
641919
130379
537631
432871
405512
119573
501202
301267
804175
383948
381988
832362
963865
674728
843017
225416
751161
226305
123327
542489
59067
695570
133357
114070
167531
575858
517105
640981
161931
351485
502263
946660
856936
976909
141276
339489
903894
208382
384225
359142
970997
808416
206061
786880
245108
289058
903303
923573
387839
394683
226338
425137
282788
135822
765648
622016
448062
902613
576472
727986
104855
724074
852564
39509
492090
125827
679745
825742
708287
251428
203305
343699
475675
268289
163630
950383
754797
247877
347400
914213
567149
838937
590204
864659
632403
465603
735801
937758
517140
762507
153080
925898
557107
589097
27194
876882
66265
987728
32928
710718
933471
826338
81721
92525
710617
273071
941764
310805
476279
231641
927611
658907
525887
397302
820679
806762
157390
754336
504105
384510
7318
356108
781873
866042
571469
106928
857002
192467
645286
207191
698673
202604
730358
147971
646636
50277
811721
548990
899131
494088
86514
647605
425462
658557
523697
588416
104133
885542
284826
165613
982193
119022
300266
983992
547143
541323
857992
439523
89151
10944
112662
341158
107905
304508
839193
316857
129611
441157
678396
463269
53347
179621
31474
249316
109757
619712
454286
718839
18372
287704
345258
203408
706749
731773
203351
627269
797672
585851
771758
363021
818194
898722
57850
336922
738206
664189
102534
545362
378541
476616
772936
775156
353183
401661
88519
958370
781214
196882
898245
854930
943357
166063
711295
753425
240294
718503
293197
868086
22302
125690
208548
223577
336916
647064
456220
72526
833373
674262
206443
96127
330230
64622
556113
969884
734818
948082
649514
139589
943974
59782
642352
77048
198992
725349
836591
608751
485466
539903
202636
271474
507406
386177
659263
42149
692116
647725
386776
813860
329869
471442
661259
975039
904076
233696
185310
654442
902755
869435
766382
831883
939970
591779
370916
338656
872312
679441
439074
976374
657473
599753
425142
807954
606512
494209
336129
639816
865116
87450
297549
315923
197747
649427
131371
665017
944396
843704
761598
31624
832914
860520
178101
145579
655967
204332
636768
469977
92636
982050
607760
476543
262544
118292
506736
111335
301962
349292
125050
616317
661471
926725
422666
821694
838456
771284
916352
693397
808934
391279
808596
489798
173344
962671
645778
84199
876658
824691
560601
220277
442151
536107
492720
883043
565749
707455
589844
17113
871112
407601
959917
380793
376682
195727
47639
501820
671957
467402
564783
734765
80667
109295
489479
909057
33963
600478
136334
592609
761993
574400
312690
108864
206715
36065
246691
218810
980063
807571
781961
368143
510512
319735
490295
271271
945366
253279
538292
717896
353927
47693
150643
930166
954582
64991
150156
294597
312064
173706
30817
247204
331555
244033
213113
155251
649658
31086
568774
127944
641515
841752
864076
106681
140918
989886
684302
183755
980330
743007
448996
49620
414873
250676
888220
936538
563990
64149
25486
460026
914651
271556
918789
99492
368130
588142
822504
861481
624810
671821
65020
162371
944547
720459
194985
259311
909573
575804
704836
222979
468473
138346
546771
251047
327743
72006
740687
192760
376185
585420
464006
841939
99671
670938
587716
356497
763488
799549
578133
534310
155997
50121
657897
250245
140839
876669
258563
887031
145758
595702
174532
437477
968273
51570
378177
491875
947310
243257
175985
547710
688726
455386
9247
663545
946833
54547
913731
840041
806817
929613
811837
357589
101649
623402
64225
246785
129775
943355
29227
935625
850336
129086
121224
328563
607825
76636
350724
466837
46427
837479
999675
753626
726040
795873
165376
735920
567414
178459
208375
510158
842120
615864
590214
720185
922078
135942
746930
461417
739902
620775
142528
626326
402402
757495
573838
859251
717546
11002
364810
28284
669569
682650
105322
536920
742730
799021
127489
743664
726604
350002
824374
284044
593000
139213
336907
667174
211707
987063
879470
421458
757401
128534
265187
131693
5150
125855
83308
164793
468838
290736
740435
839837
242621
506490
413136
776216
695569
352517
469123
395961
579817
468786
702769
157925
968310
402856
888668
117617
445798
661320
1193
863774
638748
464161
915142
890179
206266
561509
348754
317796
13156
839629
24101
83076
359214
501932
609761
312385
462624
101561
121472
308120
279451
614680
386149
994802
148746
207407
373597
465373
139645
741544
457432
929669
655109
506632
511938
991242
69449
965859
196158
892094
458206
34425
600938
129665
134842
766677
581270
708815
913363
175419
907159
867056
16546
944293
555804
366357
49668
711141
166827
705068
127407
391742
412023
21772
394180
46945
654470
188305
907970
95965
333909
338899
208753
880449
11765
512848
956688
449783
641760
177178
691137
418822
636841
587289
189967
835334
213522
565671
355181
602113
892957
168957
529676
809856
650854
320009
782975
209201
133038
424508
185764
199507
943272
41232
331486
407933
714118
223461
168892
370210
153433
596894
777683
988509
857523
388796
635236
297251
246897
320033
546725
106489
920388
184132
837865
492613
247752
372231
148501
834371
751468
838221
953743
667842
496537
951209
256332
492956
261534
885001
935276
447317
529885
772369
482235
405028
94622
703340
364135
155109
466846
839457
170501
833619
610347
691241
315752
880286
858605
671838
216347
70827
961039
615194
53057
831166
12233
366637
978082
443601
739089
106191
570143
435965
392542
416477
64866
586576
506073
664226
693975
887845
690731
224467
869175
513264
812780
543905
183248
161303
746016
685005
965627
650919
485197
960061
766963
626944
453353
152875
776369
55821
402994
839391
890615
817133
970288
57562
40432
798506
126952
125484
864130
344595
401298
500121
380597
636500
824111
630488
19887
216902
814126
571913
849645
683033
914191
977124
478709
370140
613110
26603
533858
133965
185226
478360
233989
790317
148032
223874
837910
320797
911204
108903
936174
432528
233434
647201
470305
89672
772291
603035
689377
339755
62152
621451
284576
630191
218902
9315
222910
123007
76820
327667
275883
656531
483690
796803
385163
32348
689599
971910
578098
714092
889375
736378
259058
209481
231962
318214
672741
971782
879278
656018
351593
974394
177002
501252
564867
822501
900910
498217
419822
966227
937482
137247
572667
716765
382521
243595
936475
868286
783237
527897
695474
382660
588095
594855
37430
151927
472687
767075
448290
269268
605502
152449
344195
921620
714988
87889
741722
681330
176132
476330
820911
238645
667661
210120
752751
628100
335545
386144
109718
942929
592284
733982
196604
383049
981394
867176
516006
690562
423118
78999
963245
123259
429377
673601
817951
34042
227724
789423
730099
70122
455163
51410
634556
648549
500156
342468
849481
485267
505404
890846
412833
591984
758097
612590
11113
562463
970061
273425
78986
134640
297945
695111
198442
606477
352423
480455
442145
37838
323422
514005
198128
14185
974240
749182
476611
910843
229504
442926
195259
177302
290547
937441
257986
236648
672385
842582
441303
235382
741386
66406
703712
816890
35689
891780
442373
805522
531582
704867
411999
151454
371164
69596
83272
224091
656515
309277
719676
303118
574386
412226
382667
931154
387913
144503
236916
492649
34887
228256
12315
895678
195322
268631
165993
751763
514118
739995
900365
936721
115316
242103
387536
835739
971699
34774
315528
728460
848862
442087
272708
432072
170134
496200
735864
314517
759284
92002
423265
434061
565254
132463
722096
177277
58165
500132
322445
403333
662275
61937
918377
776446
195007
698541
258597
988292
179462
178679
355094
757913
565873
382643
416170
167936
442277
592614
63670
556115
667953
352047
86673
680267
573141
699473
699446
282580
682674
590448
922883
887296
49096
159308
837964
580567
113462
746941
792097
43802
171372
436135
416019
752375
267540
493363
394984
343524
14723
593694
514551
353596
483985
607201
452213
45808
282229
201213
691548
33408
257332
112970
774622
728808
451781
839797
696052
469043
217514
800510
304678
108164
829700
763224
672470
392345
294968
834937
158769
840465
422208
563313
740032
789959
306580
51147
48479
172457
743068
169359
829308
248040
635436
366317
30975
971635
504657
899655
237994
974547
670230
521893
323697
143776
166135
491192
584814
192035
857598
983131
69579
703052
850023
602251
926209
772254
101585
722467
298176
748235
737330
668126
100865
560105
624050
401423
976459
639041
688443
622099
480294
117008
407378
845617
16434
328028
487636
402730
572459
137525
696271
86997
569686
424256
954952
130560
917139
166208
690384
256904
218251
863669
552207
421286
49880
127553
817135
995541
80402
165400
923393
848168
677696
519293
256426
175075
455693
879720
826492
631023
140783
129492
806766
336465
536788
718458
521023
530399
815340
492718
298546
163843
770718
698309
707350
160898
947908
690037
663081
966114
765403
202257
290651
985349
293765
860126
971163
389714
219370
268750
19009
42335
302947
550052
421863
514636
106944
455135
714810
691807
636142
68574
512923
609449
164955
41040
213332
668812
300790
198705
634057
86990
344332
895530
620912
101566
652406
893472
119676
137877
373684
691504
528556
318751
729395
552231
775748
197317
600403
578501
873812
140391
941158
291495
325967
140647
364284
129813
530755
732027
92015
747540
388982
932098
590668
776526
707242
452809
437711
892433
404046
134053
902447
627917
814496
731213
747485
559972
752469
78390
365177
739048
50548
121363
739102
43557
730337
842157
849445
135996
866799
616278
568515
901846
524185
348265
260526
186962
402332
333212
781399
514415
955383
734690
829690
152802
505087
210660
723279
890416
304396
914279
462466
827779
866589
74880
252536
133437
49790
874904
969883
625395
960736
554926
397218
165948
271973
212304
200706
349834
93434
651240
464483
505006
763831
669544
496411
636869
204539
280946
148689
294745
158831
683445
309413
81442
209022
671870
359500
231135
751585
530440
131316
654727
804307
245606
868195
644420
743409
53057
179969
106679
404364
419962
900297
345481
711292
747187
225000
842596
766200
635419
721834
553680
303319
391339
54980
790358
678256
107351
316672
975458
826096
739769
973359
760696
764794
107355
539218
164849
754781
860194
622496
881976
906815
392059
677707
868650
531530
132133
957089
420655
88773
821462
819352
109493
994663
419863
127355
382468
879575
866501
500678
877921
213917
844566
241537
48272
760715
214947
133923
476533
968695
417063
304834
730924
419514
961206
742667
684786
453442
289987
563580
114576
365182
705982
788675
581427
281260
911446
382967
541771
149749
505977
631479
962577
597959
147887
822501
647079
257093
603427
222494
697880
974614
626415
433976
307478
425517
791144
500622
144786
158954
664318
954157
251100
369343
597955
811748
283051
653384
649910
95720
401093
163087
837372
785003
285224
347644
665769
254702
345233
902385
439743
701282
259811
492807
66245
407046
425845
364903
285136
537467
691339
621040
98564
530198
433787
370164
390856
485446
838661
832049
461054
636627
163357
265817
15430
458768
933600
800856
878456
658983
170688
129802
912252
269302
487334
630390
699542
944800
109003
716025
989854
538825
33637
196606
965245
48308
412159
570177
289696
707506
202270
822004
211511
450061
192178
336880
542460
632620
768417
848033
990539
425363
150195
943365
255927
230841
241241
158807
83397
348375
556099
986477
573294
291015
921184
628766
988234
457884
621837
398735
542160
956553
454880
559695
261038
74294
829265
24362
689336
133947
175301
166584
707869
113125
662303
119576
912631
113669
342636
689881
845753
881918
464459
677190
65536
826774
603032
317611
870878
23972
777772
853153
508011
156924
262243
853661
873973
742855
669625
237465
74835
121635
286138
275111
824571
723017
295810
439529
324315
418410
134657
789452
809564
155550
643525
959403
306309
137523
895495
143381
948171
705818
99130
154158
286560
728781
186469
890203
378328
207409
96348
600195
891929
800305
592049
271219
163020
205675
568473
934691
236960
199384
879577
554451
502263
799175
385927
765515
287150
936425
907468
5473
879880
984706
904043
40128
766572
946019
322452
899102
706534
450970
372917
167264
219110
99522
952835
922630
689821
504020
702767
283822
659391
824837
50436
466252
16308
455573
527364
824457
942415
68965
792492
543690
431799
547397
893825
394705
817628
110939
207999
59480
342880
583789
643386
452504
713323
385332
857042
479456
485826
969564
869304
144534
401278
381548
975372
706296
654789
386327
246919
242581
829175
83250
17727
955229
672415
865864
877165
450823
388363
138515
670843
12990
564097
9444
520842
60925
177580
530319
889666
685766
628599
227560
105271
691930
892909
213490
839497
904490
428420
922070
435440
229447
325370
313872
496337
366688
548142
487684
164213
120137
876052
995985
807734
132741
154363
866125
55302
256335
36738
562438
950567
764714
8033
220937
145211
622121
635329
675996
697940
407579
252077
139816
797891
912881
826016
336926
473673
363226
310678
186291
884060
168218
550620
257014
934455
595587
671248
431504
179861
175909
619226
208735
757487
814476
642254
408450
601334
613625
950272
240067
61307
889713
921252
227974
811959
103455
241059
323112
738020
513454
530673
43556
307132
486290
669526
286775
155802
754333
615381
184394
390041
357716
207313
286792
502617
871766
620675
504689
866322
301084
647318
133208
371049
749513
481560
185932
311571
617638
748050
73451
120607
282690
765658
21370
974441
990101
421972
840946
329376
602325
50391
411295
311521
572507
732611
477485
502933
300739
311587
570929
400948
941673
778474
870031
485862
758079
595812
661719
283451
540286
446142
305258
175964
175513
526659
306513
933936
563440
548675
356364
581468
481808
73088
345247
7225
199691
326130
587482
63280
947929
705633
759078
752492
412816
516769
777543
261188
203042
479057
491201
819762
445932
686213
677572
65912
591795
986541
641395
810450
741144
554969
820905
566656
275480
523868
227246
302710
10852
80931
366502
460095
196031
412510
893154
576267
987730
451255
89921
85987
817445
677512
640993
809962
296610
53125
815940
227576
14073
786529
694827
915799
983536
902416
86803
840941
484747
217783
929747
573363
628370
499410
884014
747719
103210
941895
269953
858091
990738
122995
159790
332051
952650
112704
853531
529940
385450
554484
997224
963211
936959
85609
783324
86675
644775
839066
171699
134888
725443
351209
701195
235964
164080
292383
247250
269280
971238
292791
432352
320687
54392
125705
664087
620312
447854
950636
415779
39108
80089
128110
56199
492592
546435
696384
206520
213777
529545
314545
881512
836047
514535
48680
683739
913837
630052
282174
227452
562724
132329
216661
715331
823367
956738
50179
729481
601651
119875
175981
831686
919910
124593
698881
496409
908178
58889
389310
96552
360040
53927
879188
185251
837393
913221
195446
671327
637604
713472
189873
680086
372837
637035
188066
356734
157798
6579
894044
833660
115848
618500
4213
342784
474282
219555
738943
213340
217007
871385
844729
217140
370924
120294
597419
380528
808784
398217
610141
358105
698120
51361
609146
775907
957574
836063
732132
928844
117857
429233
382206
984247
482752
46195
711507
681122
492334
958771
252966
604797
978169
792749
169625
813347
353801
528319
458069
852801
585817
594862
438362
92719
511827
563118
141042
307566
169284
799835
240543
874178
856787
367829
654682
664513
59458
61625
500468
609341
618962
510706
354048
253834
625067
518785
536672
301043
434302
658749
598546
484154
377124
197441
69180
614355
573980
972949
964118
825986
118671
414436
237400
240911
915540
554065
990199
640935
870187
853959
380104
768195
104119
221518
720539
330699
973624
354008
698068
98126
164848
396601
377439
536437
846967
829256
669641
344414
242266
578583
123833
413944
844923
816632
713035
471375
700560
50498
454582
353884
192672
798414
792692
84256
30886
369058
858748
678685
451845
391035
447365
242961
625977
885768
567954
757133
853238
872
349283
554858
527251
293638
315117
165145
536249
51511
257579
311892
205918
950589
744692
451126
529707
258285
564468
63336
213624
352043
512129
426480
679202
663753
544371
338206
575163
55008
90081
131074
966274
575373
776355
620299
317697
489915
938743
822793
876698
189377
507718
22140
448810
768172
626250
766979
423345
743569
586822
892058
232662
652151
175955
121648
50479
570546
447575
805516
710767
250309
81745
783877
361733
363228
253674
698118
170275
284229
687615
624711
921603
102839
274541
576552
17125
856648
719260
473371
897185
748936
118114
760829
747308
713516
421760
723575
737582
750277
525917
339475
909296
664011
146923
170079
440269
41216
178834
992246
110619
680462
567389
570305
187163
528351
894227
871535
569159
367568
189064
823777
49720
52231
670489
984029
522489
437472
427175
974465
63990
153662
53333
530649
479236
886132
183176
536083
59717
137881
480824
602504
94900
636508
737528
734236
762191
186641
59325
982045
502739
301109
229343
52837
374066
786638
80353
813170
912186
484514
624925
831678
480507
856765
475819
472677
603523
48656
874176
473837
822250
8329
486522
868060
856303
405583
676717
762819
519885
721717
262614
397806
364723
736709
80411
746193
82221
467104
898925
709804
426333
613975
363564
307705
749725
40346
381421
600257
29163
392409
286811
68642
906330
116537
74936
590732
452677
638513
669850
685846
308821
607684
335309
966337
476217
605838
578423
241347
796085
576576
731337
935109
426511
534287
616338
888606
576168
693694
941430
958517
366815
245225
758835
423788
228353
349108
164388
860237
847154
204132
214471
368992
901786
832530
260998
328316
963875
529352
496084
482952
359870
789071
851670
586517
548461
300830
104760
5358
890723
272833
498205
808358
160557
895530
292380
982953
327612
116119
638834
716951
349609
608512
822095
991925
502562
489081
943177
733431
909594
826292
182590
295877
198151
819909
557143
89907
807248
663157
612093
230894
998674
670303
687992
266107
851682
262781
853332
364683
535990
138692
671258
938747
260543
16976
585841
606613
248456
53082
237035
453930
677510
909852
930242
985789
918795
56977
667910
650598
296180
706212
392049
511207
400575
670761
572695
649170
509641
514397
913050
573255
585937
832448
372651
622669
143808
141808
118572
35738
857873
290143
629257
420558
131279
888211
64655
623880
451659
222775
274844
21070
765267
310217
501223
34958
731514
328248
626217
773271
837334
391392
242458
383073
941883
378626
150569
91634
541467
687245
429163
92916
506282
455324
575678
675963
868667
635184
3214
187604
940841
924561
858738
695196
838002
245592
578005
237151
470791
623404
118581
487953
853158
984738
41662
890447
416884
322176
493379
922486
794096
398791
257083
738154
312680
470454
994206
870393
829605
305278
385359
282587
198788
561257
463197
34147
680910
885561
980605
227165
401124
105832
799055
283977
330231
937520
384863
672630
288980
250414
409645
204546
405926
442981
278606
60876
370897
226426
803506
811343
530713
209948
3790
730127
898027
953471
102054
132845
900498
689895
184824
393672
156405
477637
827358
374231
270932
916502
830066
356884
878548
622373
572148
563537
278278
930478
291444
143560
61956
32595
719996
48300
50728
444096
533801
807087
814117
882304
24680
889825
587094
964756
89012
280063
779839
755552
82144
649761
475238
814071
646096
629213
623446
821231
483033
200037
257223
621498
746847
529394
881518
857391
833542
348990
490879
592342
795800
760578
762337
550261
347964
582119
470413
676717
652039
98468
644053
920732
356292
845443
642869
549284
790021
491215
45080
464015
703946
466032
580420
925302
144862
922575
618771
936875
524216
933626
674271
34067
786669
710651
278247
522431
576858
426267
27646
373954
370929
370522
584427
719644
827953
618120
105470
8523
386652
548500
183477
357308
480835
832127
836483
169282
665660
266797
414989
493804
55484
129309
558467
775100
361661
28337
779632
245252
330509
730019
626898
468851
939019
578155
72402
760372
828932
890734
577704
889535
799819
832125
596222
757038
177833
43496
673051
45119
558174
263908
492399
905640
995961
322186
246608
958532
632896
368705
477116
95946
152493
925202
83487
408625
628007
527744
267048
94731
517997
875587
257991
885221
316672
209938
732297
454526
519685
938900
39064
911856
860439
712315
3546
171748
25077
810237
122675
787445
800508
732768
422695
913029
489949
553145
200541
848431
173353
437736
906589
669174
833858
875291
685392
611846
142485
52249
917776
324959
820121
132217
735528
488580
345344
478549
789659
338789
754515
66433
357569
556858
153333
129844
155920
302259
873921
152341
223766
477003
783875
633327
558264
588618
765509
782207
108610
269070
747853
40430
370415
182118
33456
784136
103522
305038
240568
455777
77329
132826
575499
88117
934620
554978
769003
638901
199542
869094
436067
903204
303194
805591
149475
918288
608978
483299
401788
920117
664224
453072
5176
188378
668169
675214
688968
150289
216519
245112
826209
178483
143051
123692
448617
160305
711123
379962
722952
600948
633043
600416
306988
599274
680641
178784
399211
425386
758951
473811
988210
158893
139782
126812
773930
369421
433830
796163
98895
689533
913759
162198
120666
539254
828698
19538
413298
363483
742059
869170
185077
70978
785010
97241
107815
99032
885981
883131
677490
123507
654524
80505
594389
113993
872852
619320
810293
826815
118951
471450
635064
430543
313920
178257
897130
443019
789433
473023
726879
249318
508576
124819
410278
771074
657323
68032
637003
917094
485264
333307
776999
860531
122099
480985
623978
923912
479214
471521
19343
422452
995269
697072
270216
396702
936954
37120
913910
796868
537945
127710
448299
980906
231489
755183
209956
729379
313685
151133
853437
330721
822052
149527
471364
555549
429011
719884
386061
156254
558121
307407
167968
146036
656791
307172
784325
566884
610679
848972
320286
380794
14701
500194
209974
513931
458362
249756
428857
519820
225526
115753
704376
391151
100640
621371
580093
727530
386933
366120
556255
938692
598338
746746
820710
352133
121471
395795
55723
761426
267422
694942
328587
36620
789229
74657
925628
815785
932801
158641
769982
610527
278150
428708
186403
758286
202915
320528
874551
984254
648750
379946
46262
899307
298230
841027
110827
946536
959912
709307
829105
756959
79346
452853
757712
862203
598405
84007
436377
914577
701886
267099
246327
9443
20901
239287
538293
108290
428915
974979
225806
314219
904566
860960
534671
69467
413778
821679
389722
806907
852949
262118
121927
214270
768142
215425
387173
608052
57682
377752
636122
194293
822667
688805
868437
522746
621318
27216
468074
438785
334258
83606
677196
708124
66740
923675
639545
860429
635954
166537
669892
620442
742917
917877
294753
703064
968248
383222
353450
211112
656607
926631
440978
215206
445925
673005
402409
731070
697201
498648
331431
445425
192291
955435
552631
601228
214044
8835
342610
263260
770511
259474
635710
179088
592824
474181
901377
760835
145738
579257
856101
64412
776477
633333
835976
197170
22135
316314
884178
203160
801436
5764
744779
773559
270737
660727
594859
422874
63861
291257
224252
730910
970585
364569
378828
453840
574947
367738
207731
873723
643905
131900
304392
758713
885460
928638
52279
342283
57535
435977
446121
893535
503858
512088
561001
565054
863125
528302
986507
643042
240897
226944
539919
132050
696477
68374
81241
502127
53925
67181
575796
61999
292280
614519
754099
976111
522655
367157
479976
522125
339739
742997
12042
51801
2229
442043
706636
383561
440799
175342
303986
231738
429793
538849
717885
463867
466106
299326
217898
804917
59494
760829
645464
320421
956019
937834
322420
161815
927651
652647
276433
566967
835835
760129
1757
663590
542675
635395
32295
869645
45259
509836
160506
671376
249769
256868
73674
628698
670046
380817
953172
895367
135525
210604
421110
58212
768481
937537
298193
29379
945035
420983
949449
777702
417685
87456
945146
598440
633796
540443
305063
644053
802546
822134
346676
243199
285252
24696
884794
134991
705692
692331
308274
66997
604727
42602
804191
269465
173909
537896
679972
285290
174738
798916
410702
233789
983353
102246
407223
879853
261270
848725
951662
120339
254343
141996
262968
253816
258959
34368
178982
612834
243157
926358
652436
703093
503686
67486
77193
997723
577117
836234
926539
850785
132930
90757
533348
921521
203585
428357
680465
979284
396095
922833
11046
129861
534720
310598
666350
417089
30480
629376
672150
60448
217537
971159
503283
49863
752578
423610
889608
196287
791217
887841
725319
111482
297596
244265
367459
44731
767192
199516
130619
583736
304510
412814
809985
808011
189325
300781
27211
959815
494176
139216
390980
760066
557869
336341
363954
559115
566309
964104
861761
633506
570425
18211
215659
237394
41007
644436
64092
232898
675005
876326
459815
700565
204503
802828
343593
162802
895075
123751
39783
562436
480301
398392
962955
886298
332067
875918
83896
972622
202828
70683
456095
22594
207014
856534
7887
309383
710425
895794
473368
293600
927960
400083
676990
224794
419362
404946
319336
107621
183524
44402
679231
740454
708846
701758
936141
794175
632643
69371
308263
578407
129074
17859
421113
155427
746362
176221
715829
440963
256493
62454
646391
528365
130389
931287
995961
84876
711686
513981
75466
518457
238069
681159
588528
505147
414922
177489
866887
471850
106099
227240
816059
766733
816604
737593
437166
473797
34902
430362
74117
849553
487926
444814
800474
296833
827432
615910
252070
257389
61211
309791
235875
178737
433005
765624
13636
72866
952222
30848
440437
246392
895663
380266
346785
586736
70878
356997
601508
727110
396020
306838
850379
415004
474533
22409
166602
501715
295142
214999
728592
783652
820666
444281
215643
861750
603927
564409
840874
130067
542524
148860
841349
837779
601228
842212
542434
828150
420670
527615
402837
580628
190312
812321
325073
225342
198182
209910
269470
420840
964038
374815
468935
494421
809335
870789
443508
981455
538531
441866
662242
506425
715145
819170
431572
363910
217814
775472
154767
202737
395204
157248
382861
136600
362494
687206
421566
421635
13988
835951
41291
374803
493294
201184
334702
667560
678252
791668
511054
268255
502838
432363
547995
350664
251398
970453
266178
706109
695721
853779
727613
662772
799889
386295
539153
203274
482169
736404
863819
140765
418894
386932
748742
753719
638028
610745
323335
682915
548291
72978
860594
921691
24569
223725
244093
154058
814011
232332
585898
82751
732650
971435
783572
599311
680663
845564
768805
40984
319551
322135
294879
370282
455240
216647
121746
758340
755299
931352
767886
346310
36346
553701
650302
957641
715666
558214
737325
777893
452395
57141
503561
436389
404614
415541
992398
321692
982293
494063
992582
609375
937345
900663
216532
908583
543836
237271
569362
242339
762540
133652
80711
67219
20492
586053
256822
232581
962894
247725
496157
645678
388434
712226
875940
286988
398056
373809
307885
648386
7941
6537
819968
760829
97205
356982
25571
98996
199597
287503
856711
231677
705041
637574
865085
15309
15941
889748
985983
908529
603416
958480
52258
709809
580633
874488
229814
716904
137027
594583
795912
960831
79609
92288
788166
775729
757822
815340
280080
587019
226500
216986
436206
640389
586804
262692
588712
168993
33529
323008
468702
580341
299829
87056
608248
19694
347853
723084
924866
653638
23776
461343
452697
608912
601523
331564
378051
823407
794136
788897
751608
302785
112275
500394
282879
754964
515594
893094
286637
185762
365279
347575
588
962194
368202
134184
551903
785724
493289
746389
560126
979240
678174
690415
930359
350281
666268
368910
456563
170531
981488
399803
876818
37998
730561
751674
474702
671850
546727
405732
669775
907574
319735
59426
820211
103971
605397
249769
238536
23269
466700
391141
599236
656918
219177
793204
302186
664065
422522
633431
959629
26234
590541
525673
458392
969662
587208
186880
327393
911107
203267
297485
194315
634846
349487
823608
275706
373136
119797
179718
870526
521565
636174
672787
442937
432205
968503
10846
748111
623765
585268
46419
353944
978765
379122
237068
187570
942607
366116
53617
123997
512716
94588
426300
809676
308346
844244
334845
423694
196416
227738
168253
215407
586120
902611
230187
974494
689334
315252
426855
653224
840234
670308
223021
236093
775937
7019
748743
407318
548099
804307
918707
554850
432006
541550
916744
508496
526665
735974
367962
289221
998223
609264
206862
546358
880209
70845
413753
314169
39662
637027
192281
366470
12326
367539
47571
374700
757489
359940
691693
621236
258804
478319
55802
121902
632698
895828
63072
769981
510451
744491
560918
102232
524032
429708
829645
152657
141543
481565
854602
81561
85547
578908
295213
936448
508165
652830
383229
879111
712383
732535
865743
164032
785773
7632
101437
280839
840362
810558
19641
541865
809118
971367
668131
262296
257770
920039
328129
476531
292359
804188
808783
449911
995370
322633
430526
906993
334969
167845
858606
635370
899053
814170
225084
403867
813505
267316
578407
232893
913270
575084
978801
552755
239250
316977
124825
575045
295234
983282
911462
323377
509246
792386
589510
320429
190451
876544
729016
424532
405504
532702
17214
765465
246118
457729
291870
565986
318626
827063
297685
175098
535742
58812
741491
565792
78203
936217
558143
143969
310250
273408
573419
861895
365174
196592
447446
107744
506294
204329
654166
432607
655943
42072
782060
80116
362529
658584
663272
692670
940780
58747
110034
566063
612720
906819
715607
674373
249725
332321
323570
536559
291105
463443
440152
397868
539214
217031
837145
56357
611202
879335
536113
687058
294949
416515
131799
407184
724332
906149
261755
75744
558993
278979
45021
927149
558348
635910
448329
58898
814393
258845
310802
283971
955417
53284
453266
535901
757477
345466
186175
582824
32229
858958
158788
995230
396364
72125
322352
416946
955642
328581
618230
767522
774007
703618
735625
476335
723960
829318
920215
16886
551244
727012
167418
894140
44061
677151
752290
515192
18743
987010
683959
992289
322718
377307
993134
731701
828307
299262
504999
590864
979456
497655
795865
177405
705505
946654
265007
299658
593290
371649
765149
255073
931130
884104
138451
331608
696973
325294
824273
323582
501580
619751
214093
426577
858180
333411
292374
329014
195390
169988
859041
796098
294969
255578
987579
308154
977933
888393
724947
682055
965476
353219
841408
544424
670463
646594
41822
971070
467985
730839
220089
659825
276780
366450
36125
603262
680905
944706
937331
777908
848524
991386
812223
309621
763937
517394
344752
279892
74705
51520
437971
565761
101217
990055
795080
125403
630139
46197
511948
993249
977206
792847
747907
749365
563495
527440
157097
239260
130356
664563
452592
900189
765980
100070
952879
391658
815261
76
99678
628541
727262
723648
280467
663371
94241
399032
95503
809539
391097
502050
58205
3289
469665
121377
195257
926644
24337
255979
333763
476774
748313
613456
169493
324845
445487
109650
970675
271842
968785
458859
73090
369217
698959
964839
46988
915181
744262
749972
386356
781479
11911
824241
220579
162954
700207
318164
524977
901635
583963
622116
751345
29040
401288
143983
580258
965833
245439
82884
543547
259566
963565
8098
588454
588899
485808
715977
289317
998861
819770
324376
198325
34684
663433
900029
8313
232038
809082
649059
7900
333385
935101
235195
26228
998041
5867
828169
289124
711844
343083
461088
949754
636948
385742
419404
99871
843455
916657
673299
295785
237589
553983
451137
3546
948194
43653
861434
213735
809240
430398
814011
673342
361222
109300
739518
396206
328655
183016
922186
551332
680893
167270
369754
806805
70015
838844
332753
724925
621614
839456
211797
469346
881709
560961
598248
149360
117150
965864
216283
326868
189641
985154
272653
616175
872393
52032
588850
458599
248556
971989
647235
676984
859463
60171
990756
326748
305109
704008
486597
400506
574863
635231
496214
708760
563642
443305
461757
474633
546298
720416
977584
765724
192069
752038
818797
289966
358037
71704
144605
287432
425631
434706
252690
951084
343568
2622
752473
967714
604610
519322
207380
337200
375855
983853
603311
301351
152421
528088
42004
788244
177513
587
205073
302434
270073
399425
444684
213321
646285
713854
573202
513969
992939
994967
314684
25776
914817
11048
849039
139463
350470
58412
382268
847457
429020
935804
494781
829651
607289
206096
931345
26774
456791
556653
280341
835446
332826
294374
291153
542664
950840
601971
857512
172392
477504
857374
187426
492716
574173
601535
158147
334483
63778
361623
158675
245349
418953
168693
24971
767531
421751
265309
568568
68763
793266
512098
740499
993617
933866
367083
371836
798840
497478
205130
221721
263715
521379
979286
70085
218511
561803
114131
477975
309782
906620
676706
344490
782247
521227
214925
88890
890274
5344
799465
874669
126091
109312
837849
87060
161881
981891
727830
66468
427827
463503
805773
534326
521913
510120
740301
828134
916561
313862
431205
148472
83219
616502
140518
118486
727993
310252
293466
227365
498897
566661
406295
834041
753887
335778
174866
789706
967966
624974
596418
646745
126238
750316
886351
553440
523209
570214
324989
453466
445390
78932
884587
920674
871141
884008
54183
544497
653607
828024
606141
959752
255963
848269
972207
122612
278292
662512
527702
462910
353605
77456
15828
792470
276510
416898
675886
420052
996744
28938
559262
431600
619187
220600
846376
992951
959285
122273
693423
325280
149182
438984
272490
5518
683001
117007
827876
44255
711888
833330
146227
981484
927278
414936
510902
63535
659522
135492
865362
265317
914694
547003
657563
767996
457564
158938
238886
461303
826730
280018
106813
784797
804672
343813
657174
398632
482251
573915
259597
629731
910952
757604
821606
998127
7900
888765
590460
594698
598088
397539
810371
107761
893058
966210
797783
40436
266528
955921
539299
574232
948093
826438
300382
222054
976432
181368
97644
103284
233440
634794
193981
82213
490149
179400
92086
804252
276192
54802
165662
660356
60336
334367
250382
542325
459612
686170
793071
163880
97023
839031
546689
399378
255272
308570
470958
780455
263020
467343
349153
569081
490398
967785
952470
412980
562582
119910
701199
994034
149968
96508
838194
198186
591273
831961
766551
884626
202122
895140
301928
575710
46167
122208
553868
232911
842715
224021
308804
850791
101645
835367
39311
699854
728874
325351
332586
752120
92210
852213
729676
824502
459980
179672
177992
764712
110454
790795
662800
343204
710004
92199
173384
839502
80005
38489
718942
500059
263693
551886
273821
520336
14595
887728
511049
703739
851079
403159
227098
546231
57333
613899
819780
1409
119244
458705
693205
726393
493345
556640
475647
602075
635392
795093
348334
807979
982738
613746
871800
537898
352670
713458
821087
423701
617119
163428
307585
883770
789739
883063
540168
295765
955546
195895
587819
640750
267610
235871
312872
12798
737373
268381
329978
355114
210755
958151
576877
499494
255124
806654
675362
88017
42453
271438
187709
625504
77131
717710
713845
2545
38628
694664
870105
614277
704750
491353
561098
669837
268653
299489
674182
187239
643795
667655
972700
442359
491421
503968
818333
408374
77665
343781
172191
511995
353964
128234
995838
924771
304979
406941
531103
936746
166068
663011
69337
467828
130728
590034
92204
912924
499578
761747
621660
810946
64691
315615
881843
424088
952407
862239
815252
587444
22313
934972
363225
205154
942811
901974
655747
209498
885480
171020
470296
474530
824363
279060
214656
261532
948233
440847
764484
959321
124360
9737
954605
57971
167421
676110
887449
853639
618114
282462
399206
491996
287854
916466
202076
53943
281455
24688
463395
416480
798837
599959
390922
850633
690038
485252
59965
35457
442976
355382
145963
234886
930420
521744
205808
381342
762956
583446
379963
52541
53073
353005
128278
245138
957784
37959
537361
739356
304903
209649
971288
654957
117467
685139
451805
526455
482946
620576
425113
503271
528884
391160
643024
95770
110704
432558
778020
506615
892469
556726
399276
621808
989446
928435
817545
675062
15621
554537
910130
348313
403144
406108
50090
513089
44990
126854
159839
476643
240795
323568
432497
426279
413482
767127
346031
589476
756051
924799
341410
326809
152645
656272
446514
357324
197342
726853
666470
43545
989965
979897
517485
401463
204422
921233
432137
653211
666673
107960
652286
273926
998297
265096
78093
26411
474054
543997
228157
403368
425814
21773
842837
621740
596558
450442
252027
570681
83104
935564
213337
312699
111191
599870
46018
775564
587630
787217
725818
313371
326697
987292
948248
942977
235382
73569
25584
960176
497587
206686
267
923483
100940
18367
464808
817266
667190
36857
38913
353320
873661
397386
862886
807986
456534
166482
739227
314488
505787
332734
159746
627709
459449
649293
365219
144500
774016
399745
72302
329052
558262
694621
869341
678576
385791
340511
687420
6333
826895
970114
661338
455976
619205
556675
801282
318658
574176
650817
329386
598314
852429
353592
427278
699619
747134
738161
905113
249733
950803
580318
563850
701192
61098
373129
742213
900059
706025
218043
250981
708771
76445
651265
315699
433765
129603
267424
178695
333030
103356
309861
442939
41076
130527
465889
403725
571456
229256
934874
621012
314445
104908
986267
915053
726980
29935
846725
667419
804612
216862
953199
218057
343623
393451
554308
80159
765380
878382
838487
470061
906316
729694
719868
237298
780532
95744
3573
862208
128200
574525
572870
259768
164805
48768
927046
377017
354964
466142
934713
982253
403463
507995
731724
908576
705869
337501
622587
829873
680310
939072
241628
537869
134474
668924
799965
555621
733165
898387
129828
751778
759717
574384
591884
433865
429270
333547
286360
163792
689321
972447
734337
971541
215885
53226
499802
155956
864433
105162
273338
407217
902941
713692
761065
285652
844527
667304
821813
773046
549917
842503
500089
142783
56102
752512
190027
873552
744502
573941
983054
297749
519931
373387
577439
884769
886169
523503
988757
965575
537574
786302
718783
614450
631483
278343
844605
675509
475056
309024
874951
875302
664424
762575
880452
906872
172180
692658
7088
823662
31797
413562
628964
929821
102990
399440
659736
778455
154522
777100
432992
76326
249856
160751
216352
870009
275106
811861
33138
821923
160957
230825
90771
633802
908077
562307
945595
4533
693787
584189
107209
646719
387122
167349
622748
890923
412625
658090
955888
577634
992515
856682
875106
803190
248021
941134
902121
903209
735136
38350
479215
817979
223515
238945
393749
207866
45784
74617
530313
503042
12633
997402
956513
486279
880818
471170
667347
249322
437122
137231
862183
646681
79790
753885
939612
683224
580703
897005
166415
851017
87772
300740
421678
332227
139284
37579
86573
311949
636707
593476
750496
561648
186866
274353
156054
970581
970176
656319
240426
434947
213192
556574
844442
981290
53307
33194
819117
236691
235045
695628
64213
129692
797845
588594
138065
870022
124911
42297
331453
340291
186520
191189
326313
208053
206170
410063
779201
126639
610814
668083
192014
652212
193511
5445
701211
206183
256007
325804
123591
708985
942894
884319
814831
13119
262902
281599
491905
437693
485534
625054
232266
978938
845099
493887
605352
913747
998080
705861
591317
925911
254802
342688
222132
466131
462494
828104
866937
215738
142991
342693
794213
311800
428719
335238
566107
957938
428052
561232
910168
331993
305228
698566
259476
878006
929090
410758
705161
455565
229478
483909
355393
116246
447058
10522
970597
809336
617058
267626
153785
747450
798677
955075
514744
777383
31228
123453
534998
843956
478755
814128
232108
441225
848314
604800
466963
337944
378737
141499
499256
831134
342165
409782
533870
903620
363094
208829
101889
696554
562980
698013
204171
986443
85174
748521
106449
663042
464791
784164
638008
430212
387638
596816
993400
980911
153365
381291
867631
596809
241029
633253
623368
189869
404220
780668
862314
599467
930164
699356
289916
217942
604067
443694
509213
459670
742682
878371
8567
893870
477640
421017
983589
767052
530171
842187
184034
387844
71730
169562
548011
31079
52042
729866
219908
168029
626098
433396
822672
823684
839510
724248
65707
993739
953676
261909
81049
994194
369884
247238
816866
91018
469212
186373
458053
514391
493049
669555
518066
647048
11081
414987
986211
78206
96860
534283
535522
117070
749845
830993
573801
706755
285362
263294
277102
353772
333912
829815
516092
599450
942539
680972
673483
874376
464377
805227
774359
791414
636741
292210
248489
599944
2160
91807
495946
810243
278078
773487
160609
307500
204268
226097
101273
249374
198809
144953
466328
180429
194692
569033
582384
993050
602649
535767
319566
706450
247462
650353
700816
944384
967879
476225
297821
778710
366901
57772
65482
96329
777715
887657
299179
157461
501182
814316
26347
722942
778007
195405
913943
491772
973614
853175
956556
743891
154234
908427
774290
7728
627569
37534
106648
791667
646405
375619
458158
551412
866099
552060
223644
645082
596230
32128
183895
222292
434730
430650
551543
113470
935511
405507
96292
971437
889069
431041
235022
652397
360129
106697
663871
44114
810897
841063
906685
207711
529
157807
893989
260203
829095
616929
84024
691051
434268
839908
594338
100083
765588
12117
16807
872698
641604
499530
682884
781172
796050
357367
988993
590766
159355
15484
937423
187757
432601
882847
834791
35884
555033
226595
57081
944545
263089
109143
320891
808550
506448
161905
595151
585724
454906
57799
781781
674686
236910
466453
247211
538974
418549
280838
119403
474306
664261
920179
57403
267217
564715
606423
500807
478147
929282
575396
489420
499933
606462
477981
544511
496690
245090
959485
609467
684825
673852
495727
625129
223479
929315
976776
470550
893265
875622
194197
195560
315081
985779
601680
470464
920272
886385
117825
300669
512339
951469
333485
970149
270049
774601
213552
851088
697923
125004
714496
502450
876063
669680
811652
223385
826186
432401
757194
539603
325770
51503
229690
398792
949055
996143
14436
252110
972513
659694
171385
973292
54014
130000
282192
166648
979758
439424
408144
996945
146124
705728
16045
820076
779100
886223
719501
238982
64320
102533
263329
949031
353459
391930
684346
882864
657363
868514
735287
488351
813510
748047
401960
410342
901958
594831
872508
848770
82002
627713
806211
443423
497247
498967
111458
348666
206817
156673
997712
505697
838010
550661
859480
302065
662785
886091
725445
185092
155667
462255
461712
409518
784027
213369
551621
907182
647161
711290
890470
467337
391275
919783
451893
813145
210039
565400
993563
336181
588666
23517
560134
721056
70899
829286
686128
76336
548885
983361
250194
86126
25023
631688
474562
479183
173201
120281
725106
451238
875785
898807
46705
407287
707665
880697
912529
183938
823427
745536
254117
555115
462424
90553
167723
970475
597977
620037
755201
437868
623627
502833
418954
196795
114290
445253
580905
543933
721259
211140
438465
28425
5796
64676
580000
616390
200661
743348
574784
769236
533208
835844
800320
573025
895478
586785
970817
622053
94129
695137
24354
8847
241513
838700
441534
125256
372377
921278
821864
847201
163220
991643
547740
175207
693007
233697
812801
385646
64653
37079
446977
595550
637685
824349
196724
853938
530335
198096
670232
863908
263466
140079
120763
936913
392371
250746
41178
433408
247881
265728
401576
80142
448473
222121
933710
359873
612118
692523
262138
676021
159756
844449
205195
627107
787888
103062
39943
324450
675492
582727
161707
978797
608181
835207
826517
371915
647997
884681
405354
592570
187566
618481
456380
732466
168474
449255
763576
476506
133149
289158
237295
180347
792483
547476
523000
792779
879112
874576
530690
981972
140107
689382
951465
219116
275715
534793
878276
636653
955642
738018
55790
612477
593976
800691
242066
85083
436842
851711
156891
398760
161735
657013
150068
240849
751330
136315
26904
61619
549896
76943
510469
399545
446388
868983
543542
917167
228704
568423
320874
231504
217080
510535
152101
849501
449528
231267
41979
366837
790705
827585
204277
629958
421153
311370
29237
158524
267687
605470
615932
603192
389802
136397
600077
28352
360227
920295
444716
40424
737097
821322
971646
556181
987919
90000
973949
556163
679275
687940
265592
991575
665918
132728
654636
983306
934392
670048
959789
885809
723013
834724
536184
907731
569298
323203
68177
65450
443671
427320
357423
98444
92216
481621
356547
551907
516029
347432
127083
768866
302089
911168
914621
601974
667253
166979
340066
478521
731804
83536
510870
759676
864973
591313
537638
593090
25256
326330
451290
568227
972197
593581
576901
967082
610504
847365
918879
906782
789030
336160
744509
769040
448255
685624
194101
984092
535691
60901
52926
522524
326041
373168
398986
545855
470224
260490
924036
656929
780682
287276
658094
383084
694924
48417
50152
635450
352581
384053
457124
784530
575172
432609
355902
614989
298307
759472
607413
437436
689299
589340
10028
629654
680580
163561
814641
913910
815329
853318
185328
864369
725734
507392
625275
356521
390651
82599
134565
335546
942632
904167
641901
537580
990182
715525
641783
405042
305957
850189
131072
213787
885439
951445
891220
600219
6329
146721
352826
546140
955824
54777
473394
308890
434769
866518
260968
659331
184382
415832
253724
759845
620852
797649
640380
832797
906493
660071
936599
403887
236729
881291
160360
626996
566189
917908
662564
486454
625423
878016
678808
36008
832875
688167
676479
618595
565638
708228
290535
957158
266023
929275
543728
69232
493960
89291
517192
304504
911757
52233
520087
321279
39528
933279
767394
586931
353105
798381
541207
127000
915943
875561
181776
533675
2664
460348
359291
143869
21166
312685
90780
342891
21420
106450
600282
301928
305938
368980
891545
686275
101037
249267
363332
190552
478014
929875
892770
158258
221768
297787
835910
367018
919040
67814
264959
578383
476670
777506
311694
20970
991391
645503
538976
809428
784430
411969
194544
940488
808057
915559
251050
851047
981120
235150
744510
257740
573831
397777
807141
983102
924509
200524
925037
22574
791728
125284
155778
924736
470143
803552
243563
224248
100151
221453
364067
521770
723383
473321
995896
437765
261381
408749
750334
567848
337018
28493
198451
627018
346420
3109
836779
323130
911832
978839
441821
376790
956350
657882
606513
434428
23425
434395
462753
502885
624561
486118
957679
699810
144532
474346
817596
981955
438293
996052
494169
812989
647078
871857
261744
695378
584673
614918
487355
804189
307135
378085
789665
560387
963583
936623
340300
872624
687422
888897
458607
682309
359708
564963
894322
191895
180966
905541
385956
787309
603928
925226
849997
221270
705363
74166
590812
594174
314876
867785
312339
560169
266679
759126
481036
785370
301488
557065
821080
546652
33765
916686
173729
326889
370653
432573
595176
719232
761524
483663
921761
782742
227403
233674
965163
909375
345474
293665
558253
184805
677675
484601
500843
821279
219079
707713
763867
89831
357617
814185
220896
668298
460777
488829
103519
961500
596117
576272
40370
45023
521196
95870
804321
867706
703127
461521
60268
194314
814971
214903
21339
207651
7169
820590
959388
884158
366685
263315
653483
640531
920916
209030
718524
771821
412683
74907
379320
661073
219553
725437
498192
667923
780785
715738
554376
69819
453687
571761
794219
574148
864562
428868
130951
144274
866236
53187
488674
232444
552670
331276
639754
811538
765987
866274
662914
18220
977097
947962
456072
909486
755664
914695
317798
397132
289865
573333
685930
742559
783734
167425
453641
107856
588114
860307
110353
302091
219917
873219
725426
774620
355682
548362
212181
782347
996270
706042
475157
171753
704171
793177
753380
903025
341213
984825
767360
713222
43498
829858
683589
368
519746
197628
559785
211412
709678
820813
44169
139519
744375
463303
867132
442676
787323
307046
875221
500953
363233
645577
988084
916026
971670
462421
29093
617983
830623
459147
700709
832501
145122
688919
52114
427944
42358
863826
134754
700547
354583
255263
888690
218696
230234
673854
225294
717345
422070
570366
242700
636003
779275
466362
824817
136748
685158
203216
44390
545893
243030
781598
828841
7208
6505
575219
7260
472658
32787
119495
84236
242724
30542
354485
848303
686636
841136
444656
131309
842841
130550
687336
196911
240700
675257
674901
774821
566864
999810
298842
710987
4794
443533
471651
629687
117001
452980
183155
946269
798522
354029
643332
631641
423763
292351
386119
442990
21766
740152
213030
208083
651521
3651
460385
231383
299103
865715
880722
707326
399690
473628
716007
336869
620166
239481
438719
170027
49882
824912
839950
939034
164476
165608
9350
506733
565441
513622
448074
657979
260416
561055
529482
781019
299596
371724
616578
894490
728556
102367
456457
781176
739365
98154
710717
119197
486046
684834
7557
416432
654039
748519
790278
512337
539503
308279
198742
943225
690412
557442
328354
666176
743068
385901
228594
427454
827754
504828
837200
528596
563904
462478
394040
733556
386662
399634
951276
970618
237281
728352
835308
267138
590283
754199
123115
993957
753192
418195
984891
461067
280734
742952
110984
524874
191534
688852
88105
531457
946550
866033
810153
665929
518779
693985
329829
543291
845046
764763
882476
76370
209836
934800
163969
664909
218506
774688
441067
668531
365151
186633
228619
149336
457383
972856
410613
587403
310782
785126
334685
903072
936538
243703
5881
127099
718776
950640
912483
958694
133519
352639
476131
477384
895957
932596
15383
183741
42067
617799
735228
723980
66159
586727
93820
469686
149811
147466
700512
455166
214893
606791
308805
858649
66665
414795
421747
561187
42051
389982
141546
281884
809689
194496
128785
498004
179974
926237
17696
446852
741045
82109
397042
118907
216397
858864
166556
496861
195573
916802
548320
179749
163987
114832
844142
494218
119187
488895
364417
921453
736719
587211
608288
565254
685773
993219
674663
464799
788913
781817
855184
793982
588614
687759
126728
726657
33512
981093
334580
856574
675395
132229
910491
560590
694789
704156
833612
683125
963583
994215
590032
388847
865483
963057
548426
729346
760534
412717
608803
671320
946569
25597
305411
764238
578127
904488
529155
154045
2535
799362
126139
135609
377437
37060
862847
407544
750848
452532
819277
310033
319657
584307
68877
566994
585056
308826
273220
471485
174200
366837
933167
722614
742011
866814
907297
861926
652708
478080
751030
913031
466116
184830
998792
269492
282671
575046
385646
9095
755877
396775
296918
595695
468803
423383
46793
479585
819828
211182
572403
5429
286119
83548
790863
954122
457351
372094
151383
141582
744294
528263
286523
879363
53984
966084
881255
30426
579364
229040
738775
99791
570671
411434
404673
979639
628446
346082
808621
53094
996533
69312
933741
125122
63256
295598
542263
149352
933115
851178
315798
196469
466297
168313
170447
930777
892391
41938
877058
125623
593548
126449
283836
640652
770708
939262
939109
344778
148750
604764
699559
599640
191169
567772
138923
122714
792364
335446
656105
881924
960139
632483
333923
36364
260194
473790
373337
606064
576360
915313
734724
446978
445852
499054
943009
830911
272600
887351
118798
762518
87695
28725
4889
185585
100473
382156
336366
716505
551624
893278
329151
780626
621896
658440
94756
963409
217056
202227
490836
803090
811999
874575
294981
901954
947208
489204
407044
572342
695230
58429
112612
758252
832570
47174
724935
528337
587521
28728
344871
702410
310106
423862
322608
461308
451849
129708
53927
350480
360370
175454
308482
448403
579108
216613
884598
616380
681181
511798
525969
475881
813728
978268
234503
175826
55697
3908
466152
163416
352455
837325
949196
421276
877228
711516
171131
859422
507501
884410
647127
740527
811750
63973
376779
807435
168352
256458
162211
240307
421057
121099
236246
492056
433446
387126
817346
523018
442033
606734
765540
344184
304743
862335
458963
988046
838618
616464
150316
211822
693286
188812
804646
507259
428968
861831
644911
343703
523350
650987
729387
342477
526535
959903
453072
852392
163556
216929
101452
724757
615655
339387
86606
501109
508471
60233
368651
302630
273641
705409
240559
307623
273781
410656
136843
229954
102255
876449
114600
643323
558397
645906
12434
539665
810073
629720
585223
104625
327074
598827
727261
785888
184863
937885
267373
457018
905574
64706
54989
685532
65908
722243
384750
100385
247825
132552
588410
150343
102243
797719
440006
663229
113135
305672
550563
62490
341030
458137
73073
860753
819069
148627
946343
466298
657931
712061
389238
970172
100041
565649
415253
116031
101773
899490
228082
860785
726683
270777
206116
31571
402897
486153
931546
1739
902414
199591
459243
757828
460851
874138
922972
290777
555811
370825
826994
922996
19761
258534
769955
251608
573042
994428
298963
325412
583831
869364
818323
911399
583644
909849
656290
582059
224398
583791
779292
108956
258280
74929
140171
168827
911453
145112
102927
45006
780408
979309
273083
697065
964413
248584
468758
790479
504484
804239
632325
537037
417459
344378
303345
656671
270989
511449
228734
879391
449495
452161
72563
953899
58381
615829
651555
162160
321452
103128
945902
760355
210060
887019
236980
554483
947835
606922
167393
149530
432129
485944
902620
669903
386264
351263
127182
603453
8140
930046
394455
72876
475911
502929
684957
646640
349783
490637
922540
805096
646132
787641
345928
575168
760299
197365
865407
92604
867569
673186
210769
784948
448046
881735
371593
884964
886214
218183
67518
223752
128374
874683
467313
910691
213586
430391
982470
962018
691712
74602
210077
757163
507933
4622
314605
586769
448360
215677
754392
177013
662699
814632
974461
713680
178925
819510
180100
572258
19993
690670
954651
854182
904760
619300
598349
517359
960716
519712
774460
719711
708343
540565
666007
571509
717714
854483
539174
895728
668238
472296
129092
283969
290585
539927
950755
506885
849581
955313
672703
419658
830973
924847
607762
782102
393477
145060
481827
367106
131272
80431
214244
112041
698466
393332
388824
117813
863954
399969
556223
587879
954497
188322
925145
660911
921989
535504
413283
452572
594399
670489
871247
239334
535386
979871
939163
137526
735989
901597
286710
18116
255524
46818
627667
442817
991578
636336
52259
108177
957693
856138
467723
843938
100900
815863
136126
908454
747429
514926
853258
577119
25625
886942
526423
897751
580396
574245
856707
226147
876695
48481
493899
579542
464611
494702
912624
627310
62310
784824
590158
64272
715490
79196
527782
738995
969849
407251
366711
194988
156302
915052
896227
586759
994
651116
69859
777801
696938
565200
427541
808861
518412
495123
964243
205539
270031
911740
916208
909084
736978
750179
322736
529036
69947
944731
860225
758172
34418
569153
467410
1239
314196
44683
746748
685284
820049
233871
697318
355466
98137
201550
922756
543068
92814
391657
233096
141009
946669
561352
983399
431175
864859
126260
368392
360372
530918
720412
170440
359884
73481
624404
116822
365350
935090
230220
921308
169283
322872
860950
213379
289793
301375
139530
985284
673049
329379
537980
710692
528957
111301
938594
734968
660762
411119
540589
977640
162169
364182
953095
284776
871153
364995
837897
272029
336108
499727
789947
82020
580139
242564
158085
9624
380577
701653
595216
376673
98564
208806
521768
552542
824241
537348
154133
682133
376349
483975
302458
892059
693483
815247
117355
743492
555838
698595
440986
981338
217111
695678
499232
178348
400112
296607
278139
753829
493762
281903
636993
797224
902376
868065
223058
20514
655235
657671
644387
216562
160657
535920
784839
383786
687926
101188
288423
549546
324590
726223
535907
994711
194574
500866
942992
515111
455822
257476
746793
379292
657579
855817
4472
810075
875090
980686
19926
36755
166479
165992
210594
107481
158339
826509
533448
742608
465875
597686
355198
981000
491267
400288
593079
686449
334897
555567
214871
919455
375953
195855
819580
320013
689107
342540
51129
497576
617295
51382
287376
887735
948757
872611
744851
916517
733388
981091
42621
725022
131976
496603
173367
639770
279942
724651
291733
781291
598079
933488
904874
783504
758533
801271
641587
109037
182225
162329
500180
324941
151539
866356
933201
465337
393790
171127
724258
269384
582390
905641
669908
941278
329969
779071
80552
413920
692001
146552
904269
796447
220181
844095
296224
530325
715206
296614
557177
385417
42926
812073
571690
32510
694527
745570
237853
591529
992649
599171
190718
372713
323988
815749
416133
328516
343570
299843
280202
158611
767256
913464
270244
384904
758882
217288
854376
376291
181575
208606
151552
182921
215348
386970
190762
75509
90688
695200
299567
103604
997994
235211
813700
222230
519931
153092
409659
564883
813124
500566
160338
141110
710654
682820
990301
911591
263973
821729
738533
451449
995688
786124
724010
207381
194096
648640
465315
336991
418770
295083
325385
605655
901330
922596
926698
202740
310449
483828
484202
31709
316409
440746
604510
613710
165108
511732
695992
203769
74570
841447
658215
933665
502813
941871
663998
817329
203174
651970
843736
399969
718968
800547
267871
928408
918292
113912
486939
772179
136769
945527
124606
745982
648098
308812
876751
604855
996390
646872
214359
120461
270584
404929
159881
711022
697688
549407
666209
69846
313114
280418
842495
801067
135971
296179
678915
826742
494997
585590
50652
153256
353320
850995
583083
501243
952886
685477
844677
952570
582203
92272
778118
557913
825795
887559
748193
771935
457050
997182
30599
897379
772832
155041
327135
973138
477185
202431
65969
513980
357768
753042
324068
788332
550721
153842
964288
902598
308553
513816
913653
438878
399466
228265
821350
133475
253800
313376
649695
307080
188829
639187
329668
195185
404319
534374
263198
845777
671123
503064
242575
468595
349155
749758
979520
435685
841854
470522
210962
709774
980956
791442
81133
723648
125208
135135
886628
514358
879808
292767
990664
845547
202720
849503
118036
200874
860849
810698
25116
570789
904330
156873
114751
24024
974105
879775
765408
347192
537236
260740
858384
435121
582499
794108
682867
742397
879963
379869
493811
870262
537764
648826
62914
722283
325457
538952
769430
917396
866781
388127
509356
141968
995201
530988
989910
316821
523939
751653
427179
104453
221500
899362
792747
755552
629089
483009
760712
413835
96350
938089
916346
792193
900804
355469
331985
13240
213205
288374
855517
29531
306752
332704
434466
907704
703035
131781
5330
985909
298340
847086
849240
857139
781816
439965
957846
998851
573858
156806
511214
829769
320825
379706
458808
26648
527290
275726
724436
870898
101711
17195
763691
342999
665055
974300
188597
779140
717035
723201
943322
140693
526123
372589
675551
359636
205079
411197
953319
895569
331077
692749
387970
667868
530913
215698
557568
159880
713277
108977
233455
618105
96567
887248
6195
669795
959641
640324
501658
915143
62656
632873
978291
419593
996973
519388
404093
473215
185170
663081
532466
628586
729893
222246
701764
174678
290409
160766
261944
181678
842721
408837
542631
997070
622255
374802
706479
813881
614989
22686
498353
790835
208784
290936
25183
957546
519640
190778
812473
832946
207203
715610
756250
838188
689285
151581
808692
596354
962463
631081
944064
137883
994995
921611
133496
524346
576438
571231
904367
173324
746187
298092
58147
592685
995712
651513
591460
324549
598886
389054
927814
25382
405442
939467
243974
89038
837918
628161
230981
207529
751144
771944
605351
331776
252131
827812
759610
674104
584747
844946
218433
18159
427504
325223
595651
623793
86318
355862
409286
850672
709235
701359
171786
993066
689857
493489
47293
341217
168898
117495
628107
864940
398386
385971
598677
791235
602048
383822
706665
617302
155159
659000
238387
252691
231577
882543
852312
862836
696443
633345
766887
359251
788077
315046
76451
11583
185156
238911
756236
87155
595682
454407
671978
43111
745739
424648
533359
890690
379934
719137
877801
200957
922998
913163
92918
314244
537881
739391
574468
755919
637967
718126
708985
820496
742154
229455
742150
984299
874792
48654
201311
646792
299505
408500
109660
953397
900155
783410
638435
324172
147086
784773
860028
361962
910944
904730
26712
927372
127112
992305
179928
957904
858220
150118
492245
579688
636839
551067
249411
821598
4089
359889
844323
426280
422664
371863
144072
455882
774006
979947
984954
737679
691793
211671
601180
698309
472619
564458
908193
633299
425747
952218
969730
998894
46021
282719
721369
264547
113644
133852
391571
119432
319862
849041
832626
872816
680867
535559
546677
93642
744113
344305
353581
352745
731355
642616
702821
498874
521778
540800
466161
915437
399061
959274
389112
125471
617665
638119
28587
107919
160812
112682
707328
554190
32271
591303
530511
480090
17392
429221
573791
877959
719276
261516
332011
323850
94533
958051
653367
387554
141086
152959
36473
960345
962944
581583
379967
762925
958984
621123
621766
864613
823570
562426
149418
60802
385634
345002
726825
316707
311583
775789
43434
147209
271802
8229
329047
48141
375762
86948
179662
355663
90964
349718
17093
199912
696849
803847
128282
70735
710255
358667
456367
603472
62744
315615
205353
774983
556929
372599
593330
588585
668130
736778
425739
941806
562629
654971
536142
62537
857108
672208
852024
323226
702595
405794
793264
282819
490340
183973
603894
311061
380852
661899
81173
390195
96391
65521
199780
73618
834526
308583
679621
427614
83329
315651
561428
126671
419797
389938
518142
370667
45910
444944
819631
791424
338892
909131
622210
585012
342020
432279
678828
537586
784166
969237
897748
6267
319769
872302
412023
714683
737493
363233
740808
919120
360205
569312
805256
257052
41700
312384
581647
144667
531990
376147
896543
414900
184618
23957
190225
993264
191548
855354
833277
224533
55480
607603
386535
765990
739359
794302
3139
754767
566309
580463
831664
907356
574615
914990
599460
927775
412591
932307
74274
574779
737657
928408
699149
843654
915409
894689
910452
203518
129008
202844
652502
246305
665933
733018
432810
467122
845735
578550
336149
833746
259247
780020
519630
673592
479928
28737
240178
253644
368118
317917
581998
607280
170477
566652
751875
199972
194998
116316
941640
577791
276811
325751
189122
959948
55239
622417
322687
172511
450456
423521
612084
943666
342032
287122
735073
403258
835943
600941
439228
791043
358409
586854
928246
333195
328348
844439
428502
519003
789267
30426
211163
640334
551620
588734
836296
313096
317404
455256
934220
473544
880449
174301
121746
570081
785826
526402
577905
229461
811394
186105
354493
950094
809398
452563
898406
48913
635236
751110
602491
586118
804465
895750
754512
949223
957341
763045
475839
695978
383645
628673
246089
956705
514634
600218
828491
528073
997341
824952
515332
468082
713901
634266
726708
286823
476358
958305
701582
870539
18349
125063
726597
370110
499151
185310
87957
184882
283938
391933
729022
357751
471921
540208
267041
255141
814910
469272
420025
818221
589255
828035
757848
664185
5936
971926
371304
572439
616224
324949
352788
331262
748258
235377
17595
160031
49205
224995
693754
482162
76675
525320
99887
705808
737666
309298
88724
726917
610869
379156
915098
487289
705201
750529
304939
421898
950859
446262
909174
632758
879067
850462
336906
941390
906978
224984
296773
125271
117666
608045
556045
754748
776840
249586
639264
755520
923370
424978
817858
347787
38247
293408
790113
329557
865288
227056
797940
762718
207517
802505
870988
321519
223163
376303
29448
64665
327857
401567
792887
649603
763581
639395
367133
734869
593470
749510
146540
183862
461768
389857
925563
451053
707947
9304
706984
431884
383395
166963
646144
191045
607959
221909
381719
779875
919290
435211
966218
118690
684727
626726
782615
947127
651351
955812
99846
73100
547457
851161
693847
385661
230249
141085
279916
812347
816315
14705
264234
346363
297713
233306
146058
601893
144353
324065
925503
68186
608661
765515
407787
388411
920942
730072
855956
222849
293461
780013
873457
167315
541554
908785
666500
395612
963579
672460
561515
900041
898942
967021
107311
824950
787124
173388
628776
258982
129658
511318
771560
873390
208200
872860
133526
853670
497057
372508
218739
97911
597534
313704
205063
226932
699585
828539
794252
547282
565961
789345
485394
250623
310262
64313
447994
519733
335756
393454
583068
587658
395066
81875
257996
687555
941736
468544
169255
174316
742080
481816
821633
506271
951951
689445
333376
394187
490642
787342
106708
277630
499051
59788
886454
665275
14679
568069
394029
402115
307384
376784
902214
894495
202003
237178
741048
354117
242835
34040
77607
773587
322178
955957
976872
326300
307043
564460
149575
418621
7388
416153
439351
139762
54911
802308
12948
305286
405305
647919
943591
96543
448976
75049
119178
358705
913385
260199
910606
962801
348420
511344
479759
797153
649613
707852
624409
469407
853921
199386
366719
171355
924986
469318
285364
786038
436923
285736
263615
683846
896917
675752
271425
767382
64338
856979
269594
949919
859694
40773
840184
347110
811794
877256
671432
334424
422430
440372
398407
938542
134980
75415
136485
277933
962131
6961
170582
812614
829977
978713
549551
959217
538786
250362
334673
367732
717693
144625
12309
917996
585770
702434
836974
920039
664548
867329
391571
24269
150765
778687
248598
594424
900218
628202
195601
840051
437918
870777
269549
24724
247211
670335
166785
114779
833024
597831
276683
56737
208518
193543
682693
431571
148493
87936
12765
521781
195441
363559
986689
822423
913334
489059
603290
559179
118144
149326
491752
404942
439061
558921
907581
586405
736696
659240
876956
468570
137111
416104
170806
403304
784219
432240
940237
472514
594811
676696
103063
597055
792424
452141
842483
231207
435427
309306
252087
327276
17268
165935
818141
343127
869695
650175
852440
776370
721356
799280
90773
679084
616572
18466
414053
705210
764303
123122
355489
290921
597411
68953
935162
551184
820816
197333
214626
259365
868408
28559
590697
83924
667318
824339
207045
957369
707907
719911
423034
946765
963697
3919
142428
803275
71723
773094
878900
85434
349745
99925
406699
672211
596481
785611
312348
846108
232967
815989
741774
553905
270895
680084
323485
280124
813855
309829
464937
770029
158787
300499
868649
36229
912078
867356
728498
324175
495018
243251
215168
802460
606529
857497
675138
773948
454149
803520
178382
818202
575424
948859
685236
226997
476395
165661
35816
313282
688845
753036
866696
287892
869578
380747
875467
443735
375139
679491
443448
31637
838693
558777
370614
384704
55108
306972
620133
225681
759922
47789
474255
543493
226377
289847
767609
282811
427305
522812
73166
751621
199528
655342
42254
942339
637145
599183
372773
521901
712328
796291
603814
9117
595220
225660
265108
349984
679840
193723
664914
931763
671777
324719
829198
565821
325900
686886
302670
546935
719436
767046
25445
299945
497479
539719
702142
511567
311716
589876
99786
850530
687405
671695
207573
899592
485895
431843
666895
480028
213689
702561
976573
869427
616188
337397
559508
576029
923891
827376
560370
995990
433803
277394
673935
290815
389241
3352
826344
533503
690098
716213
367719
10314
979162
946774
965521
343609
361559
406189
307310
803967
229653
555455
436980
177854
252315
650862
406622
771800
663289
625390
864879
111683
989537
597546
854533
866924
683827
184289
678561
970386
904964
178147
408702
489036
821142
922357
503430
774368
424141
81108
364999
9639
750962
353025
3964
375600
970867
870917
532621
837584
970012
180688
978161
395991
679455
80998
975199
542333
272168
761062
721090
169066
839925
307873
725243
336486
486261
877492
737071
355269
498845
125148
7221
518083
616835
758760
990807
449529
31520
116662
902546
780350
422028
746419
981633
856957
263757
382410
977017
658583
914293
196448
809725
240193
205466
414497
147691
453856
1830
462402
808747
923334
816549
463555
598764
302831
373073
364892
119350
1283
80131
437686
6911
772066
282125
524151
52829
183073
772860
234559
208685
590462
240291
460430
937180
474645
569302
283981
931997
594757
530499
741471
604611
483123
457356
900207
243665
418436
666692
127864
810927
286705
206992
965703
546824
683108
665744
556226
759442
499268
384338
646207
382886
153002
628408
769888
488549
420446
409589
998345
443784
769438
814183
843786
835656
283360
17073
639734
519910
650451
876826
925689
