876890
513881
736226
190402
293314
740950
985845
937079
911442
677761
94150
222801
784590
127400
471973
935335
904041
147894
22212
78566
79532
119319
708689
302678
288082
278378
304468
745139
798672
808065
284782
210168
828953
378986
167605
273332
374983
127338
853914
534162
200626
126389
281119
399794
968703
313523
566440
727220
129935
246744
182932
992494
104357
575066
885928
824509
443016
89905
843429
490745
142105
896831
283833
571371
419425
895999
727524
908111
74223
812398
465640
391957
731131
762675
748597
337754
608409
196864
707257
117894
306051
381870
312099
906116
229979
303085
952846
317644
789226
324071
164534
880323
914279
80425
300657
321477
142127
384565
131558
445271
131785
356671
184273
429558
118827
843233
876986
404363
244750
921754
467706
355135
806755
939230
825734
993800
650370
63557
762989
735870
85629
390266
5174
354172
375160
417945
431350
483965
813067
637764
718072
120222
596138
729668
176573
419305
470328
54461
194071
856327
501775
370503
158265
39448
441637
932824
14142
108648
235481
341857
306892
347179
640042
959187
183538
555189
421661
45745
852921
237221
667383
766655
130935
796689
507068
463979
772304
768829
231196
512899
380914
503797
867107
387154
120506
363845
301694
290374
910580
725965
360630
300117
106482
99246
699564
832172
654920
886453
901149
362721
558188
227840
638897
7669
46571
33846
550510
387010
707640
137950
462180
507814
545216
606451
192110
929714
579249
583253
476853
989240
241319
362342
766445
548365
775282
653110
867567
300839
944411
825862
66793
596614
345853
978492
187297
557198
37323
368541
811470
252442
761083
303990
167270
561047
970316
550734
270831
14804
651854
232222
358999
46137
238506
257691
725682
421624
887538
986185
696693
800107
344515
412404
656909
490934
54361
237993
121720
843927
15805
266131
798877
660225
826887
957822
96933
330688
702863
659960
549479
206015
574064
2227
613021
670024
393897
995960
178928
732767
908524
881216
593145
185878
494750
702701
698926
790344
453161
678097
613286
504866
115750
387174
831053
252489
871254
732027
358978
831508
9682
874948
141613
119991
605962
721304
670933
629664
416316
595161
136790
859322
451897
250794
384146
196927
271561
726506
643592
830730
151210
536350
248794
279218
534205
651383
783567
758275
313993
540452
11387
611871
492227
88275
479135
67144
650775
209679
537715
189843
422343
781377
195865
885555
298034
963104
703012
206306
520079
371
47387
844136
762106
160381
238370
213681
502328
188999
359504
720949
210731
673417
854400
516478
37124
756554
901764
977028
675985
506924
644612
661112
961171
40317
566224
262952
18876
955842
83758
40159
257964
211637
126780
679793
670659
952106
172054
399883
675107
306751
399753
644254
136495
500628
641825
709918
380100
543675
556261
152349
304345
377793
370143
68372
745080
26123
448179
934794
586543
797352
175643
238064
211060
88691
926173
769728
174877
962491
418274
886410
918390
303043
668059
488352
623455
527741
224529
537523
539595
366281
917043
209123
387402
280065
972801
25136
87532
164666
973703
98176
684188
554151
736375
936425
886163
250090
146049
911755
193080
88133
402595
647309
921017
259025
308016
333816
180710
579683
152878
16268
644512
258043
391611
839501
804065
805561
762093
326179
555086
185797
245865
968723
359597
963660
188616
688586
317451
544472
559334
601840
379865
952193
497512
550497
348756
997659
865312
772798
413394
792412
806306
347662
248053
958821
77657
899356
342761
130406
268462
124401
737539
725408
608609
240652
461915
494189
936541
492465
66339
885679
688153
36825
141617
516287
183043
668814
690859
558638
853307
794781
337042
316102
928746
380472
161174
617103
307086
621513
653510
510960
903553
964851
175887
936501
41489
872949
577577
911050
387042
809628
86112
533792
216595
590738
200664
304068
795777
541216
683567
156995
979744
545503
189824
963306
469073
628568
88393
688050
820758
688558
804089
561400
583177
820476
999271
63841
498782
844804
918236
344808
884776
250848
494740
385734
87048
533691
280011
384154
685181
656924
592002
914968
673785
498328
6107
823256
975509
103288
463214
851889
224586
767883
136602
554683
27215
622981
957803
995365
21941
198510
96100
168161
545644
601505
265871
821839
733232
443570
119294
532180
972358
949634
89974
145256
616933
257079
955478
955786
17911
884376
170187
494090
813394
310832
66441
376840
532672
525802
554303
928400
979480
164656
908138
768504
965242
299970
353576
19319
420757
549452
409757
989765
639541
626505
520739
964756
721884
538002
679727
806968
272102
489459
256798
289152
385985
331647
196104
225565
48315
944958
213364
409028
987102
882008
131776
944174
42500
613523
628550
905753
998931
460626
136721
85226
39936
87349
517379
331734
762790
374156
507886
78898
395452
653567
711291
508852
843451
64773
50357
678016
94456
697614
899643
215965
59726
297331
435274
269604
952227
834739
171676
845228
992230
131152
834106
294402
735223
313430
47605
232383
768843
203513
493390
122024
717154
324477
52942
131825
367962
307353
853623
153024
991464
574453
250250
705854
219041
884594
846302
775900
443978
40568
58476
531304
881573
783800
175687
160532
330774
725723
208363
77592
488680
74732
599424
547780
934137
209320
39168
566144
655646
406833
986651
975728
768554
36988
499977
86583
755399
208511
106310
108171
253332
559042
149026
7001
97219
96061
928342
702341
158869
53862
702550
703087
414793
272983
108390
244266
323319
147217
176896
576109
208683
577619
154466
255357
180760
321315
529049
844072
59205
295985
173494
376712
260494
209541
700606
811234
398031
124855
802939
957210
258497
488910
876537
797322
278285
464691
308651
643688
354604
261811
908362
563205
242585
279064
280099
748279
171849
499588
64899
444338
416734
915959
303748
98161
39610
885245
575451
733304
268652
9552
770527
19059
550045
663582
64349
626825
630483
937672
586640
279447
956504
529596
673025
309038
416089
846770
270863
595711
347586
657636
96048
949774
432634
869849
201080
587160
277328
319555
42506
696401
552887
905876
557102
404853
838711
481811
29009
481485
559399
471353
425292
513576
162339
475358
428728
933324
907547
111115
968651
378256
481738
236406
646255
408545
784121
437079
673170
673669
500374
714655
949479
337435
692240
98934
740216
151929
693166
728303
203620
892780
234184
408604
300000
484073
316534
218155
799547
342603
405202
611390
578119
156456
265011
490764
248408
411141
695176
650834
986278
440492
381
810400
246761
109640
524082
502836
996699
702069
195356
714382
597238
827300
468137
267057
334661
48350
997147
684556
848933
385203
789054
632335
138196
764713
343001
24005
329935
893718
231085
976781
669426
897614
94166
399572
209322
692488
815535
591982
921025
590570
133815
891817
292866
838582
364420
854346
904735
916835
997818
771733
895642
897833
350088
961185
606331
244963
639707
312602
298427
123953
877230
494365
234000
737840
449054
991203
386922
109813
114534
446930
439272
847704
540908
615770
590251
778074
291374
179004
911749
656528
939304
791899
878988
195737
478098
948226
609706
714975
382130
410546
956106
717326
366891
544309
84228
56980
192463
39339
360072
851365
133384
53854
62338
893747
233160
146152
74426
794328
984618
666613
144191
583089
754179
655044
528197
628170
944334
980219
267581
216759
813813
795399
756371
470463
409578
199751
674522
650136
595497
912628
814799
565860
646331
312145
955221
755729
262507
991504
614791
258407
980130
973652
334544
641345
745199
917758
512489
476040
160533
956634
471163
740617
756530
254333
326032
280031
542113
271621
431447
574488
639796
352320
913443
355266
320688
101949
886662
204667
247318
754822
416832
641318
376821
719019
683892
665305
820459
670110
84771
370166
820646
121226
434348
565263
675878
214879
310245
221840
645253
166110
459595
672731
628785
985703
363110
863858
389514
733898
179266
995376
866365
295014
917152
123402
951464
543176
818618
622856
571366
501301
38225
520821
379846
533948
186814
701989
475572
840560
570158
929178
997395
99381
230929
396113
780598
807549
630478
158886
583564
545036
570889
857688
527458
397464
652000
827052
4406
898194
445706
990702
144706
413632
726901
873174
877768
533188
11835
187938
343794
569645
491747
781518
352947
210050
334464
430065
947094
2320
168032
868047
770951
408285
342139
655167
237158
654513
867019
107953
336144
606699
970033
428036
75267
400268
590768
85082
12005
16996
754297
845544
883648
416810
879626
103521
45233
998031
163036
900795
452884
687241
801233
890138
619770
852621
430114
94507
313294
979571
757114
683638
579567
285659
996452
386785
358064
467307
660215
77705
36086
607538
518563
420669
804648
328009
976090
577746
960125
849207
194390
932257
827424
472448
146499
604449
343548
993366
720403
403104
276391
98029
134965
500254
307545
935270
80391
331717
933888
238402
710207
872242
277137
53557
211985
676720
63476
366711
670228
698033
671253
598624
318917
703126
794997
602378
861657
707969
709475
50983
195410
104301
62921
948831
975227
125189
412712
674418
917639
340404
104220
162717
848980
340383
900266
61739
781543
627789
827183
887178
527131
621765
943942
683934
174435
269031
825320
349384
123479
588080
108367
756673
910630
642477
806165
90260
543241
212764
415284
957900
569052
802407
656782
154537
82679
603916
692562
552413
831761
287984
991550
765271
926085
914901
127313
34150
235489
367172
156718
43735
356611
311006
818385
961699
24617
84808
648919
679785
115117
359790
889242
544309
519372
533545
312069
162682
483038
419114
541572
659850
67748
861093
185816
797581
515739
411418
20934
423926
121389
876132
584881
400175
960411
963240
99949
758805
808557
999860
739055
634347
371005
775946
49428
198758
