223852
552223
48207
225496
888763
22558
869522
961581
906591
689184
702942
725261
488363
402885
245615
708039
671732
519069
382050
628698
889390
607188
583
902521
556058
290190
645695
71475
590235
34878
334419
405727
761527
178914
694193
699192
361064
144161
61491
957644
717307
199207
628571
886750
574895
505055
664440
341640
155009
270199
38424
858437
155609
232829
420395
39233
735355
511200
854035
862113
722097
742086
655844
570883
299902
760247
451569
122773
661606
474468
118581
849672
119751
595121
606991
409165
320204
787286
959463
800454
364376
497146
204562
235354
438265
149758
38376
362551
31210
282300
723993
476695
382497
871710
907672
729630
993626
333403
662196
88092
757942
808202
313831
198185
371861
35957
618331
13636
446193
101474
418586
471523
378329
416991
944012
809168
544591
183018
974167
653268
571172
499431
374982
461850
441821
794320
229814
11021
72304
377710
53042
468341
620901
854199
936824
920926
400018
438271
175757
475217
914872
498435
384693
378948
94571
215953
138537
673144
981757
770829
74922
425973
292145
951724
699663
29777
293318
301828
736885
55400
718407
948331
407524
162726
47546
149870
699316
73157
608711
900768
928771
126327
996367
15506
767297
184742
676401
806656
737664
9961
329556
864298
921782
832582
375627
338539
747262
302971
151659
7234
593247
347402
835997
584911
620091
72301
71090
201354
505277
547532
414737
78830
146289
983172
189006
259567
72809
248411
448222
66942
600448
157354
795078
983243
653253
605657
564136
290012
927423
433603
161893
579466
977703
332708
233131
443768
833592
902835
764157
890994
296929
370031
609399
591755
138352
12118
124970
464242
626987
68820
293011
550957
829474
952546
631093
895281
8554
751823
823918
134518
284387
410391
740203
950224
79704
336336
693647
835189
197155
760585
852766
396617
174181
836379
787072
133537
945687
962024
814038
257294
786082
714832
479962
918701
512157
865101
254237
314469
35165
547612
936047
129179
85254
133782
70016
126345
948338
990766
699908
625064
874049
162361
407600
227526
979584
825656
986007
180626
315447
38563
567745
616692
838725
14225
168672
463578
224988
875720
765834
354148
790504
699704
435036
653514
402054
82905
908181
50467
422897
943759
616025
686804
629034
743820
925854
570012
778481
171385
871844
994206
705202
84522
274007
287204
893860
869381
464008
233526
908278
470706
359624
469210
340999
28276
165217
283636
162653
441305
157194
728803
527766
844494
643497
241468
72468
161351
793943
620419
682203
235950
655033
349700
549603
839771
752737
549395
422752
829530
62368
758254
419751
216176
4018
987304
740670
580778
180210
850952
658678
490702
395733
361241
608781
349596
414092
511935
272837
373442
632091
334247
761870
531813
995765
677559
231988
884577
166922
271211
209873
907960
999146
460193
608539
378964
233143
244693
467199
872162
465151
450987
484026
223826
450558
909929
684929
931800
536843
817165
451255
781743
403091
333747
874252
733324
399368
621543
933016
905392
13815
834737
887188
432118
456032
830287
955864
67608
988126
733000
918111
411886
27354
118003
40922
509460
609449
142303
165106
590673
312725
797954
315213
197169
697057
846108
851886
275333
485656
113742
43101
763943
515812
155224
875795
837604
514890
823628
156878
24781
932271
908613
394541
815891
902316
364566
284106
576009
582814
37541
902449
119730
98810
378973
356297
952110
802675
209356
430198
786978
225374
514881
56270
826364
833486
375232
195675
251570
224828
566971
249771
425414
662921
88237
492388
241510
452705
930372
463080
177797
987486
446970
645616
893529
502653
731011
500102
883397
267454
324151
957017
24203
724519
71901
488746
30286
463969
375695
263768
837728
551507
513209
532499
212398
997626
29740
487342
736407
26655
355757
38109
56649
751226
283446
108030
797388
779073
409795
384056
333784
952219
794042
707103
908982
746856
884051
546237
339347
967515
620695
380234
606059
656255
738204
944569
884711
159643
598920
926813
527853
867101
45740
864130
322541
947881
564300
275537
526517
194551
825590
934910
716073
964163
546546
303523
493842
334415
716970
221902
681836
631717
870055
981140
802522
386762
42751
119356
451207
528391
320558
547210
282715
666128
860338
754713
152083
158706
278968
676277
408943
241616
53697
998160
282587
182000
608943
737162
436444
307765
321027
759378
784327
414849
381837
4292
705748
320590
590373
483444
779614
826171
275303
206000
363725
792960
596972
250096
727491
780128
43773
38303
555912
504294
665244
737680
890970
628571
519356
968762
896031
436102
734379
863285
882320
989754
910607
307371
843204
555340
576724
667534
110786
883359
218957
368296
549091
200538
224035
83074
269204
137523
373914
64153
260116
608498
52873
277741
453048
557881
14242
400438
439216
817779
145666
685598
915186
458863
304375
934464
571193
205169
289040
818166
687160
118910
401713
82928
858988
363256
889003
706420
483036
544053
481582
928472
972967
569526
600531
138104
495937
719124
369929
204169
605398
715436
599617
22698
332989
679047
911009
926871
132383
188934
815344
628472
970051
585684
229134
132508
837334
605036
64859
556988
263352
905709
909871
372100
411107
789618
569582
479902
362068
894527
940300
774042
32758
455361
563409
454576
208580
420319
780796
472142
420316
545857
868645
303974
891431
667927
497042
958083
754618
900822
117759
363793
789237
116314
605801
123683
221361
328338
490679
117414
728444
976523
290253
172223
348828
547556
750048
863305
759458
288191
946942
733764
729631
358530
179850
614818
479252
358883
946033
194365
495019
520613
620886
841172
50697
393578
500091
592430
214856
299289
896013
898503
482282
15972
490118
272565
293474
371182
25936
913013
865107
472636
97990
979206
402874
924646
594856
224681
747849
816333
159669
406188
914329
53887
81401
859555
981972
991526
926323
820187
595977
908587
585486
573995
551451
903673
47339
728282
931108
680283
640553
252589
634716
260002
933759
663307
356337
686173
644600
586907
601531
174727
106505
405918
882322
206578
433700
744866
706079
978534
153699
478127
585219
45844
480846
138370
687287
349260
883196
673665
228596
68468
297285
995586
516158
323399
337776
652059
566255
401328
962622
617258
941410
118802
312787
31590
58238
162156
981633
160417
907499
585467
914546
976134
170087
487207
838456
282280
668401
317766
773239
872612
935133
908845
858181
803128
300657
972801
90191
992476
279931
370718
279884
665080
234221
523916
721924
347967
877467
283529
114265
904507
406869
421069
612206
883176
759540
388979
651846
625180
905762
569767
585052
974268
151825
876963
993429
134319
245720
668746
796106
667462
144010
521557
148887
557774
355617
61608
506061
912081
544771
350993
450335
915076
916902
81990
390897
726122
869591
502907
844534
555148
347492
113187
146910
479751
13918
978909
888335
200589
901561
644317
582122
642112
365782
270515
737184
800368
148540
75978
467126
35404
311743
140948
98605
536267
8835
617054
969654
378512
188288
53704
487319
385214
672595
554734
974227
396664
708071
667486
344318
866383
249313
797647
831534
801633
928448
237189
137582
383289
26160
239134
736299
557769
930056
276227
915890
681595
714489
835636
522266
8684
401694
224331
748715
745172
62532
882803
201285
991134
544759
93109
542487
578225
277721
571270
401246
456808
769193
517209
887058
408655
982949
570397
642036
303355
857962
978403
900476
205088
26229
424434
306043
575260
415553
264374
773770
703612
8597
335690
148795
846119
521069
322100
806037
611610
139805
330775
645112
525941
688461
640886
173550
230277
454867
983769
931424
483832
205467
860299
705934
751966
919018
605208
326173
933181
510108
66765
462709
848297
492990
638175
2957
491663
885789
338162
183243
280793
870067
300264
651633
194221
129738
713624
26041
527064
461783
787893
973835
596417
787879
543876
116579
767924
964328
938791
699627
835951
813687
782182
986996
291676
284183
594535
944965
55073
165974
161663
993980
760030
385180
591966
346795
526956
311451
452275
415289
386893
885500
50607
490469
721839
320728
545815
666491
123426
214057
272504
785157
874684
665235
152089
150632
276257
602361
565460
5089
360452
858669
657985
702660
546257
438465
32078
968979
467501
566830
564965
680333
978577
453272
566164
101330
58479
591303
169668
628759
856353
401288
911862
149353
914876
111814
851031
925226
485229
257197
175225
319000
538099
872977
220160
432300
986775
674054
425314
523579
810743
715046
670564
482042
626042
119551
232933
922089
905170
752825
201289
107445
429350
734029
733089
774352
555386
378583
497088
382016
579318
551409
33381
958380
137952
627848
438293
855906
255925
471822
35705
754750
522102
808406
64701
205980
531146
909054
558976
967017
382891
330641
874103
894785
944807
888107
555819
113792
997898
477828
22316
107692
918753
903585
840316
359499
607143
315179
706749
309980
784988
795845
501370
29491
863502
368217
237304
780871
174766
320511
515473
512084
682197
334356
387934
951819
534162
177509
230339
742176
447425
255980
57707
638461
299550
338049
501518
539417
448924
72624
974786
474494
57573
584333
755226
27903
241498
49115
693766
670616
283575
301227
877988
444030
80967
204451
167593
674736
925904
849746
79009
702298
954467
437167
871465
910630
983856
658066
718163
108831
460729
950878
493957
347288
205138
374967
272416
697151
70815
480258
976436
171679
890729
248028
506444
796117
932542
460084
959226
229383
529344
494147
681241
842963
990904
178717
874038
70408
735216
493986
420921
994613
657137
806005
629847
209535
491731
999903
398334
969322
986141
258627
246486
672653
91263
565415
592100
141820
831343
881644
658282
667438
162690
262039
421234
735302
277894
852954
893687
766657
744101
470239
132767
403419
748713
258136
51074
245024
737498
59379
139531
128084
645915
88159
201476
384206
886098
840381
621342
777687
870965
142284
697089
767135
734415
200978
935901
339427
535876
224932
732514
44545
730625
388400
962298
957181
250008
689344
562900
7011
463607
864748
82508
819834
632276
54581
980271
431284
141819
40390
858929
611027
662926
592664
145934
564784
972547
508914
75317
179752
615981
80237
952848
738382
36772
26834
164329
18174
453959
913034
441418
770570
441585
439124
569209
27919
113398
372433
650912
870223
93194
442563
435044
122074
609206
242148
802124
591213
94349
364951
560482
670641
133464
881822
624093
988300
151926
212915
718730
906727
3567
427477
531048
14657
153225
595810
326171
181179
111428
777001
308295
711399
44417
37541
84089
186156
968283
298275
218739
116241
982903
990815
376601
121429
843286
956122
352526
497701
459199
931669
317396
943390
301130
950401
540630
764318
728092
49652
475078
739192
257379
925042
172809
808985
37644
87428
767972
249370
712404
583720
341649
563780
902498
937333
401055
28529
85093
135937
679058
521155
766371
405496
798681
366283
287187
943775
394748
98221
33837
622001
713141
669239
275688
884078
529997
29856
492220
905195
458968
117396
136125
524491
357609
818102
507836
336572
231331
991299
720764
72052
929894
463542
626479
601957
200738
538080
636471
258227
959469
986450
692612
619386
507645
920850
742828
761911
484804
747811
114580
193214
579686
393705
21408
436576
776556
621872
172593
429035
141522
805163
306198
442907
799670
227853
324202
636684
479105
616893
112863
768977
962975
680226
563344
284244
430916
537019
148261
101630
711127
580248
643410
378762
908063
780190
330042
963600
129128
479825
13511
613274
645392
206582
220013
733189
533736
835577
435527
653841
179719
487475
540760
216181
72377
142014
82097
426721
692097
115300
652099
903438
114402
122318
305366
617175
737248
638083
11394
417699
361974
484063
455806
416427
481763
681163
806170
713302
782001
559572
464909
158930
626245
261018
872028
525155
298963
27541
359724
56036
654613
985797
990312
96573
406467
626780
309298
892183
913475
574019
379335
512273
589768
306958
887862
428811
7927
550919
11841
935020
516950
449403
679242
687247
460977
299626
47225
843287
530776
953067
66592
899534
288937
313072
742027
830904
839796
296156
996928
158501
940625
953598
957073
280802
9550
35583
530368
127873
426571
671074
349987
43755
354316
401180
478098
247626
693800
351909
737102
828467
995557
244973
947189
845297
733321
296096
736452
124059
727350
868008
28574
896976
485517
808643
2626
161819
939462
580922
330711
676109
749050
576719
548038
116211
212889
298055
117501
30108
152385
849417
363747
554827
986055
615403
658656
448080
323356
526773
192324
259077
721257
547289
947720
657661
502122
280669
62765
4526
827734
989230
411035
815603
131054
971346
901856
484302
887047
594338
450898
942047
4178
954582
967213
968871
108971
1501
135064
253082
556597
39229
629945
226639
264644
990499
139659
332183
83108
632708
917317
522045
855287
954819
355012
997102
234090
118435
906236
294147
684589
780953
241169
146248
940889
73701
102471
808225
950956
298697
237330
407976
624869
71521
56377
949658
86502
991408
655846
365951
281860
18135
708156
156276
409126
14737
31775
434706
611556
194619
800643
719101
150374
878388
116884
321221
982896
85202
706923
533434
754188
113560
678874
465692
112043
150252
878038
791680
242372
15939
760868
700402
113299
756805
254528
139162
214524
799272
77925
522134
426314
293244
926041
127456
658510
910655
317173
920979
488748
952054
921298
864859
822203
876019
113795
335501
469855
309757
232953
846194
870288
561847
663367
213420
639757
987833
175386
905810
129382
832152
613516
26027
415651
54736
702070
624230
807875
830367
419182
199274
715478
348368
824127
899993
155675
321154
720221
190155
651302
607669
595495
66964
464201
642983
406720
690748
535943
159722
376540
772640
8360
87547
957061
185292
834957
705656
592320
789543
398890
714746
391048
442524
63834
546601
783598
859914
923999
595079
183888
995167
657528
659842
664055
922413
478494
88678
765766
429124
602799
547485
949489
623569
741141
888355
450964
550929
518948
675866
280416
137637
356972
845890
193674
571023
405510
113883
212689
893041
672947
707853
440403
682277
886673
321125
635671
8257
118256
476959
812862
499039
295790
655088
466374
814299
503450
14412
663321
755503
615862
527511
422447
830104
401877
160380
909396
808047
891824
604939
439073
533629
948349
617643
980064
3099
149933
24217
732372
991195
832393
467911
179501
959958
754088
836930
486047
618640
598977
500880
129188
967421
17380
754666
332495
633927
259807
174507
705103
831859
674296
584869
948458
698203
876020
762924
118998
665596
211636
596006
694506
736834
830660
821768
369013
315663
829017
219755
805508
619974
543596
765423
872965
634456
123267
61490
997298
691901
811258
432153
2451
4428
745608
16401
750798
911903
89848
379914
343509
887303
583735
757797
316213
288071
144302
102533
43486
56977
815167
994842
582562
645556
884694
330975
712960
87196
403788
843633
794384
937701
565412
471417
76389
224390
35326
287927
588503
249432
699295
161385
596987
895783
461192
228730
731321
879147
86390
174658
581696
891946
199434
884162
696718
608877
338798
744117
426840
88114
940682
633790
478687
209367
722009
19730
967597
801084
414534
697342
904913
158366
790476
833749
676712
243680
249254
270947
602752
87169
167707
353679
849179
810034
714418
750055
993210
392665
87800
461445
127501
746288
794209
828888
831264
878741
675109
686678
328081
46184
799374
404557
729463
62422
70167
904153
551179
533691
268433
220638
835540
975088
483657
707914
350289
187164
736675
924872
949392
95032
454772
891203
159775
21263
167404
977696
571386
910894
820668
492192
173925
704040
279450
184737
100306
996275
31960
886350
639822
401758
222700
24390
209241
614475
840821
365107
667950
629612
411428
960254
301109
206533
125193
490962
46943
808301
97969
911200
747934
354349
281290
577427
907526
571703
242607
886786
289169
194475
992541
300406
381762
483536
820501
972691
595257
324350
18175
197980
965129
17289
975009
669581
480978
198029
395650
480913
583154
115166
865522
34826
472716
37539
894755
970877
641855
702884
699488
984832
721645
65607
869192
384387
858145
822708
626587
66372
610469
875745
319289
101913
632118
810628
170412
903588
746394
734950
428268
505355
524585
931051
654941
882122
257579
572973
661543
19234
63651
700768
336727
252099
833900
434917
621897
706095
885229
886579
826437
196720
405494
31426
946670
830919
700612
120549
150184
541994
800158
976540
335798
663994
685022
855455
901358
125707
169702
915444
757490
877801
104306
939130
887241
581290
306358
732892
193996
206196
883109
754166
731033
28920
270277
691113
263104
650407
335335
76876
903660
414213
859854
212911
309325
735867
824445
48452
489757
127951
214780
783508
670101
786147
37841
711884
18124
486118
79951
155774
249491
163642
568269
882738
271467
894484
966590
522626
818999
983092
518278
43250
304027
816659
503882
278564
674349
669144
881353
559286
965137
12868
983420
787341
585552
85385
835972
189818
215473
861612
113813
682351
393130
422714
994637
403404
845042
829798
340305
393342
482908
938910
324702
809512
795987
709576
329925
265199
242026
402285
775548
910463
441528
658990
739608
864279
295100
269040
200794
2722
308990
418687
187511
751604
403569
556284
103407
180131
264004
485747
3741
76553
636467
929404
187698
954360
118783
735560
259048
398337
236572
383495
965019
839969
686939
250897
369591
168776
34836
509814
405540
759164
440575
956538
800819
63874
685168
128556
117879
219209
246936
835418
346597
624885
880825
682133
514401
475229
927141
459809
682007
376482
484407
774131
473700
681943
285042
922600
341765
473712
170305
604588
322927
57732
183727
595208
454644
91807
851609
298189
450457
410798
21424
108195
65875
429256
976324
961901
855909
774624
960459
473485
867055
150580
523520
842316
47418
145634
190655
978982
47579
473003
940979
492394
472910
230282
714316
919804
414149
106091
629683
488276
242345
522708
659641
258676
104928
114442
884925
17102
59820
606504
741768
442303
972761
208648
908434
529481
814705
920917
434189
181463
953479
77682
834478
573671
101293
10922
126904
104153
608944
11799
234634
425754
285320
733883
783179
822774
36165
950994
661177
436070
484550
148794
825510
845080
528673
910689
470476
663150
598586
804819
14430
737822
68777
946572
650364
423740
261710
989998
566087
267116
741057
412097
7716
152549
98419
969227
162831
366843
136491
344478
597709
502185
828438
120243
352195
295373
309861
408308
234937
127396
534500
379965
694609
427156
721326
858363
799177
610959
734783
832924
993116
327267
37419
860490
747793
525820
136658
478333
917076
692279
906974
73755
236257
744728
970250
564700
626195
244322
606203
717654
778181
865578
299185
45236
982938
939756
121911
208794
546735
277419
859165
536496
929407
285559
939764
453423
76505
227333
439919
644198
926175
976514
118327
632780
718894
364677
95387
749784
154490
752151
770550
385990
445189
997964
103902
577677
876236
319368
255945
341376
556524
365952
206368
405275
576967
809549
980038
259779
137401
806727
182549
784372
252872
290003
95753
456606
349058
596703
689480
571145
939458
260666
315576
942936
807927
222511
756501
775229
11180
999911
786527
797294
863159
491761
978041
275414
607595
840116
739551
634094
793498
835597
356945
152679
697115
475626
969323
905392
798989
305488
302118
102668
910625
221072
277176
260186
697693
588754
38431
319695
995908
454500
959776
724720
218705
722042
658364
395798
300324
267229
297222
894599
850068
423773
704816
700279
807684
319625
866789
539515
888400
794258
82241
760735
515203
2028
785004
919817
575838
920912
953161
868320
955882
750061
932926
9761
415122
323729
603692
285591
406744
638752
632473
914485
542690
542732
517823
157168
339731
114833
576079
831378
109521
259994
671635
390075
890207
506581
787000
723545
38923
51171
404589
839405
337734
155438
820008
119027
431931
989748
705139
896403
964030
110519
363120
282883
385194
415171
254474
501836
239184
33576
137010
224752
819399
35328
615256
619240
277981
772464
386902
803706
104173
924218
94413
156341
437247
927934
382234
743544
663195
634114
883718
591234
64556
272588
723340
836761
397835
972034
197571
779134
896375
315079
564796
7620
211535
115998
893788
418358
836707
502508
97341
616614
130109
185040
817845
160806
780712
239838
946682
303766
149740
560136
958669
635147
603417
587455
1822
916596
812184
745202
860166
480709
525623
617508
95072
100613
488442
761810
865833
153594
699212
283516
440586
846792
150534
76094
24754
393540
589185
437068
291550
643278
738261
216544
917628
169476
262314
295437
197808
471472
897023
600963
203638
6533
87358
287629
390606
14175
713721
182238
598907
26197
850139
59677
285633
13532
847719
235794
678065
773066
920126
762254
788842
486260
662664
440163
214203
163686
279169
243159
730603
957442
999847
466896
225082
946801
24591
21817
659060
260122
404000
671119
761988
732654
472165
848513
639459
204877
167212
451696
978564
411984
45040
774502
960319
303088
571208
1886
952755
64860
183802
419776
626657
392805
508379
153028
959740
441382
140674
361435
455919
908068
137115
833599
451528
848256
453560
724586
64899
787906
638475
949655
990668
532086
769947
831263
723170
497343
819386
152558
615187
949862
966043
231692
554510
405963
815300
427374
907351
37864
4172
980182
686012
344685
705660
155777
814475
965668
691445
335439
816170
77094
673451
701291
965795
855715
60723
871651
888474
619222
504319
414860
419114
401207
157217
760310
794221
492566
968236
378101
339203
720952
391852
326744
193503
998793
398856
823490
306237
845791
863173
394157
259419
67017
206527
979832
275582
783955
704884
204778
532796
920969
551184
923802
719141
218341
673817
239697
265741
637774
177977
732150
914442
111999
191634
702284
466335
275111
860702
394522
305822
533315
444251
944801
501811
372218
901500
274845
892934
720424
448465
267899
317286
4368
952835
142569
389050
126558
822732
267900
497069
159188
98218
806501
216375
268293
906420
469080
95848
274749
236223
96016
42009
92948
747150
254558
624645
506966
644093
794806
430741
431953
707935
245937
485140
901118
66024
604981
444133
597066
742674
46665
504241
307204
446653
5931
508376
135280
902739
40870
395554
387413
185098
810068
77273
979524
536187
685784
751212
630180
465503
253228
749335
814775
803661
532142
371752
723640
159746
898689
423387
454957
779567
135197
531207
744915
429273
780397
509895
933302
448873
704508
636115
964924
755101
829990
622965
92817
956238
257559
985283
670814
922917
410702
425610
602352
668305
606200
331108
716626
616041
38350
687824
301680
610975
21776
253806
361249
1692
952423
721159
857813
193771
713952
482262
293495
5720
399272
198865
551926
702521
778003
763274
548904
513156
353852
987681
139463
295447
976560
732223
14644
600976
59084
711925
308616
552773
175372
229996
777538
12939
976297
752505
871975
387515
696386
204981
81865
113480
512388
487569
781624
517204
226009
752772
734801
316703
649937
51358
480417
528533
220286
844552
778489
678345
163662
404082
112441
383863
149536
170547
605763
371310
577834
309618
149428
941408
183874
344321
995729
748411
609257
527386
593810
294436
616004
841659
364877
635360
235790
480976
355537
563695
108556
979055
672971
939800
911828
145210
782529
893073
897895
573399
440095
21566
205347
668549
518802
33114
250068
585809
516088
49
771118
199242
961365
177014
620483
649404
24169
220122
75423
296734
580680
548578
869739
511301
138296
217388
211456
434748
226899
704098
632359
473718
377380
446691
170195
524078
440680
753669
82094
293083
665794
664727
671390
529637
621890
502048
343784
105029
112540
172883
500817
977776
999824
493807
121798
655908
417576
356228
477240
854914
713266
198707
334101
622265
368484
638243
69515
774407
361782
394485
296437
472266
954158
444245
899394
85742
165347
529127
639033
962374
22387
146114
114218
454063
129297
744237
188313
637972
336094
853097
760840
102323
65086
835632
391962
360962
227023
167488
770131
121966
752065
126428
387798
213323
407283
182889
833908
10438
364268
484718
329185
752995
138947
604128
59273
581471
775656
693795
626007
345070
813897
229662
773549
881758
8798
21787
636708
18572
743499
716239
591324
95304
570519
741729
31779
633861
264
140892
532435
468972
636274
748882
312685
796783
251328
24842
150909
332301
652125
891297
743244
781539
728839
329337
348179
719898
533536
332161
483617
758438
790001
573545
248234
221511
539990
58966
782841
433245
768034
623414
736514
708571
441244
500151
108886
220551
950321
335128
53839
532484
719654
484165
379846
812597
983112
582391
411799
793140
216530
321382
924333
996570
779531
956643
543139
819879
235094
397928
19515
576981
406992
613034
93336
937745
849491
261720
801524
498371
106295
993058
174355
143267
484429
654512
71320
882183
505561
319642
856956
303442
970181
262558
571499
204447
696419
929410
259432
628098
844576
596215
893967
328992
903635
376063
258942
79463
901328
547426
913952
435431
639047
31437
600564
783501
380140
984082
589668
446425
491965
282675
581157
871677
811688
74498
620153
852169
200738
940591
912041
138296
880070
44035
782479
610199
145139
70626
522154
962283
885370
38597
920245
699713
288938
961347
670234
641620
8288
946033
727018
737654
527638
717955
372378
174024
851926
840520
34622
230870
335642
525362
73014
687916
142624
169858
469119
804023
331754
35654
368525
811761
890708
90548
355714
737837
47551
515473
633910
8085
441037
784311
421243
353142
88235
934879
590288
854942
289546
748941
47083
226883
25924
726368
222146
421887
372925
440453
206211
606725
116182
606463
923882
405441
639031
815868
765561
451002
396554
688479
533821
430679
204210
550303
284670
394205
480885
450290
6369
720372
178826
487329
545579
627124
461851
589686
637871
318675
225651
155165
318183
170253
919314
202119
144178
251606
307576
886617
879528
392041
671407
226451
64434
397084
234224
951711
415801
709238
698054
713537
108347
229737
991009
492792
192910
518845
999366
670260
79706
373845
883442
783067
827142
233675
900608
222712
692541
930771
712680
276772
625470
961727
41826
638506
354774
337180
593106
144891
479427
904486
724533
924618
456406
106530
711675
434559
351973
195855
585627
665364
196528
439970
153539
165685
439337
441534
97444
622942
226946
109091
758283
242339
172864
751625
792109
88380
847310
452773
608832
457336
181518
307092
292942
968402
16226
942660
699378
110685
138345
930161
618108
933437
797569
664991
953127
116128
230525
873792
553546
942152
798095
996893
334725
388096
969865
557429
922286
804344
27890
312066
247169
524398
152825
53469
316288
567218
86867
392942
880589
79599
446802
659411
360187
979038
225143
155757
870311
712415
322247
858479
338363
947166
455498
620136
680914
390447
889045
431426
224873
886972
468068
264868
408639
818298
550950
604086
744572
564394
704215
916287
569392
3911
838767
544678
174423
705727
647146
632702
471526
94760
863314
11845
57210
682642
701776
109815
984482
176218
435652
383847
143230
125972
70086
746085
730726
42832
278344
352263
5860
928459
57629
622930
767877
851305
166312
795099
732647
639824
213570
523055
601296
945089
258483
600358
681203
455944
258751
497440
403721
662181
984128
384266
355620
259550
330879
417871
698232
641072
416393
166263
557490
868705
862589
84528
382429
346661
906439
791103
490596
832042
319443
47132
154116
258658
518071
782428
582400
306921
394057
277524
237600
513685
376644
118891
241999
987862
559138
446235
441661
979657
639428
559982
996135
912486
624344
500205
577627
882477
259146
17935
773847
468636
473851
773594
828036
619764
136243
19810
282718
472714
859857
183136
226818
57896
623288
871165
513447
592314
19437
961006
375394
606541
246832
913650
190799
643218
253031
105671
641378
257397
552159
492794
666577
778806
4567
84891
948026
341575
597419
10523
39279
758190
55708
864943
127889
270199
151540
278143
516827
914223
641474
325380
880360
45065
201667
804044
780293
431860
599471
482705
603388
567591
53162
61778
963492
652548
152054
982136
582784
627851
966218
438762
249387
884252
949141
238205
435237
466911
294094
831789
302999
194929
233189
275916
879514
482263
969338
281493
194556
685958
285108
682553
718763
811679
343126
71262
803474
232708
181553
281257
837052
787665
172828
978859
873940
728080
440396
760758
20630
521192
75621
266086
387957
956105
123185
191001
397177
404246
436278
147502
510702
386949
443301
649717
242170
633547
383500
438834
766981
652199
345177
721104
605293
224166
819315
540415
808227
972620
883796
839661
932080
253640
382367
631995
139257
321103
780803
155281
48562
912939
675184
49587
89946
209662
650913
655940
686529
755109
682705
300340
189590
330495
743
804518
420078
879561
573847
638893
742584
173475
828937
527938
902031
706548
770809
354126
49541
845944
646047
254081
174919
495851
782610
774499
185983
988934
859869
538670
593143
632359
150767
745577
565885
738321
413507
783986
718746
552948
808480
74393
478527
460016
872022
777258
300249
879849
287760
953488
25414
661425
544869
44244
328330
78657
862197
922596
700679
240264
327437
862341
827454
920456
693882
654000
741416
460687
784772
215996
941846
557727
50142
373126
381337
919477
480482
28182
993711
817244
633697
560345
724555
317870
104837
662827
751444
269096
161242
945361
373742
474881
232822
702553
856694
924202
735436
585577
851991
309899
543846
14936
821610
773284
865590
701421
693163
495530
302245
777914
455594
841129
894707
296806
59868
857366
583627
180849
624233
930068
818660
499483
127472
27912
854328
189518
534068
539166
478767
78394
213423
258264
838549
325505
830807
160687
459542
785618
581632
863455
765914
491711
244034
563540
81044
995764
986956
213718
539357
11581
251085
878007
89100
832472
445337
279150
472404
128127
60792
193034
967529
734019
288519
252648
198336
361875
152144
332190
915652
137987
491956
967602
961949
812756
752394
950310
280912
571025
10982
336468
618966
786246
573475
144820
357068
335595
428763
922141
145282
791488
167442
812722
614762
305060
997339
101341
968681
371004
616397
61242
818314
749773
974968
451926
285116
744781
633073
516631
844046
593194
668708
21507
133964
178230
349876
153876
110927
736503
34048
702834
421868
682369
650754
110763
705559
432885
521847
842144
944043
300194
886933
602032
993424
868087
301755
987036
998016
785336
832270
214234
848132
650258
731737
510232
50715
476494
785432
762756
16299
930582
431316
389153
220002
93462
911439
205651
222855
704804
333174
816283
556084
413045
721502
726520
968990
524905
148032
537827
395896
8980
357787
379225
302115
105028
401982
214106
57655
87454
338199
517332
958411
681268
766248
79926
511802
210726
235321
708709
833103
897680
557222
63150
190462
614264
244070
335170
524540
288332
388300
987468
132603
559504
114007
604151
138784
827375
688454
565910
430994
375594
876279
198530
701894
720293
900495
819117
590210
849696
6010
193103
489763
864027
794051
327236
63386
284497
339435
652520
271896
228987
605075
373086
348529
562222
984649
558281
644357
506706
425085
139183
879446
532858
428274
536549
188800
244693
569339
328642
205580
968813
885451
882221
822106
585769
669469
571039
927032
695272
637679
978212
865892
202761
696521
852711
111083
609899
134304
207976
97919
851180
246380
191806
164449
470226
725523
7723
738859
874759
121154
986464
173992
350979
745956
257820
389204
697985
174717
592626
165543
599266
55683
968409
237481
849324
59979
432173
546644
664319
490558
287053
969908
105613
660459
265184
696110
960814
220411
903846
794292
174705
935142
84764
631341
628190
534688
383771
665101
57350
86834
18928
14582
283366
165469
778978
387784
453625
293542
42509
32545
694986
767886
977032
40165
967840
417546
842636
248872
7416
679535
26132
83766
305294
279459
145353
680624
189334
47252
169760
232631
84624
204640
187240
935795
199040
375730
452367
306262
777584
378670
319724
116413
734756
543737
872831
441566
423524
474339
718367
613067
662424
232001
164652
496725
680736
472775
120940
911556
36674
158775
555168
625491
334392
748074
843455
503881
95431
888993
622233
449504
661157
497318
692437
447026
984041
745856
903586
76489
151925
865198
129921
814924
135078
171202
412327
44775
694649
707827
118913
47727
700319
372326
220812
304361
83325
342973
27025
574679
942321
480412
873373
128419
586226
513617
62446
535769
150255
923156
63665
813558
193295
501006
239720
92734
824647
64221
341458
716721
290150
731743
743852
254684
10193
784906
896639
767884
641044
109202
687157
824386
485220
557396
151091
921052
74552
983952
144570
841415
582916
959764
429667
149762
818702
123968
812155
242866
181862
145894
413756
544553
525445
229722
387018
708111
348367
167956
999917
315001
263759
67450
535264
396819
456203
941869
190317
111575
838012
318857
661157
65862
456007
681254
65167
486596
722493
746287
421698
781627
453456
963198
155179
867345
906270
757289
895074
959912
12345
932985
712332
185821
690471
943167
896549
8485
140548
875171
359933
319929
967831
248820
179833
358725
87459
50908
884402
84877
876866
369830
898848
681105
397087
897576
18563
295297
49257
652976
106514
166336
68505
789751
729284
968314
328377
190477
449255
172712
277975
594186
12750
783413
702086
56477
355879
816530
665872
780032
526981
2275
288379
958645
142110
761676
843398
995959
612459
881526
790339
954413
414061
781683
918031
760498
984456
870606
768366
416005
112005
549061
50058
435548
899767
36212
222694
17782
970025
24448
225905
443623
820134
317439
748093
819273
248595
97746
426123
719534
58426
22849
198579
635732
330837
283624
453686
635187
740058
83853
46109
523461
230590
169308
911381
75500
27386
526460
126113
902067
938024
214187
909216
749971
768577
481071
81172
937857
127398
36447
509010
513858
16147
549191
801756
472560
796179
443172
44065
284914
494382
919619
708970
446054
565998
648125
541293
769956
368358
520013
250021
14363
762306
910866
147658
553969
698232
849483
692746
294957
50686
158713
251722
169871
827080
840495
576598
44404
715404
347299
938952
931427
393564
156973
784242
563548
730465
216813
16056
960229
937554
52627
200860
972408
839697
241677
858586
206463
293894
256423
931674
945286
956444
449598
14424
906543
754632
737187
103941
134002
11310
570191
117052
336294
996650
49288
124623
248012
189902
235533
595780
825192
628653
743295
661502
939752
8207
803773
55511
524819
866255
585946
821637
301298
402031
406223
986265
821013
535413
11766
861958
959403
632905
638038
196498
918383
675566
783127
142077
84699
898571
789451
55301
610063
707409
524915
193855
887466
364337
466744
793645
887636
190104
632628
248088
693741
938118
268914
507351
13486
797417
845056
280631
619214
592014
495698
454502
802243
986942
85198
275009
19321
578894
746550
153734
446741
477588
910770
438451
739456
982694
305788
755076
475612
70880
258261
743293
517030
254591
15302
215901
879703
990015
853581
488310
636830
97435
523479
58979
653630
638707
182392
862770
468750
426277
108263
307648
294562
798071
501800
327046
295702
64243
816264
501906
468471
953235
918829
695127
56937
603891
321876
397033
401719
578145
507378
845677
456205
434561
501779
3237
939410
753941
231527
461704
355088
193739
611016
110397
879231
101376
156604
155260
309681
999458
739379
950113
54690
166331
934019
990926
919197
788196
399243
379554
493698
257181
424587
276361
802897
324203
883442
455074
830791
810483
593851
965539
857555
852895
818190
561788
978758
870898
359004
287875
573144
842990
543421
27943
351500
552118
177332
78933
616068
335285
777282
149976
247230
350983
408227
848751
470393
518566
972650
136355
502736
967119
535748
142529
114310
528013
565654
192922
452388
378597
212605
576058
562358
153199
85580
440559
392185
997298
641705
604508
120055
995581
584031
721171
304966
311365
153078
625892
8627
371612
910065
3118
382758
267587
980507
40032
401667
601971
680119
637137
351804
598480
221809
457275
447669
969867
112038
462619
726248
907890
884468
73192
611781
983885
103339
664162
859768
869137
942080
799340
856294
128394
143143
501417
643203
142922
485497
439199
342897
799180
454733
115226
569937
151392
272659
761072
869085
111403
522604
393537
977200
90152
938510
707242
50552
366538
64633
636035
976189
775017
946293
138268
569458
467083
863384
951143
274782
363661
799744
195380
355505
706120
702009
251243
480220
601240
280165
231907
45969
13011
781714
551529
57240
511392
113513
602979
66510
947517
218578
368410
829263
623691
569787
92889
339658
914437
464234
749536
179893
352244
371966
914310
904196
929911
509535
662454
797275
243633
252423
702536
797565
79896
772939
114010
745818
398867
249929
237089
58972
684437
908002
221034
777971
497271
929741
273414
256934
284065
175722
91731
136596
744266
385557
136950
466791
130841
175445
844488
24050
146089
566795
933957
801397
603426
249062
116197
909110
787664
893776
925600
539767
956813
928840
183878
235583
271928
148727
395370
600871
408410
549666
88655
126087
93946
330751
225648
537842
984765
881505
109013
682505
663970
626902
13408
494117
691697
667153
116447
76484
973058
419899
732914
262338
890203
136613
423513
338731
962467
645070
182373
6529
789783
74607
979431
718159
624489
133932
93109
410366
386684
409238
801000
951563
960787
255449
823391
980767
774916
571780
70704
640016
715813
832611
133484
838939
655193
805374
184384
531579
49672
223365
2965
739193
825024
927407
583014
786515
210015
833186
808858
930176
104614
518621
738952
931206
443496
647644
992224
499814
552003
246911
476441
435078
907795
81953
234947
980199
607791
631401
728571
186240
164504
439819
534763
572812
239852
98659
976764
441119
47059
885912
233410
74023
33840
537189
241866
194355
32661
801600
134796
994877
736551
56979
551420
70927
97234
755159
205229
860765
189087
566795
191530
557677
195378
105380
919983
624022
313104
204783
418721
324405
19786
260377
975278
177726
677420
784342
277876
391856
48513
774566
164371
440882
934605
494823
218845
125834
842345
2112
465669
21186
354279
482203
270762
885906
38286
861737
621717
99229
294538
447020
739516
661658
870240
107180
997766
912148
382831
524754
606467
57285
888257
652471
606193
346393
646921
153569
836959
781613
394560
691380
229339
346525
662239
581932
89910
193710
843003
744043
244389
459724
170010
794861
941015
693192
632293
351594
509389
670970
940715
627578
830062
132235
331119
212029
60688
108215
132975
839984
30659
983873
908088
114285
496558
217610
400114
897061
634867
614540
410292
735882
436258
814343
860405
779064
847395
200144
896049
812655
663724
327837
643905
388263
775106
773477
268455
406477
121738
571643
35223
477944
669252
834264
950233
687517
78465
67484
782743
290116
14875
555856
58620
433303
98267
793876
529998
481765
220462
365505
272117
160678
396705
234357
712765
913934
926563
891805
351433
201194
892137
279662
326706
371766
294317
396390
446115
525636
86362
170633
519788
530670
887175
9408
505848
572183
409364
771788
632519
967271
728103
245968
869480
155504
195549
450445
803411
702666
846227
973552
279660
703124
86625
264353
998841
500277
454518
702253
443447
280820
358094
814387
495070
567046
791949
883523
740937
189818
90588
742029
412604
263723
341853
513932
581243
824814
558316
864593
561794
176601
929170
221461
609383
346376
584123
473532
348262
718716
200070
78251
601188
271186
240451
469998
650876
392154
806345
200091
805994
752001
125081
599454
892257
603961
844282
824376
566877
10618
166052
384567
156430
382640
748703
666770
530324
899428
534113
127363
642930
419225
701491
496957
689820
688735
731496
188732
215168
683922
536201
189654
16856
506318
213943
798789
933396
186114
266827
902555
55884
941359
582197
71716
169143
705617
433675
994960
155132
722425
645923
922254
851915
788052
137815
667378
783331
21667
108911
987079
246065
520919
818078
726716
777964
191506
394352
677258
889507
636436
613065
641908
562850
998092
411457
468312
849375
697377
723210
657533
834812
698977
636408
754554
83191
708835
142367
12377
186702
343986
543399
368756
127193
562181
649480
836867
243759
258181
627937
88567
532693
618607
736395
791964
523230
543689
719720
930414
859942
721935
868707
376521
664144
239026
194746
810674
967927
126879
634813
224091
238617
249121
477705
947864
827766
334874
94706
582290
211588
985877
867068
236207
961454
700843
68583
384527
138465
1252
976953
85667
2701
733602
788723
902500
584437
141
967660
142707
453487
103315
988885
869744
440718
332531
815224
645848
672687
58063
137181
301117
274359
431538
68015
250185
679351
240048
167402
541825
687273
932086
725709
243043
364454
790254
360541
995949
847225
431181
620130
711648
410662
212561
140866
579354
525898
894766
851779
425438
646733
732409
307393
399245
5220
471406
653951
690412
170510
36471
707604
595093
753723
515111
408458
846431
720862
942434
258665
188413
822012
46803
100241
793407
992441
852598
563543
358727
69497
474518
651754
893937
212620
978620
803481
860811
590739
994642
279605
23998
578777
37083
514332
243733
471513
86419
391156
805876
497049
326152
830012
638454
927045
35185
987813
480070
384065
153974
338795
537116
124687
470214
510659
491959
92699
584587
405251
418949
693560
546789
151281
908648
588027
830158
688264
254143
294601
74176
978101
270410
327714
112754
997158
296518
38142
240709
759614
216938
756138
443298
546042
939292
946672
430655
989321
55946
896479
756311
967396
470467
775192
631338
93091
622519
705118
977107
298910
730359
422831
594214
971204
938294
605035
885144
351286
398092
421772
434999
235902
641849
26914
198746
768646
90151
317918
902315
262389
48330
479512
583369
563134
271416
40292
376669
636989
299181
103464
351744
410940
997101
818850
191070
136287
455943
764946
146306
478217
435071
395411
559298
308013
91765
439581
38516
557133
435502
625316
468299
923435
550192
347261
661139
772292
398244
340568
544656
590797
348636
852627
9123
811924
36705
302179
37999
157637
663458
991520
509141
878903
501071
574926
204372
870605
475005
63322
998706
627995
823888
604759
376710
898171
838068
903262
660429
259327
860752
321178
838296
613695
815271
500891
840560
111177
562106
440632
106635
358693
756281
486683
316492
248225
860170
954921
594215
232406
42816
694953
886542
344631
95978
964910
577156
762653
910929
206016
951108
219921
792382
901480
231841
200731
691350
645695
599660
89121
971459
619425
475523
705931
295246
763628
24489
808758
90972
768624
990387
727700
236807
995851
906935
795204
293493
883884
681466
689876
83714
633261
360981
372145
617870
431549
205394
143117
959165
48961
803797
761799
862473
280850
799186
753023
791264
176809
8812
223967
211407
788886
523944
940850
299504
493742
729534
680657
335296
800486
975715
511057
440992
874093
745284
87929
763368
806002
366822
935876
931121
817754
275116
828719
234197
774058
473807
572261
896979
452561
934233
5115
361012
423999
275132
15231
218154
363437
693160
905553
547617
214369
317902
116259
580608
302906
338280
282552
735085
500103
191844
255209
621323
262764
771677
638581
881957
888801
78576
708904
894008
10720
702202
380028
638982
119397
826363
416311
200868
912768
76953
715183
715100
974257
393402
487244
249811
648148
657252
966964
434110
41613
615294
75613
37228
499709
70279
853879
955032
631379
838846
51942
249517
322341
53898
833307
120677
969281
911638
467442
303669
943872
11470
194900
696808
684089
398196
605214
297501
329998
701060
616881
650042
879741
790147
966611
356744
303925
247665
109578
234237
282404
817904
594838
650932
202569
499577
86546
365537
553194
309086
315490
843456
343632
285975
406852
618033
963665
441891
286119
985141
129792
66849
35902
478915
210855
905218
589553
799927
293954
169146
802584
429260
248909
242713
929495
47919
419644
29189
773410
912340
207984
38613
988158
889664
487005
469159
746852
859832
670151
130867
945932
613560
329301
782834
261133
531052
451604
311840
59686
28826
28024
691027
532350
880148
297976
83211
108986
376021
342826
789494
10761
141230
357862
933553
802991
742241
669786
748826
846933
517709
294902
643749
582804
164501
386377
62429
272509
74069
409159
377681
370430
410293
345987
256126
357247
754408
416906
339223
922937
960145
307611
279414
484405
550210
637456
854887
199909
992441
545073
143625
957377
186622
226111
122568
459725
98059
543861
641653
725086
737303
147720
379206
239250
179341
447703
752174
234731
217618
33376
99348
904812
980515
609139
199493
304523
817612
508349
930641
626463
857885
554631
453195
57458
914159
677078
572816
456040
696959
70355
621905
965606
107583
590684
49308
576255
226558
103083
755164
484589
69688
975841
192383
860397
765921
644726
160375
466503
260417
416309
787293
937549
30862
147570
355465
721288
968239
982815
306383
349778
927272
785517
100307
394561
233260
910132
533330
179566
987898
314545
898751
530026
79035
878384
38963
154620
75942
87739
516158
294956
347706
175366
262680
624350
608133
964199
197319
657495
268281
809719
620675
747318
479091
758213
443164
784824
411981
543828
492074
657658
503319
190264
125789
541142
792431
175259
858553
656011
906260
823745
453452
982097
576255
856294
371790
754801
933810
199666
702166
12745
318476
747728
124104
289084
492615
40174
321271
477461
553265
226796
616253
154755
89681
875136
399005
565575
807175
251309
477015
974923
706668
364385
536808
50253
395935
94044
354543
529742
977555
40499
993358
590823
519778
400560
164637
160454
719697
917331
88143
703636
191909
930418
899389
526307
678180
690339
935885
919387
398052
508203
870530
709622
789644
20898
743164
202580
146964
553355
250849
580900
611791
260922
805255
412727
196325
341925
853348
835655
176138
672569
957437
357429
767564
186170
878982
338310
191473
907529
178259
121447
606516
155986
957084
706181
634365
664856
643565
566063
196002
123912
862932
719145
33957
365215
71622
591004
995315
854675
287469
835921
483825
167648
713650
157378
454550
902771
325250
844635
877702
636804
415507
946181
81940
441849
797669
168064
897529
859153
589987
861540
750911
536360
710450
996965
530044
453072
244363
210316
251263
574677
266846
952051
28410
972829
489019
534786
607516
736740
24855
910537
823592
168267
854967
112782
186818
908710
324496
537606
947149
670801
872987
880811
488410
569791
301830
354354
614125
330737
273597
803198
653112
885670
165802
247619
803368
892104
472815
367289
365652
442479
347375
948436
77787
413829
830082
310921
491596
965495
698702
856895
138089
232162
924465
425119
311116
524334
631692
664872
193541
626629
975115
420086
312191
169469
108909
623624
11669
221237
844825
949687
860287
368566
540363
666536
654793
749089
31099
551489
504954
978571
384507
608664
641283
316003
132615
366835
718382
690548
97719
108002
864384
80857
855727
513638
2197
401446
640099
561795
869290
397181
626046
348890
356736
843746
368263
476356
787757
492883
558515
787248
187276
494024
962190
948298
685287
631321
43451
816665
491152
455874
411004
720793
613886
831959
169209
991883
916793
614577
922032
238591
215098
315360
472107
858682
487855
186668
913435
461530
566263
267374
92313
2126
672457
193101
859714
636809
725817
600465
565003
825957
890779
423401
363254
810436
448780
987012
370579
196524
135271
850951
505468
376273
126308
565905
36782
161477
225384
411197
464095
773255
110161
219067
146155
560323
628352
339911
897414
506401
577320
767217
264955
296605
772124
492484
842064
931711
560849
243270
62830
530952
416121
66730
36740
823985
538746
155858
550572
101641
253380
221095
602406
286173
310980
540889
747758
710851
926264
967297
366081
876670
502038
227133
233944
922060
825292
625636
495015
422710
351935
509060
500582
194821
20334
727992
345491
346593
2092
766309
263301
124864
465736
426215
652982
388224
809870
34370
719260
247787
533785
140429
694846
598347
896790
146266
438001
54817
754250
400093
964644
915284
934170
420951
545374
933480
475991
954628
197131
958343
463987
947761
610191
361721
999337
944557
455780
180896
991330
188481
713021
821116
564865
999685
492236
235656
42340
212251
480516
654315
997803
63363
700562
498123
997576
243958
969348
771792
980359
456815
207624
51825
582519
39671
371682
37042
52967
271077
230115
761455
502906
789128
598666
888746
270184
550894
851395
347636
77095
658680
488394
586610
980720
949044
262152
400972
719041
789259
330276
643088
697314
683759
620031
598861
372913
166684
256528
278377
635334
870166
170362
297900
628048
610916
793979
909645
359364
621655
929657
126169
535021
3790
486231
898429
776538
86349
905036
356630
984868
50162
825169
351829
459260
781431
144206
821286
431774
534169
477931
955625
280955
811034
238225
675864
585183
285036
100298
29613
548241
114800
351955
381928
645874
787553
302555
22702
599787
901619
404248
228999
264919
126529
281194
878038
335121
754274
411365
753224
890113
235287
703140
628639
647244
50765
542205
607104
745124
967042
463897
28863
901072
590346
855504
498362
758258
617769
103143
187732
774823
879465
689217
994738
540748
370073
15541
671332
808437
909929
517200
466225
293688
158836
293526
787869
214802
25618
832962
336986
182006
877239
194267
915598
90
291048
781890
971871
241526
265359
854981
408543
520307
707832
364033
480080
456116
422353
898905
737235
930306
357973
378089
894420
747870
988828
445520
201498
236080
798983
95432
470954
194603
557324
38267
143
993089
983685
94115
642434
480801
973957
645833
796480
627554
295958
875268
743335
390931
798500
725280
742905
914278
67422
749435
91782
290693
182352
771327
288390
462417
693416
652863
908687
389168
2700
318030
779280
39529
883354
434315
566626
464891
576760
452383
962863
538885
632092
102780
31731
331363
558374
7230
354381
46316
962763
983153
593477
616689
737843
368688
298574
676363
834645
357892
661675
96393
308678
86068
806975
340114
997525
36821
513990
34642
602095
295589
350240
918785
672521
691720
501689
291992
907928
491948
521479
633111
512473
81567
2089
809425
201861
623403
630671
839651
549785
949145
25999
663098
315674
9587
86093
822478
726567
588805
249660
917060
399195
996980
623776
761621
213269
59478
338475
41944
961284
974404
481938
396588
402703
115573
432815
397568
953234
890193
393988
672738
639911
336593
267777
327669
380098
931966
789277
37286
879157
378657
309827
83979
420503
165102
294533
468296
615513
476140
10598
934871
754938
552423
167875
360651
587216
236426
804392
918890
914301
861816
288252
715405
344804
885381
561842
888016
815328
167353
409705
153099
544846
516786
431937
398494
317016
323626
302890
795932
436736
442009
846323
88423
403536
348858
180416
395558
517102
747937
707375
576539
47069
540205
917368
137013
800109
644321
157084
611058
653162
44991
577582
503112
927600
344360
411314
70662
927893
490464
596208
142655
938370
724239
792345
994061
169574
453365
156046
60650
760466
71815
1543
914996
585242
457790
926498
114848
171675
684533
839672
937454
716860
525048
993326
781568
736740
56937
639982
364897
702999
865604
762254
341657
475847
553498
846196
767880
672196
102417
89953
385355
434338
754905
780449
981712
44937
819720
637085
537312
420196
971148
461030
911540
154194
3973
906269
474135
670110
236807
196210
95549
75754
443911
519773
419873
702595
637857
102636
278648
334603
561211
807418
13763
147953
609872
247989
438749
4784
969231
974365
364432
362705
848766
113601
458812
471907
451158
919798
500562
384892
249270
970723
978523
174215
229173
734921
494622
517436
319815
922224
440294
644007
151511
760876
176236
955833
471839
409173
547185
611711
319354
271130
725324
746571
207998
55270
204852
267491
516788
384295
319304
975872
550504
125803
966426
42847
747933
50076
83741
289903
415999
851971
79313
614941
725393
772607
978360
956370
440401
712043
307016
370900
165303
385342
799194
245927
139605
384050
218642
863166
93910
862881
547402
825607
365038
689389
140445
254744
223787
531982
29515
265789
558793
903267
4073
530583
411659
688856
829935
245249
633784
574464
369395
43150
121227
373040
698711
586058
576895
437500
963849
239096
127463
295513
651674
365949
642141
325397
515213
575183
478344
224252
855446
494456
929789
253780
137398
673231
812659
295210
379928
995330
767347
851911
497954
553145
349579
472546
156921
338782
707628
920480
421235
199045
261704
627612
104946
588590
792721
702160
369996
393876
650118
633525
90531
601170
6866
348014
825931
698025
968011
913027
986839
528835
625658
39273
896576
625781
578818
855970
247937
439404
174538
673878
844025
723709
698151
895190
989928
956171
758085
109695
28644
147934
418034
922554
400808
70246
834867
395818
193709
220074
34383
874601
963315
965609
928911
871449
720836
111794
968154
255752
481725
812090
706559
42355
871994
426252
2393
976280
369523
794662
748289
46989
207308
166943
831920
957755
212951
178679
606842
170869
230831
224463
811454
612034
902719
881057
57646
77584
388696
775793
233452
54988
378842
856237
713294
191360
878081
495862
114363
191368
604480
879906
776533
943346
467203
186030
380853
635918
884456
571488
124633
210461
361515
47351
899268
528614
119419
371577
593060
299186
942870
343858
884402
811947
302797
142011
81844
365573
219376
687284
939875
468444
20206
120487
613164
951080
891765
35728
657613
632940
686096
795760
764744
313536
597860
57873
854007
581337
894730
560541
646213
696769
195903
877573
715306
417996
266415
709777
138074
633921
241063
799848
387133
308955
492655
435817
579920
818439
204771
159623
605587
529
535470
403873
294108
837978
105745
719775
803448
844091
272575
248285
323487
471593
131989
509056
581199
801825
646526
301655
661203
654413
889670
306076
855212
650042
803971
818200
670861
90682
41525
824532
528221
554360
120654
644950
987790
670207
622600
271198
167800
897270
179608
881902
437156
725064
771440
948595
917843
9074
348448
132160
430124
950215
539424
866116
700823
512613
60782
740216
733729
267063
782137
629061
77018
729357
170081
300126
499442
645559
97366
127109
568767
189416
252353
598852
117647
708839
863921
69330
293972
303332
38195
191837
613736
693745
693626
909899
8062
567324
876033
86260
510557
559245
225862
157846
762945
618042
416229
785910
717762
472083
978731
755713
136044
424842
902355
162857
845010
644803
146383
804102
326218
277779
844826
289228
948711
640885
241851
970314
145642
754964
391476
483289
696281
438901
615655
727265
657113
78
170543
622836
500420
723376
502865
374867
794678
616766
293175
578542
517700
913450
530492
789411
314986
601055
961185
874154
434791
438485
218975
568948
322748
785876
301541
687425
874223
739928
942308
406985
81409
689606
472873
886263
298963
26601
206085
610473
378188
203598
646662
460618
629479
717623
481992
154851
555664
733737
855184
241975
153795
348051
604409
124453
897216
770242
932078
926412
484561
607560
384646
983807
581567
211345
50398
660607
202235
382320
736785
595254
631890
185246
799360
659928
91413
918557
134861
771037
673525
846651
349950
445627
29663
164261
184574
13299
24674
202885
876799
684109
793713
596836
513388
844274
36478
962999
539964
724027
363469
749459
181548
540411
643615
39960
209751
175883
447631
764395
413411
724140
691667
434961
715590
889822
476883
144636
478135
444574
387434
630022
693489
409742
708601
944040
285538
819901
772703
165398
54394
210670
183109
861682
515650
990952
91175
984610
935433
216959
608674
941460
770865
263536
821047
855020
208324
820735
383095
697624
800584
874437
22346
621064
539130
260689
783280
956557
232538
846394
563105
290018
731977
380526
445714
92092
469677
134366
101986
929324
165115
564737
182538
961781
77957
20505
138712
773201
535471
29274
237274
998011
303188
76915
234962
27481
626620
828558
489702
44531
961584
957909
69108
871911
101591
294449
756917
346595
964934
306405
144643
799195
66433
913102
85977
102821
868452
226814
240180
372586
140782
221287
829905
763046
446859
845503
87952
13801
884098
810095
733034
451011
89702
300950
287392
308001
269068
68680
626449
584982
423776
143556
433426
425178
31847
792383
301453
552786
512823
476708
542613
290577
394546
797101
922994
290792
13736
868425
552552
396951
624427
422297
215636
279206
885525
423917
340806
145438
193464
265327
66656
333013
714937
103
268576
325862
826339
787806
118425
778914
506746
789433
997573
44147
630422
892205
230499
723900
627636
507471
883919
555463
266128
221158
476271
518461
385908
123426
696583
115733
498810
605513
881896
811349
430912
770539
466305
97505
912797
964118
306582
705812
666224
232736
327679
224778
644778
384725
970206
916616
99567
264771
554560
564138
820733
384283
448935
69564
858252
97231
829816
55170
837980
531341
983663
111735
447665
990168
637064
903750
254898
850275
46225
208239
455259
15391
258945
40291
478648
503396
46184
23534
517088
119751
879070
659815
464292
715674
952072
108990
348620
697919
525270
901817
533718
150424
320732
379296
625757
569697
251918
512378
414891
399661
602002
518227
711267
91509
980593
827747
150514
732869
471556
755344
218937
228853
872809
663295
817918
822457
28638
427113
50251
804104
658852
862700
806182
112132
494262
229250
733288
938460
948644
344902
262306
685768
779641
150734
847477
850044
719806
208184
700099
518812
195779
344312
296734
169064
604513
393637
783296
640050
49179
725719
41388
999343
667586
949234
75173
469374
62006
341727
285170
466059
450641
532677
141499
304023
333582
19442
67837
287910
795377
396748
610417
852121
145964
411234
288609
709441
191513
431080
892921
877364
573986
857706
872812
425961
269463
392465
665454
916429
201538
598168
7820
585980
908615
859372
717962
815937
947303
389239
163189
937590
209382
483059
429578
633529
98864
281769
928114
863539
444393
375906
373657
87073
260615
968749
416800
80218
342113
93188
35985
920198
833104
855821
940914
205290
862007
309615
610187
760272
749154
148802
950102
548344
50955
763007
931271
76848
891555
762866
827645
697522
161205
922712
385865
295174
250511
211633
333573
868928
108398
160462
87008
374215
353794
915948
728678
979935
70265
294919
247323
70066
963578
961953
950577
226748
804957
579514
214071
711243
582350
463085
802957
228968
374686
996899
670900
271332
201916
276616
114569
531698
889793
714517
303109
253663
898647
649163
166231
485740
571927
931437
255831
939255
931526
270827
541461
147485
17169
64536
404381
380796
293176
65805
578798
970969
851078
178384
209478
512431
464520
796487
365237
861498
161789
754257
282531
748730
482441
679829
347531
620260
696087
474321
703013
331561
183298
706314
233733
475511
271865
232627
586078
877915
292497
851180
774012
265800
977931
354173
213607
90247
933171
455009
221606
159934
667780
918475
231448
930670
53939
477304
320573
554310
97762
366740
770368
271145
207347
590040
623216
898273
998216
41916
862500
155990
1802
857198
485468
76394
617367
759633
748652
993303
176398
382291
773040
962769
694680
120900
361640
700798
88350
191278
39581
105631
352281
811815
407478
425558
494231
723340
808445
559205
277591
596896
766564
483409
40529
738537
793017
305840
105729
681707
701070
537752
594731
295262
170787
563609
753649
970391
488877
328028
447024
392115
802639
227160
735166
471188
412404
130836
523805
219105
463138
535843
366952
506401
539918
121795
504360
339508
888639
978726
110856
854800
893681
736503
861931
231142
759649
499045
512215
712334
662955
550694
225992
914343
47727
30244
823558
247800
252619
554699
57077
329011
780344
580463
838083
263624
232377
611109
311833
476596
988257
384613
472999
99850
22873
831869
124333
773053
721111
873523
565050
881187
28106
845105
765015
268546
5992
813659
236301
73733
700884
894521
563127
86149
596022
33201
58876
821494
554447
681234
362365
668053
209392
237588
735309
962829
41547
389507
649018
230371
790992
615353
23840
738073
96686
876515
449227
278801
729598
23599
541877
262501
42863
557966
669827
130049
609432
805804
324755
208325
407407
624036
846396
683713
153120
375885
668166
977492
501503
558902
848302
719521
990905
92330
383887
946134
285953
183799
759854
304940
165376
992524
634744
209
470781
449623
846162
979285
50540
962847
391442
411003
733840
991341
794766
426337
103365
768992
63019
272707
50943
160413
284130
588645
54226
26457
599582
287724
836018
194504
292407
436136
765309
144274
87027
454061
521280
855187
194574
642284
803759
534432
417411
578413
91123
561238
769597
181612
132428
89604
366949
290617
745643
968385
375880
860832
725159
926226
207873
636084
435956
736383
409413
596494
53531
411327
766394
980079
592116
956272
440540
161302
498938
917913
932871
507074
746310
979836
609190
965524
806947
296923
609624
816460
406726
607169
238742
936250
366504
809102
372461
219169
931820
570616
302219
537069
137875
695824
474657
686387
372009
987702
986829
478116
645818
330921
114894
294654
636426
860800
872067
737411
616359
892040
689322
729233
878818
173671
103169
706495
543144
261206
375143
316463
873090
827274
430183
541714
912296
902347
925814
900216
461316
729694
781636
415083
301023
591105
119011
165943
465888
546960
599205
135691
474260
334770
535434
965397
656693
290330
68019
898376
116931
72338
510357
403509
81601
58949
815192
990394
264146
51389
902341
952712
572425
610668
148654
117182
503290
297248
785284
442516
157221
428499
840829
671840
632782
939049
944773
592785
373179
222433
308073
445337
694589
43579
133011
395333
848156
88529
970193
676302
986647
609469
791270
757200
551033
137766
770739
320748
768641
284706
805852
475990
155289
505463
864830
904643
720620
986722
991000
72239
841716
269315
774891
695163
382839
637209
807327
78207
356261
105333
118551
845741
983355
439334
599467
708947
916236
262202
646781
711048
437200
986120
711705
500216
562349
22520
425979
415672
13036
481229
148467
257072
569070
872046
123294
456782
576359
539458
440270
622128
718140
554546
803303
114157
149821
705778
754430
947383
738203
586860
967703
403116
373137
973020
634725
534743
629945
105778
783305
890141
464800
750647
803167
497667
809045
290055
361697
634734
192397
387557
244419
743241
308696
235828
286218
345410
402338
613868
578094
305844
246948
276774
681563
228559
752740
407676
327251
668467
822295
451579
904215
596117
796294
346705
199813
927449
301584
733924
452194
948170
663409
229123
9478
879116
229377
930369
9719
504981
399150
929155
804064
590954
555753
37431
240549
358735
985570
652093
938303
689477
503138
203551
137554
553188
221120
546030
289186
443744
496625
242099
959720
293113
919068
749164
548594
603332
528340
210836
112803
8364
679074
1138
870791
16637
66444
416066
598954
270305
266401
20932
333325
885953
836149
397051
862372
969750
646170
824883
860492
17096
688310
210077
653234
417426
330346
777052
444349
118008
37301
845665
446043
519353
402622
88617
732847
129164
181175
920950
650968
995485
268485
962703
331212
360453
724646
223699
440582
888793
99244
401843
243042
365795
311455
855509
456871
815750
371197
810253
687082
344790
397525
317972
843719
991829
723227
419763
704120
69081
510848
801425
622536
412885
228094
266937
906273
367791
86763
257466
555877
981951
893395
866243
230468
427221
170685
153455
192987
775056
354715
492863
598052
409098
629385
786409
88568
879596
79859
469908
70229
386215
874696
959158
661972
885092
414959
147922
684194
380863
392868
461157
378151
3695
93525
648143
717281
162624
594545
922295
800896
467451
823734
568341
437266
871361
453816
245894
372111
628522
744364
318372
378131
53806
128194
414409
596635
622718
801973
330062
190469
468143
864605
87396
101046
535401
698676
481713
761672
536204
445384
522671
185916
297903
678537
663977
402760
172573
688217
356638
627611
412912
426297
678631
715727
856872
426368
153879
811669
60224
750923
933173
945409
848790
802745
303706
50413
214021
308293
356648
901794
334584
554629
200457
894841
948636
127408
321607
621777
881769
825995
621086
307843
197661
45625
873975
174668
35924
226685
610498
557216
901074
603671
972973
328131
337078
787957
315697
589520
938725
484390
834799
576536
210716
180926
815161
730246
379934
282273
106527
714973
662470
492760
437102
447049
971310
230808
731541
309768
239092
381027
471956
376366
335876
625031
684940
340606
259788
203705
395424
991848
392607
734388
337661
656584
860208
422653
967883
945841
911060
344301
169748
248253
772076
877117
233487
972088
687714
742147
764440
976894
180737
258783
55599
376318
311020
929757
4397
149228
35641
207078
268980
679732
705674
346355
124014
488349
147473
981440
765860
263365
886814
166107
301867
627788
821148
449592
117362
526619
179275
314175
969832
164196
543996
802091
432679
850496
802476
436475
223739
65680
132408
510916
711117
273835
823508
149601
771637
956945
89601
915331
895033
666138
589466
812527
637024
393836
955647
459879
288934
826318
686293
662752
684793
498123
643359
518688
842276
908689
894034
773086
859328
204297
873741
199009
649658
674359
762128
533118
724288
13395
108010
842731
971749
720701
286590
891523
660727
640276
189238
898082
22040
540060
127042
983294
166308
240295
780424
554848
540240
898261
485000
557497
724249
221816
340766
543481
894925
868999
583221
524983
572047
280228
908279
389976
354907
252805
558910
344484
950706
851126
352799
908220
619585
227624
561361
582342
772730
449071
872773
862527
156016
387159
52732
98948
584532
634536
511192
668662
802100
470484
960184
612607
625238
889113
227222
166030
243566
157424
399353
275032
266482
277610
463469
850804
720752
751501
679531
497687
144031
883415
421735
475193
777444
825133
334069
898279
816874
931657
379149
651838
340794
646240
402326
515922
643405
425881
937421
211071
195393
234260
750199
805419
10037
779041
361335
226378
282236
269338
886782
661674
295365
514005
36319
52624
991990
616733
86009
225871
116262
792118
786210
959315
865553
399699
30684
735745
48687
453598
16391
455961
74078
703658
361403
273941
565114
305632
374095
604902
218786
723333
907955
73316
327874
512085
19010
557956
43499
452897
964005
514300
318814
992856
520622
613543
914514
148900
977330
19491
732785
426286
157520
578397
611205
794878
422402
133777
931072
57417
675481
552022
85120
301376
836747
656550
301108
785729
419340
972285
409187
430810
226981
476662
244683
16303
541289
947786
248643
4623
259350
287466
764133
843054
683048
660349
703717
893104
270436
735588
927306
667198
229733
935297
586836
115715
526623
595116
664595
794691
896357
623107
229885
907564
545693
375439
149459
281158
6291
387114
929640
992412
458110
821551
120511
420002
94059
166766
918705
484917
725943
366468
954431
435975
205879
444930
776854
225359
585917
755736
84522
777820
216830
319554
529364
996212
957172
272401
829246
406059
422760
290124
253958
330917
534549
487814
641604
86720
167534
583614
304148
190811
340065
187249
845117
900481
387376
789588
120139
561754
137935
586809
112721
104758
602203
551487
557005
646490
609114
40275
910346
100305
351870
255201
162837
824404
304103
345411
802539
137832
397631
424401
431235
686190
410662
654409
846579
373663
29992
582405
668622
955610
653073
652822
495757
864415
674056
525097
756706
61336
719943
475334
603224
772098
503052
469544
879845
80094
443086
550211
255914
347551
256849
543955
430509
21970
785997
195724
835288
667995
969352
353878
41280
185573
482936
26158
543116
861081
440474
385933
721564
142390
248192
997549
742926
195832
329732
979844
523055
402972
632962
984773
301429
785039
384464
883959
277135
412450
60348
996091
976919
831307
405091
841786
770349
727928
744091
891659
570548
639607
941124
651846
378823
330305
241423
13885
219786
828851
823909
964496
832927
914943
145740
885009
474417
952998
846062
978171
937834
649037
488362
673386
914737
67403
654927
957100
659339
488057
919101
649492
222105
211118
138248
455909
750316
23283
768508
594283
553457
549667
897039
85693
141255
488230
240233
389976
608025
508191
600369
980405
374808
615482
48089
384847
335737
447122
742147
716934
846700
702408
940444
807884
723443
177663
982595
191639
283430
466611
156730
155832
446519
593556
756274
845668
63588
997253
330130
870963
569086
439828
93970
252867
212839
181670
991249
798959
747585
605547
638884
997237
543525
18517
689256
628213
85404
869267
372655
12002
323943
357597
853393
339634
270196
436070
749494
635269
7817
597749
645540
77543
539792
576490
100731
479830
894197
224494
663516
405836
990702
950464
341599
537399
317235
568903
194238
352669
924629
376690
753726
527954
714046
121011
262186
709272
245361
169567
587421
63022
936439
121153
461533
603602
415835
391062
207714
74838
849045
33060
422023
266809
835529
615182
871261
922305
421459
977173
763146
232212
465923
231707
141832
545269
822022
99980
300733
261772
401650
785149
142586
112895
746847
685987
223283
289638
41504
486610
162577
233944
373166
10668
532542
268428
524395
530310
853487
14529
94210
823644
278367
674208
186891
45093
369823
47058
118151
431838
889022
260818
236935
129759
438284
800014
115129
734879
248507
768958
290277
472437
562559
218628
120463
194819
387876
881144
320533
321871
130500
490243
327401
704957
944282
201152
210869
251397
5057
772048
513398
847314
442072
25605
904613
590186
664440
848935
656577
95241
72832
494601
235160
17553
808085
498780
919994
667373
539575
1051
578111
104760
605886
179984
449264
714777
224291
74562
663175
712057
11873
298300
533912
475030
79545
123853
105398
2725
657083
657418
425032
563497
580414
642160
939594
277666
865542
69265
929350
525627
397840
685723
231872
881333
857309
762019
844312
438429
669688
864857
422463
734888
79880
786809
231915
260446
914767
887678
139170
690608
729641
622076
501090
168659
340865
892615
620416
104758
950814
172516
328746
460154
698974
400278
545344
29771
315465
915506
857628
843502
754153
317899
944387
173979
141861
468442
907407
432256
303429
857797
76812
517628
490564
491279
139852
265865
647149
922044
312430
48772
793988
985171
41966
913193
714909
395767
605814
305767
292960
127593
33141
138228
634606
698503
568105
238687
874445
661915
256126
493283
312361
492144
432641
913601
810362
109748
514710
155474
742375
593979
446989
919901
166095
177239
403895
685440
730401
624175
927827
41938
828008
755036
361579
384737
710352
177751
45966
84616
441124
631107
565351
650912
993069
285383
370136
645035
614303
261889
448332
831273
899494
368332
339802
188872
139740
910287
940728
441134
48031
550475
708193
807714
25808
416404
301517
494163
974673
480376
646917
215752
640877
89718
285862
931322
786912
826532
958903
925896
479480
209641
252575
711718
875920
624016
13179
999268
814317
528012
122096
520917
776938
678332
439771
609226
797311
627594
74800
962378
119942
744162
881629
18331
668627
292372
758177
96588
583499
676793
505617
916380
450967
423991
517576
948250
818294
690055
719538
993624
197049
948103
33035
953975
106872
388466
393097
569997
901506
799798
94685
201287
364480
216693
432541
358786
914580
586278
538482
389567
845254
717526
548072
514710
463906
548547
942350
510610
245162
601100
411707
232828
544820
204905
729846
182685
634556
160291
49949
753495
449105
620788
161772
952529
668224
194194
145933
990459
677048
127891
955137
999141
134874
870643
984684
559203
999390
7654
440769
797216
747097
537901
504392
440871
1987
337403
601258
81433
152189
144734
129552
939198
193870
710110
486663
305882
309563
490073
128638
843087
484684
43219
68342
700129
912478
188811
307880
809715
968590
42123
334384
780690
195608
613910
695959
56985
641403
363456
329348
503071
535493
900119
603500
149993
441267
11244
274423
623878
75662
553882
427603
376554
392401
171865
763764
519173
200594
817648
988671
938270
779346
181791
907517
776898
389885
446548
343673
758987
507629
686221
411183
888984
589002
84237
953922
591186
75618
713800
592643
839727
688789
915831
98497
791764
755258
179785
996230
289818
884218
74103
805161
357282
641129
120763
35469
1650
334042
785375
578368
804352
112167
272126
347041
934772
613212
344345
891539
529303
890683
487958
284625
593030
357699
25282
130103
394700
219722
115521
171174
438779
556188
599925
156442
816669
923534
334323
404193
108238
218648
733178
651096
45521
481560
610182
397658
258726
308367
623751
730360
33633
193457
949592
722157
773638
171158
76220
886941
615936
382789
734069
319029
678053
426993
206043
248994
312787
752142
401647
957697
91331
14505
786200
167532
82943
898894
952901
682429
540882
697905
699977
7076
519217
177369
595718
403604
444831
259896
52740
405610
417992
92028
175499
578075
730782
721475
630010
171764
362431
194704
745890
654516
987303
159169
392343
67311
542243
532546
286843
483949
58844
614434
1946
33969
189890
313357
912739
536381
490419
651312
570544
70348
663838
295808
426299
587823
565057
187014
856567
876125
482125
833624
965758
854010
382061
299453
508570
984693
211979
742317
694855
871240
289763
936883
532234
500270
757319
201306
571466
877783
982616
650755
149280
56642
57222
263023
818905
305556
277003
363523
813273
677620
390837
990098
98528
813460
996382
629405
77787
49349
771458
110602
737260
546053
435991
182934
166238
523275
856099
79873
486782
400665
952103
640609
243934
140266
697630
242546
503370
621069
781906
305696
316259
568868
371402
894920
767018
710310
792817
967214
183311
294229
803079
172509
786571
621659
402839
205629
705435
875867
126297
150957
796777
624058
993141
469428
331062
105160
937646
332050
398494
626463
38020
359858
966248
444774
893234
581502
463442
288581
537317
640275
958128
591528
210250
357839
118668
269521
294962
793880
198267
729127
277656
211772
356335
369076
261458
467652
450937
649899
495870
877238
160191
677866
21948
258210
385474
716477
333857
388822
369551
746224
818396
696377
755080
858066
689852
794325
594430
635697
578130
93225
499638
303696
834878
775535
140534
560303
42030
807871
700091
601899
388977
637485
890791
807467
12890
883860
473430
404801
83429
308181
460676
676911
571456
357598
353863
875189
926688
632151
864826
693151
632835
72981
552714
378278
164956
701477
639577
226454
267949
557265
539477
550806
812317
49203
956706
976093
431078
838215
13094
160201
305793
791051
71167
11915
36878
893734
240473
453840
139578
110782
827673
917732
444255
605915
898457
550814
950981
325646
702958
934626
486719
357516
149494
699214
58519
844466
189076
567898
789417
10062
834523
190949
176354
207844
255121
914993
784833
771428
688956
163852
638141
300178
890528
883507
577317
320688
974898
751844
477622
758326
84057
617927
683410
400636
203376
568192
156871
391514
891414
353899
786936
206726
441615
729640
897168
549523
30400
822735
688559
954566
182651
137036
216136
710588
667324
760991
997271
808969
957937
133273
485778
727758
779613
873889
904157
683932
241618
986595
650867
354480
799944
929763
945690
458791
552201
91850
718614
525321
739857
970216
12330
683876
175855
487948
16021
538824
482510
604424
452945
264456
3738
773479
194326
143934
717654
773885
109457
606535
17531
526998
749656
523247
501031
760818
970016
808480
62801
119360
240579
472813
116894
373825
199154
121294
330042
952451
935430
595379
47840
423803
836737
734730
863778
66228
923463
450210
289326
350093
809310
991373
676385
379326
201772
984744
377994
677840
535949
94544
498156
167358
577815
63778
924489
52317
407443
393523
783844
365314
545226
560261
51661
516132
949688
609487
535367
539976
421535
230918
684513
380997
352111
78828
702760
642938
872788
398763
682554
700099
892919
941857
344558
463979
739754
222027
561423
878716
135777
995717
164202
767874
461783
448313
852437
317205
150754
801984
899818
439432
802662
634482
450819
284426
690350
563229
125534
29972
125732
239939
459336
561717
347699
40914
943516
826638
760089
833670
867061
886226
576978
841930
684322
201566
538104
719817
190877
626886
487677
678543
995068
832788
525891
815923
908144
444445
102653
385803
397658
932091
496768
773272
868967
897394
816428
669331
935627
975379
975641
667227
965133
693277
653923
607044
713467
993673
536025
66216
694086
681562
487657
785857
582516
450424
242830
263507
350060
806494
928195
263742
706622
219168
693359
250564
239491
117902
198935
808236
119420
77655
50685
866670
485178
480389
234965
542778
381359
262838
222516
837802
363076
543598
663082
428865
2939
882946
141326
285059
867962
527436
160993
684108
546528
585009
118944
214708
926567
646914
639815
145781
6400
437105
269331
693331
761611
420490
666869
477394
298218
178450
945263
329520
69165
303157
998564
358505
230429
544880
853217
61268
807054
717594
260286
45240
532723
426613
639216
929386
162333
397564
457147
626276
120345
584610
568529
450984
355382
100453
427679
815242
558087
943271
689027
769660
595682
515631
144482
788133
899959
431932
203170
649953
927090
918692
715357
709277
944324
521755
277780
665783
648923
287189
314824
839319
365824
918556
591090
656540
56806
612745
12850
610610
967722
262631
228736
177291
118067
256420
777009
471025
897186
277876
92077
215583
158209
240498
401451
602806
114320
261517
116577
605763
67189
753556
582332
301286
850350
613006
533514
766362
780144
947421
37260
485370
1283
36288
69003
722425
866587
195667
325679
10000
365180
866355
419590
630043
907821
100164
815378
877217
816140
673683
603179
77866
711155
423197
891514
390621
241116
80925
548405
598717
717207
357766
222101
500574
149628
575870
543292
354951
315324
896794
469467
556826
3639
323506
646251
98067
167383
58782
503470
893072
733035
60081
165355
404086
88593
406258
352429
881373
652786
572814
457444
809073
780390
702398
17832
426016
264737
751674
483642
685331
603961
707168
335687
918970
542712
288891
447670
691399
384117
584748
861406
521189
827208
826245
723920
566453
198627
461699
794629
617410
760046
967248
168269
318227
824750
435018
705637
891385
109367
293469
389806
736802
857469
392426
98596
344068
20851
639231
289402
922998
634792
638901
925128
858088
896791
915464
826471
971829
667008
975604
674883
351519
413699
171261
991871
507650
459615
571627
176454
334268
342451
781554
36492
961557
208965
952762
741149
895415
937803
797426
493204
252224
17306
287514
436607
331479
951096
199089
449489
249143
886570
457174
56428
472729
781456
625204
209845
211439
476296
796906
655404
352469
307464
760553
296205
759911
781688
852008
872555
907045
491106
302687
800211
220912
704515
192889
188119
369487
217864
251807
442520
759467
943642
797902
856640
25022
138149
417825
740972
696251
716652
838789
294847
574065
286730
488507
913919
547429
892904
228252
265944
632036
420759
553810
218013
915441
636676
678968
137050
851724
413399
802227
823337
352398
451814
355324
234230
387774
410118
390800
377827
501443
688821
713901
660982
843091
541884
229970
507575
316235
23472
917964
609361
943596
150780
239977
142830
714511
756449
880348
194443
794579
411305
87291
692834
212454
335527
494253
774667
111296
463701
921764
516090
747384
488087
278883
546515
246256
528962
195917
773978
800911
81873
859690
932959
23042
540476
171975
209014
565658
301434
793237
153722
299079
75319
549491
52450
943825
830130
697626
50439
15877
180946
589122
111656
214172
48124
451765
380627
68488
409845
778894
955273
975651
798646
672887
367737
394644
336747
722160
508386
780778
106537
422632
828890
171742
501590
379394
301589
357260
823787
816658
445675
846734
900341
548897
975032
723624
450752
22423
722521
886855
569405
401284
385982
374164
752012
997801
374025
56019
438412
695673
861049
730354
895763
393057
798088
585367
310251
15720
279673
198935
352267
482183
295355
309704
653305
380905
847092
955263
83085
455502
97558
142606
698507
95888
105551
646316
739902
434106
14525
546990
65401
341052
696737
269512
95471
265097
184207
572140
571714
18919
561674
329377
136813
933344
873999
828498
914590
462926
798954
448611
798359
19645
702311
249997
343419
907214
629104
166674
631415
445725
278092
276914
802631
159989
336627
12367
585181
502419
615775
288817
956547
596269
344148
708458
852962
96007
112156
727657
274174
900626
559409
826908
886207
313773
412176
777113
88256
355264
216331
235530
376397
178758
875169
905411
362415
622555
492985
452523
29267
322030
481502
122321
666745
340516
231420
673836
992752
926444
593994
253309
103188
753274
718330
715537
205333
105623
76625
996418
573394
105829
173647
442362
69846
801345
263079
826773
244914
283224
577424
674114
581617
832278
322688
323786
751222
638359
16159
198309
425894
154113
919211
560513
14422
117561
521159
511561
958
822684
128762
677840
938252
319681
863025
449027
515194
298700
408833
55065
656380
7182
593258
249713
387624
468882
280804
889746
923711
975800
664371
535046
65445
744542
406724
266878
124379
263180
969437
378735
301270
633153
724787
407460
634473
753794
749865
203169
943577
552551
813630
731986
384154
378823
307411
241033
707285
244098
742487
426694
710088
941579
748466
63204
815821
393352
831741
660681
66161
841604
393512
367442
669346
654911
461285
477948
13317
143952
955041
399864
633677
3214
316126
218549
142764
229770
457507
935001
882148
440718
698365
754754
598577
714191
240487
656889
699496
602478
1497
822987
191004
65473
465950
588489
417429
428794
700969
456674
928461
663064
930785
587006
866766
265046
20797
41504
183142
943223
75715
201076
36129
300061
125556
892193
687470
780647
950658
253208
511093
169810
816968
422802
318562
302924
285873
386564
283325
147967
887043
591076
17131
517552
832742
610523
636742
983360
996385
284558
633981
905947
161451
645726
186615
911953
278006
973402
935567
977128
477718
400678
314007
234597
815136
540347
391633
204922
710099
966854
519673
960596
582358
52396
757735
793446
824690
480680
643162
68679
696417
612641
402360
110781
494574
313789
76033
829587
586595
352596
511633
816316
600434
236428
49020
519057
176843
31533
933431
54393
525626
158128
989047
72574
457578
715282
848258
689460
550357
283763
935815
131984
490483
651880
442761
986511
128477
368168
30037
889007
473194
687664
442950
881197
932789
321285
940343
495865
624734
404537
12096
647837
628457
127788
196193
130095
735187
528270
665894
188497
683165
678580
733732
131762
479936
591827
52863
610981
696815
842123
488254
871646
289735
236733
795122
502505
347912
259885
74291
409077
469904
440823
892172
803807
479880
549994
937157
927170
161371
992456
257379
78363
700126
337592
972039
888460
90753
685998
320009
887060
676036
88982
559508
851302
322024
251583
21653
254738
683414
244166
967395
663413
665287
362723
329980
319664
671692
691992
331243
964285
648341
671833
784660
568689
414556
148541
244995
339934
128145
940481
306712
278799
765292
367964
143526
749891
942038
832595
299324
114796
240554
567864
198732
641474
893050
551440
607615
20190
448491
812560
268988
851722
609437
539704
564280
834447
306153
242652
942496
457653
356994
779399
230007
782115
372811
791235
516455
490349
458714
287078
263009
417713
659326
610846
947435
322165
197996
142351
776032
100045
755515
658252
16952
564223
996318
452833
955678
461319
593303
367604
274658
575330
965227
784388
487002
567445
956311
387389
876847
613299
87927
798787
801955
99926
547799
629598
788328
398370
289461
667498
509639
799137
345478
342853
864235
929797
713951
866514
860304
58985
59312
147470
667651
46888
42581
88646
207432
526573
522337
235391
775696
219313
392889
567076
273798
791806
336581
158079
972842
452931
852975
176186
763966
765691
590233
505718
595521
818518
729041
845137
201268
171712
286276
706425
837521
225055
111667
929728
35761
473213
702818
321694
774223
685395
80035
245678
846057
868818
109400
265881
849531
478369
113443
777068
777821
863330
104594
421388
98029
673524
204902
385055
899093
86582
586222
688999
640740
35398
227146
660151
487877
790236
181809
769816
207552
831713
857848
391910
440828
721923
105387
815087
641771
436765
492071
283326
123413
72067
887089
363214
903
237337
65347
1080
346165
291992
222984
312287
651691
938269
420406
916405
432055
554733
607330
311755
553524
562192
284621
471581
186176
268543
51317
803120
904267
106322
355217
20570
616683
413199
482670
412507
36937
466242
623704
119321
18217
226821
937543
395104
373418
636351
931348
143419
431185
153052
329275
245254
104644
390223
256251
806108
792780
769059
184774
586301
768280
237620
814391
392952
659475
261802
135513
585576
559077
682741
364695
757332
527411
570011
62882
589721
803177
19506
354718
727554
133949
418763
462078
506309
81351
560043
281403
466341
763280
508408
876717
315303
36009
53312
98326
140872
497567
342670
185734
157413
655637
107830
360708
802397
817422
479856
340706
548971
954823
268360
83195
361597
524304
129065
718074
408249
244349
644156
392866
756495
710848
215280
945496
333280
837505
929494
920670
527723
988650
414006
682561
741541
329490
71800
675164
374591
558143
378809
675963
525362
942332
764962
498887
630671
36272
242496
291311
199604
814258
403458
920722
184148
779621
957758
728657
838561
772846
803610
800836
90915
911251
278330
666533
35433
693917
346200
319473
654091
820613
64606
994830
413034
730799
645201
667550
791576
85783
944663
346846
429298
173964
216607
89609
3056
162801
613330
144446
733171
798229
520958
467183
258502
466529
849131
265536
68863
947518
904273
60177
184654
618454
320846
412743
190670
801118
445297
953793
942425
41219
522761
344382
61594
247727
963204
938948
960684
23250
394227
814944
34642
897250
790694
691904
702952
193182
103860
100494
881183
870277
670140
177508
842713
229513
198522
597594
32618
646001
930558
63937
587391
630834
894340
642743
291877
553231
844203
738213
143925
121092
907400
308043
456435
174801
605011
898775
548462
537377
330732
88173
484182
41820
220294
536347
254714
201272
570591
355722
653913
868070
925317
419694
446125
806887
940410
630833
89066
188733
880032
662202
95253
587746
826518
578532
309706
15588
483713
802780
728685
867104
629476
577782
243288
408274
215129
459901
114557
118649
380970
93723
140896
4910
792628
321219
877384
492296
596748
17464
701351
389830
538689
461922
474853
586623
530031
666585
372219
168388
80516
251065
757025
354110
883649
182234
450927
702812
763007
900566
717599
151832
783947
874793
909472
317779
203703
303135
249887
267089
310189
6934
917657
896840
210626
553936
828105
897886
172832
868267
672187
877486
953568
25419
685119
685851
663077
8772
484666
157153
32003
157870
822750
434495
369579
942835
629923
851046
457830
175672
907990
904462
362087
226127
753331
245087
56499
98739
739899
904684
698194
89863
1316
509262
703838
977763
534435
424442
314243
202450
503245
356908
937208
225689
131896
114845
214302
474630
752707
493691
556941
713563
226903
332244
783192
587371
50048
827951
874947
312905
710052
101711
752328
952510
937634
644611
794659
837381
351553
615133
976812
194111
880175
223967
801241
527752
469878
785193
181109
601028
65139
97262
504718
518922
942685
437606
294559
775079
765690
966794
610032
548185
935171
751545
840794
325200
185444
183234
191349
254707
13416
715841
222216
408370
70807
75703
811701
988636
450422
819
727485
175948
482686
315482
655667
546833
627517
151662
634339
207768
627450
765647
246165
470328
675273
739090
854008
979717
436591
20325
367297
179975
451855
505603
669492
765760
135253
616435
907590
340731
326804
987029
303036
256384
540622
57600
417029
973579
983597
872922
134704
827807
773748
231644
269625
574724
302005
297869
192809
531639
599228
229821
955832
932378
421958
159340
794336
1192
915719
323383
370330
441335
440082
789014
978011
968093
75451
798627
664853
670596
459317
112696
19852
503726
691251
582000
566213
994804
270355
681210
16573
169603
336883
977011
893639
364746
175520
866666
37871
976484
286027
63010
814858
256482
396485
806927
503101
815877
968281
177161
852217
983803
808963
450082
125613
77788
956398
841894
657061
982132
816661
165854
977410
189392
133366
200954
187790
13229
903398
21928
403423
958046
517546
626403
695713
74611
560782
496246
1769
303680
755597
962013
452254
249225
536573
102011
489794
536020
110368
534556
557002
512698
31797
641045
755917
389249
68867
930373
815836
892960
774281
949299
326225
613693
609505
15077
746050
984024
476313
279243
50253
22362
972487
671070
155231
553486
566593
688086
198654
446559
909459
36273
103961
136017
399633
653042
824165
556660
12405
575699
23142
605148
896678
239144
402873
544103
170349
918044
119618
176738
664786
235080
273002
716682
46301
606127
934720
634433
37720
296347
390949
16236
570143
6726
808783
398683
740854
399657
627107
281020
942540
457856
964456
358410
812222
816829
852835
131779
250065
409020
314001
441302
209739
259052
177680
275408
437632
217669
485167
413620
524412
882766
411104
560488
517348
664041
186563
174956
982286
173485
618646
538751
250323
786788
30023
782744
827067
585483
543256
761952
753179
949969
407505
310033
669991
79699
71706
826085
346648
754641
671664
308915
163061
75287
309064
510901
307491
420572
46819
563478
629894
643528
202794
521249
96906
508757
909996
594653
148940
859529
856179
37366
123601
636554
726015
226180
436652
812723
197528
530456
181355
455870
968303
490021
573404
194901
141179
733190
235026
853939
19607
235519
46883
128871
735763
626332
268399
776756
723754
128119
366785
128201
152511
442662
670853
337205
571283
736937
418067
94025
34264
523159
761186
824030
162051
992458
354059
140500
526331
331986
921993
383827
903045
887008
982392
153335
942489
15938
511129
499475
118393
389958
768403
46228
968452
376460
609405
166812
288337
563509
509140
115994
254190
869284
150826
435647
130606
284820
631840
859885
994639
936511
647708
661685
166204
326144
853137
147874
698568
946541
34857
383439
686130
875302
414833
877911
826011
386870
952282
784643
507586
584967
545740
252578
293492
205726
889680
192009
949167
809028
749341
744631
370626
675170
639853
715519
922614
712077
589035
826011
750610
318240
401544
584676
720372
407382
493877
309799
639377
729957
111341
891057
37817
585326
58599
752047
481862
101173
225599
138521
316767
672142
94648
682364
728802
340497
859637
151739
733008
897524
833753
966363
730454
463218
214753
912943
288857
920590
215590
815778
407417
571775
851282
395532
421592
297197
401489
821495
530141
729513
482323
537291
802501
546014
928480
698731
281323
477743
769465
62707
42735
79916
877143
85645
54414
456649
491921
173831
190357
57060
912911
448001
253518
596306
466687
847972
706545
637132
497562
122457
916054
214371
934444
258910
878765
890390
433940
68557
329494
115539
547050
156496
83149
906928
310547
182417
530611
321842
919928
366423
403644
877498
505054
649552
916714
380029
72415
51045
12559
354105
280037
34257
424561
429387
685878
761197
663774
751770
707089
441929
454264
940541
653220
986380
984712
334577
469900
608174
331903
164857
946113
879707
392267
715873
186367
61051
502055
857619
655209
571635
261476
412179
332645
37308
296334
741119
564948
855804
887743
726038
226325
331520
613823
446327
207774
590253
221521
299
828440
260353
631601
185444
250612
77478
991176
476392
765264
185418
767173
909033
465640
989027
402967
333278
835093
40112
320805
357555
29950
414197
145050
664971
788460
246334
63790
821614
535437
856477
785576
84187
352794
207367
461688
946840
587457
165433
711768
944487
332080
883453
56755
286586
284829
839637
909448
924877
868702
21102
860374
700143
11798
104873
295821
917684
170841
638897
165335
514171
212485
789527
938664
85375
94548
701012
316362
134578
279125
177079
63886
890839
560585
237257
552046
523386
755297
977980
187514
516460
412203
961128
251792
873727
496236
414366
920752
851930
980414
926008
778023
271039
589222
194834
843645
950230
249802
817771
108128
375241
615120
346546
80844
101033
136820
954418
429755
729148
107542
350188
115447
444382
428388
675200
427665
121675
115714
514654
542065
204355
601679
532629
197118
651795
518980
515419
466450
838401
764057
782328
254563
986501
348528
175658
773237
165867
655916
552176
68412
972767
40902
625615
789211
810708
440934
458955
912833
33548
705055
347319
28290
317003
114062
796257
417491
358707
687397
420495
874956
136619
949174
65603
206322
970738
358878
651626
612098
947675
929770
81990
2234
39856
821034
940749
554603
914416
7712
258220
148364
563726
627709
815848
669230
683387
619266
583189
843537
579649
483420
534955
346011
274085
445253
162675
773872
226313
469005
6918
182533
113564
679665
6010
452191
184621
218156
82326
750939
259269
994254
482215
729436
91461
789099
961053
488054
545855
502151
372155
806521
97879
39073
843109
288493
328139
826205
237465
526567
109286
355300
178989
880186
90441
134657
34218
470187
700037
291464
933497
935751
691557
46406
821501
916559
124437
148270
891038
620245
986126
430498
253006
663671
885231
539417
800669
922678
125111
697766
637049
54911
884358
305462
786790
937520
530340
678892
948428
301171
742
486505
197441
61148
656077
275680
526405
712765
386499
923298
927092
881789
981761
708030
161489
494851
946341
399616
165461
877545
986126
131915
135969
284304
952505
853126
744203
24964
315408
712246
299234
146563
549420
29113
350537
314117
303568
560015
429321
563409
844905
61070
493735
481975
455605
259940
938794
875863
665685
614533
310065
457349
625769
504607
233767
334733
783878
578385
686778
340481
643419
336084
789841
337068
950172
519566
840518
238184
217822
654337
264048
808212
541755
910937
578171
359453
35781
802399
76043
670713
872287
953134
519084
101633
776705
725965
117395
303505
594803
292860
793974
274571
91097
249105
136454
959768
773751
700048
997039
358962
564518
652542
237276
708365
164874
282267
750503
592240
300376
439808
3152
896263
767246
199582
221863
35758
474930
445686
159991
328199
144883
945948
56192
291837
305267
4362
280135
206155
228924
370247
119016
69809
869096
231324
142605
272759
234377
300142
502267
250719
163185
101705
890556
104010
998996
913732
44827
695265
854963
201574
868006
744569
43857
836980
905228
818611
285169
905559
205307
725182
777129
283087
590595
225956
18025
84189
937843
65739
754022
969596
956240
523426
236797
560309
373739
714127
117601
944506
11280
888302
333002
524156
364383
174001
650306
947060
103504
684911
909007
318651
244945
78511
28771
947344
93148
401999
149885
10085
630440
556807
835448
336739
233698
426119
576556
488005
459550
475871
105784
374203
211524
735574
772555
815602
818543
234438
651596
41448
317004
705253
92382
105185
883163
768508
136944
196314
257312
598542
64011
27913
580605
559566
495620
96700
758161
314082
580975
731575
724569
894540
506204
282107
604213
988965
580552
100982
922040
801283
205517
872447
49913
781941
608956
656668
523430
269365
602389
276247
826689
673858
65965
145616
198192
245617
307185
922933
987698
358039
543420
390041
889543
262595
187456
565014
538338
223177
268471
48305
657482
389111
76756
575206
762513
125236
874360
778688
531156
550454
324269
216631
750643
128674
506657
864343
818847
625795
869342
966962
175492
519530
509405
433152
162762
632658
534558
761732
44408
381120
97590
98207
993329
773025
91324
767312
127671
492984
527442
951785
753937
970163
375955
155240
109607
138820
47710
272525
424916
769442
138827
406887
450890
205330
319661
985936
142464
461595
828598
500965
318976
545792
866411
242210
152281
70201
138840
767367
559989
817591
656876
964546
106952
928458
159944
423287
371965
293011
970554
32119
520124
41624
863581
806338
563138
366217
528668
424582
3992
742011
337358
746364
271994
788326
605265
496707
363701
235560
52345
585586
124209
697445
353890
436629
925300
111634
850365
709531
498800
633305
829859
565016
247033
811469
420313
667454
380661
635725
774053
660153
646163
708777
140201
641699
533449
668852
245172
122488
631694
356529
234370
604184
577419
748688
849237
388009
564564
967930
334997
753307
313622
918748
742757
143822
500098
309095
154103
154584
416073
946945
375039
414786
357626
500436
238025
969787
61730
206878
835276
82351
454877
84950
210034
957071
732546
79803
392574
429798
44633
889821
150434
943968
925401
72160
622057
587539
381943
629251
762329
676420
60625
715812
292894
921904
354107
471577
421682
747601
180857
903490
812973
578896
600998
2700
721516
659794
202165
364133
812152
154739
498071
867152
550283
789812
977510
384180
768205
418554
547554
946091
229830
762021
643558
40626
487172
773086
605170
892970
493785
544027
508655
874760
952446
894995
251916
44614
494676
420903
879007
383173
931902
580851
808708
134190
188415
903263
183317
220732
511079
424645
509014
134785
158421
310253
206745
468004
367594
146301
261560
108433
842732
342980
845775
640622
998196
274576
361740
104332
178759
107483
787045
691604
302241
554904
110864
581018
267146
61936
589477
507485
173987
644048
306020
139298
460311
653381
678689
663632
33791
720785
744342
576020
410530
939305
627818
419342
225582
924283
637762
259147
575250
296118
640234
329809
639190
688647
52954
682088
32046
928176
845031
765042
914944
687424
579099
84668
675746
522852
914406
330968
563762
173543
342641
468231
643180
903754
530771
520446
408773
535573
975327
453483
206571
667340
388054
949546
179325
752443
16518
3356
443502
462247
880083
367508
864931
775133
271413
478767
824881
952971
184380
421566
970618
359107
659679
125154
742666
787228
434863
918685
103249
268653
428317
309649
365630
47423
55961
304858
471685
565761
811644
639820
569004
894654
804404
28945
935488
569188
443916
307813
438421
560107
563946
654413
996422
161194
881213
68066
873992
657746
468984
239727
980995
623011
467628
436148
881917
292552
963346
828175
876154
48326
466146
770922
881456
98417
659514
215616
599467
801167
462628
963680
512335
208742
799021
152986
235715
407675
142918
192648
625557
798426
20174
899013
289847
58346
834602
621730
410891
643538
698457
750652
572305
703348
700856
46473
169669
353079
112668
929327
173874
346284
128178
816011
783789
244154
180807
471226
478472
522562
801800
462755
863810
358597
176731
350154
701870
589937
800419
839627
485321
114512
364943
818452
103698
650666
481056
137820
771466
463207
663284
64789
349785
873627
752949
446066
731839
345239
5948
594797
676081
649917
614003
297166
647657
287868
157836
320039
730812
83538
83150
564225
997141
889928
874721
40243
182566
92909
81001
855242
619218
133813
167874
953570
457894
289097
101208
109407
54270
373720
861802
521820
301965
684707
708341
299948
123605
396368
466808
853438
979451
281553
316745
925904
925767
18338
475576
906486
523963
571363
165208
736189
72487
836139
965467
