590381
581016
783580
529978
772824
54939
782393
912299
675900
23569
601642
891619
242452
383843
555822
771599
914383
634731
327674
514852
301639
589613
330995
715721
91149
773686
592300
805932
132673
737730
643495
963873
586179
797902
551925
428401
149752
984751
93261
996350
707094
126653
13526
284717
674224
182384
521397
323319
248173
785904
438101
144457
869281
74831
93420
440121
633505
646911
548544
9455
950904
475386
796726
502669
622529
192220
605406
1758
489556
810605
265731
5010
330854
699292
827473
573730
688290
211198
617290
551387
662873
526195
170951
594759
499480
911692
391472
223707
27889
713450
11932
344051
517425
464721
107435
159921
620762
415052
842348
923367
463980
758387
85156
750273
727462
218363
808331
611126
222920
397635
914860
329935
948048
318849
639207
246172
800818
25409
752341
175179
720489
465012
780127
152649
110583
398062
938030
588542
412455
914935
876242
320593
968278
617657
670080
325459
368200
949804
559292
875276
175984
908321
611247
450146
33016
920095
474745
677023
212653
728883
118176
474233
31513
785282
691929
812907
227204
559000
891222
724082
8179
95568
397194
269745
266290
497202
153334
328381
38717
73820
566658
920959
15746
679367
640339
4945
994656
861811
64031
186072
965711
438497
914809
312699
219926
186779
758508
161924
608475
626609
998728
22051
780525
759346
143509
216325
349285
542489
333032
941365
749025
351893
242202
695638
267475
125126
171589
560786
596027
399495
95421
232109
553400
583275
662962
717477
328095
494914
263257
208366
842879
393534
747541
51357
965528
403078
20409
751102
159938
709837
249573
249286
33011
427960
166525
747258
370069
70677
247395
931116
115116
139868
380819
212769
3620
153176
121227
584561
783146
54818
865163
165680
474157
456514
158446
932688
811987
657145
188818
531702
643075
576217
182332
125236
866840
220755
490671
380302
329269
132832
474293
767238
264265
599773
691011
900105
644178
724474
673671
594492
117113
345416
767750
989602
463600
139960
927929
998503
433187
52902
694085
870205
218143
445999
97048
274256
122786
23418
5566
584105
484631
30895
494990
932937
18060
327804
12846
993912
318874
717190
189352
243023
74287
73478
574957
531125
165831
396399
772170
944381
408259
852170
648619
749864
92687
526528
83373
839573
18597
297389
888574
804248
163146
425551
693159
500340
201442
489679
358511
75781
418361
986197
955462
126342
607799
472209
243023
208592
277090
705091
990830
914493
63818
717350
958725
512955
955263
344026
409972
599291
769190
287766
364450
667056
939112
225433
626697
656918
500867
840714
221
389226
490148
335102
107219
140253
557710
560668
321422
756537
66449
613668
290709
30896
893459
610146
534809
252495
933682
832121
868422
213162
924407
674989
605082
839928
991718
950562
472397
871585
118508
300797
840117
37445
756485
160421
594027
834138
300887
373147
739903
59851
523436
807673
960210
729484
588748
376183
740319
286202
496351
678453
44027
311185
468437
594074
387095
982739
531074
352415
938992
327064
853578
76747
4592
399855
211899
452836
403502
219738
433675
462904
958176
32749
983426
992237
902209
811477
289126
797796
177975
125200
373640
947964
706003
581625
168408
368203
578548
260598
484361
371543
243892
722171
303080
818928
565974
686856
744080
888396
894446
589111
778800
153832
680762
103841
765794
384173
420959
645042
218460
568566
523207
452166
996546
82333
631782
97652
578361
512410
35633
690014
412747
609538
879750
766609
324701
709061
351502
732323
405738
406020
885270
493628
74682
159580
787855
642817
81281
525345
757835
54701
573896
738791
348864
82524
946031
888074
944670
496226
542617
893882
801309
522959
533057
3374
166609
925567
816094
48472
584927
353161
883093
638290
165973
465172
516500
226869
558608
158711
778831
310262
876688
267085
565956
752218
565852
300590
955598
632303
277183
778728
556817
823194
534962
303115
48817
568945
694810
59984
645390
706397
863333
601955
763721
918865
163982
916340
992609
844351
995542
390654
420858
457929
556045
582674
417574
426405
500049
577243
190108
556718
872191
77443
524277
476514
485685
112196
552727
427003
502952
76663
875754
323553
705895
879517
429154
999251
102779
353179
313406
72538
482803
975678
998633
576368
928543
337733
303811
201648
398434
208242
426148
120430
163025
563821
571643
272231
747950
357670
890506
81316
4692
49414
142654
163674
719625
562955
766755
917839
906835
700907
382930
110723
246732
292703
676114
535064
874053
427400
555328
123893
175125
103059
370660
234668
701305
286145
402742
160770
431922
550829
211133
423379
417126
318561
622709
13706
519469
314200
706221
872208
657827
126353
75953
548865
792873
323476
728261
731539
326169
673900
637104
157383
930623
899198
800496
326655
498196
77152
637307
512015
95563
761821
642925
835972
710928
272591
646746
152157
177122
242407
531200
778338
819121
345996
541993
698655
774223
890687
777312
55159
309877
629295
