838773
349011
778184
823199
882553
854043
553854
757970
696130
879647
616077
165384
204075
652491
38973
618217
429314
35829
907505
860406
850042
895472
523358
423592
499617
544858
125043
438692
58427
395072
643741
925895
71149
244664
956975
855605
655031
41224
347290
419305
481450
880262
978991
672998
784926
927203
642393
52050
277595
231656
161149
56361
410858
93364
242326
953483
886860
718895
990864
365386
277139
154039
916991
213445
182386
257273
245809
854871
779771
309379
584103
956185
852785
959683
538736
130568
596317
627741
380579
88721
196826
896654
980556
814037
905839
867439
105518
971024
706211
242748
748684
832914
640323
622086
528635
63094
563124
943392
396889
337630
334166
579166
880460
254899
688404
660693
433094
841839
371652
929872
746441
583676
521696
964398
861070
329830
594147
647166
496029
130447
901643
25845
248545
902056
2534
450929
91723
560074
974136
880405
949880
99304
434971
509610
767295
175336
752999
154053
744641
358888
920659
181168
783482
765711
948311
773085
327577
203425
528154
247960
479226
84084
158189
445649
660696
31633
828911
512161
190719
88541
525399
845243
277991
101488
718510
585988
690469
915651
615771
733275
968435
280403
988772
770201
800312
41167
94411
68969
67750
275468
728569
750763
549941
928274
349527
514543
471381
931142
630161
666545
136608
979027
651004
652180
656899
98126
946824
132126
90052
13843
472912
741587
885006
375950
914785
144718
71255
357159
271281
769668
176284
619309
222410
927522
127271
876411
843861
847669
284982
626238
10667
409965
398185
172018
42383
838168
192725
178214
3186
570751
969858
618721
566581
642196
321733
135640
397783
147239
480554
450306
788341
264864
303099
489344
86179
917048
204203
78456
251599
764629
890996
122271
32227
19142
100652
610417
859528
967551
369236
617317
146003
973853
642196
540759
212059
771000
972509
302719
48227
605250
989963
853758
959783
361946
348957
405208
916235
847101
800681
30174
839957
275930
906738
885957
554322
282515
432760
201527
918555
531383
6311
186112
607894
555334
488234
738168
554959
427214
272049
991148
932704
436501
746468
748230
822648
76257
294066
370859
550248
138642
265332
260764
952998
937734
767676
364064
489353
296711
804677
733585
890848
781120
312369
966676
94061
588073
775565
939376
723139
716487
785447
764789
302718
531492
298570
542470
151007
345084
210642
569910
720160
345369
191709
385693
744799
970108
709503
599659
296868
173988
845600
950714
572329
303956
53771
613485
142311
81370
55178
415133
135849
957889
124236
764428
943713
124665
957839
423094
238580
737458
453976
433740
334667
587354
412463
326940
498424
839267
384979
212167
805668
1155
816757
617598
194116
633799
256260
860279
820175
696259
698482
301760
750209
176892
332081
880935
623603
619329
649823
458902
924020
785136
305887
610927
222277
510398
528493
185773
749759
150064
873220
17552
367703
697408
851702
215615
181565
598931
823541
375217
926615
945740
171633
570648
800754
241979
374033
748458
479534
814838
95889
677084
945864
69665
705789
135176
311980
268341
525054
831046
551514
234936
244170
50944
134661
301601
790971
726920
358190
476214
804041
788453
590950
818584
389065
599859
46094
741098
258924
86866
837387
555476
593124
289645
156864
273817
363602
356681
225242
630121
231020
628116
559967
336138
309165
744761
418072
503797
906765
623289
875704
726788
610050
270953
549080
747926
906648
62576
650021
528693
50090
974836
931110
976512
836734
943993
816600
337095
260669
401887
318876
27371
602290
886466
277152
661787
162162
356219
45376
533980
955869
465455
285857
78167
346229
234919
484954
170583
167756
919161
885606
327475
383494
404006
193842
686263
792045
563138
808021
608359
290532
269326
434721
363758
379322
244848
858667
919344
850521
273917
430518
712947
486573
280751
863698
795089
281418
586476
315325
187911
213241
857297
39948
259726
887625
412043
512218
212215
237702
491115
851827
985556
222325
82601
945100
326254
910006
700729
25873
59518
872766
486946
803182
472767
423747
518652
345421
569558
735675
49725
22552
503811
203547
366691
259347
40912
906834
62522
719587
676937
271611
752283
711363
940435
82592
549791
211504
823225
69565
389586
395561
325921
815768
112693
445878
890443
289808
887751
761500
766507
91577
639974
590911
854460
804347
102268
491066
8000
739350
707260
119354
785459
785228
962638
340838
869272
856328
594181
741681
821212
443486
624377
781566
282917
867836
777967
317040
96195
288165
851499
951445
696229
353932
154565
765908
769718
928113
141888
236232
28988
836100
850405
68930
827071
14159
578438
296553
468209
17767
811644
41388
719802
313007
980453
561353
386607
485940
906751
826980
555848
721201
56802
466571
879330
232890
56610
36267
605477
676996
61442
928002
24653
59662
342808
135824
510678
10800
346580
339484
525739
215860
127271
114466
242970
811120
834798
323610
318998
450464
779213
671981
583796
701497
860999
598763
31757
615177
876204
199846
734179
676843
535759
334310
808653
509865
870976
797939
32053
443700
985648
710004
782030
381821
731653
240172
442004
924671
691805
140399
125165
779145
520087
20295
118149
388450
354095
171155
331754
276539
589313
405323
128613
146755
677188
585544
756901
601492
168168
803153
860164
470076
509739
238882
772231
420891
959582
696644
107944
288284
142613
500788
617033
718247
468875
859950
99310
280091
263293
591186
585724
748945
605493
186546
625468
756787
914942
781254
239822
973626
19725
115235
296956
558131
491257
412385
643113
16410
230050
769037
935951
947257
29159
653503
763528
602344
46114
167757
138038
374896
731294
60110
184158
34009
687541
470323
731389
443544
383432
777119
580757
91029
708320
904876
106059
935318
452222
185884
120335
192277
488517
648869
14651
438137
485885
609359
754708
421533
496216
794268
392832
674044
593063
855337
731908
569724
162104
114614
31670
196040
885389
230736
88119
684938
515328
896791
829072
849111
823806
931844
34975
452988
313684
156592
229558
559997
98625
59870
963466
330688
70197
864537
668961
149499
536182
218423
693470
676731
85900
712775
164979
355056
828691
700472
387456
480080
895466
663731
547954
756451
817147
59347
517259
116853
483212
674713
371378
910141
223653
738233
200787
422909
144880
710735
524670
567498
438159
182466
364846
551427
384580
172284
974860
76489
89248
460646
168664
322765
59098
47302
430807
680930
302937
608152
824016
303748
539035
343548
199197
363569
965313
506940
797085
47406
826943
659160
290238
344508
273940
644410
281270
451124
751295
259298
342
726412
530275
593069
675103
906952
228910
486728
695687
851125
958204
756687
214762
872321
741051
516051
472454
618570
14354
933433
955374
33002
79643
738384
738115
529932
396304
150400
659944
796256
691619
510191
540697
380361
53470
106537
575319
688732
878022
456127
98092
698942
930889
296901
968031
384343
409102
157791
394490
929974
786917
910355
508005
841082
159410
425616
960470
519025
621688
58562
910231
727302
341867
231667
821019
495969
44045
71388
941582
702462
675636
549958
316100
249367
378036
142718
725102
585182
809670
113127
333917
371253
225177
626149
184859
358865
678666
442958
493579
759999
740104
951629
59733
207212
398716
898103
394618
983891
713610
100850
906248
406170
944094
125530
919644
207071
451788
684516
98579
317317
746180
359297
748552
96241
68034
999445
688409
441239
240789
590322
44042
956477
472702
552469
361059
721477
775761
595056
892226
681716
499268
855738
396767
907472
698347
207247
637911
706059
45198
832706
634393
920381
84027
536433
401671
7859
46174
941823
760153
639510
414876
421632
220203
117761
639971
547992
178512
501222
302547
137501
262876
867896
986450
985292
610498
405464
43707
976743
881575
629993
827000
547674
452665
783008
841439
726576
527901
395862
780602
110808
284211
66914
289872
654484
862077
178861
325468
239047
940001
810228
600665
291981
494325
404363
210983
268163
659752
217064
351236
744750
540165
961303
309523
114234
725692
292909
452643
333693
436290
512184
289217
229308
893764
220648
272093
412631
825014
194638
984153
81701
197809
787726
953012
629133
551491
54002
105448
831178
646659
744034
142885
297460
269617
463341
380087
455989
271972
641501
341492
949332
358921
586898
370094
109053
332498
325656
429508
835032
891838
420832
850635
259105
782733
905075
635712
878152
933917
725456
411430
943806
735669
97833
213384
300899
727099
549353
965320
835412
306209
483650
360040
452063
245133
193884
855061
673201
168993
750840
541704
820951
133898
207816
570556
206412
938232
228253
850202
282068
715580
849134
377591
793353
417329
107443
342477
575139
697350
507050
253152
276538
239173
799118
746490
21350
462226
923066
499408
134778
598629
913655
981399
910275
160189
495941
995416
447022
726999
63567
598961
952668
851275
199130
424042
321912
955541
981439
966624
112118
264896
989844
473344
179327
388874
64746
851911
452122
40310
814714
894532
718796
309178
901998
934674
942470
112728
783513
519818
46907
202145
398802
310931
560428
98090
63298
855348
208978
363667
277959
356477
867379
903911
351134
115101
412019
788216
655505
595484
803137
155140
313188
991350
554677
969048
796945
974734
873586
499283
535875
323953
351336
882304
120655
560466
623455
426992
227126
519587
512194
304627
823213
313209
215271
527356
239615
459264
566273
701140
860047
566453
368465
842376
883921
172307
319159
298008
152973
111735
20274
754093
183191
917953
604461
66146
183578
451312
458929
560944
774466
593907
594764
426671
260308
243824
568424
273969
779642
570973
405176
989740
742332
238859
227728
424751
172077
338187
992222
1506
474225
561503
547212
153078
387532
536418
390938
76009
810918
97861
245043
192724
557416
178825
697411
54750
26173
729883
825784
355235
682380
210974
959815
60808
806450
971777
338351
919317
680968
594736
206443
639347
521440
673069
531193
916436
511606
578658
239875
985849
37980
685825
695211
439526
834402
525460
289111
999352
800332
877143
301310
318244
290631
373085
14025
763259
390580
616834
137525
771692
651631
312984
142542
734712
674452
594554
125603
184725
402638
340020
191871
501912
468215
381951
626165
55841
953498
813082
172383
932200
688282
807239
202314
954885
774638
51562
996663
697062
525694
940535
830037
164772
601872
685458
384194
16420
936738
26906
995058
887557
997835
591831
963306
342814
926020
959395
19952
822250
364811
7442
341730
633535
844594
639310
383942
368252
348294
811761
498455
905281
345164
230349
139958
424445
307839
513814
158042
128585
710125
8887
197483
749013
418046
575898
280051
108835
459330
199208
597822
500435
205596
635770
459152
255096
931621
944783
238640
766592
357108
228294
661082
996251
488646
60664
670724
749949
732448
618654
714417
372772
435540
602892
542227
564430
493792
123548
599195
939261
924954
126610
65554
215523
148876
270041
69795
337644
603966
599923
809936
413304
486739
545001
749436
378292
813786
492954
431374
735894
794078
512944
286822
829908
819404
574430
11250
193880
261983
825023
425214
358892
594143
17487
645561
604450
644076
547622
956092
968606
247681
795500
780375
119265
961175
278427
47113
688445
296667
658132
872405
387729
612552
271397
282211
126898
459432
999257
747530
305812
782425
605822
166666
456910
674128
615664
150711
800881
173782
694625
823807
806643
47055
390821
546714
398274
228428
978567
620861
109950
165864
438564
514324
25499
82601
50777
80219
489299
763284
393052
711355
596088
140295
987967
150360
461801
792169
623483
993207
968781
606897
682838
89320
530050
343704
743851
38197
879451
304624
692646
112454
418006
827981
622545
896148
873999
208764
735177
488562
612864
113466
804207
473791
894177
440546
504936
206002
810392
744200
669454
61918
873447
428411
366242
896053
653182
81573
882611
61932
939035
898801
800522
891553
223198
782142
271914
484593
156615
221428
369256
490011
83058
393308
598025
377692
855298
950525
99565
296512
9590
811251
572056
158251
450813
226449
613354
584214
661989
30049
536045
439811
994884
807026
748053
438188
756189
903853
270995
328721
612884
814906
459338
393347
569285
141974
611560
738586
233808
180039
62226
690510
23880
223896
487350
568843
673895
176691
185950
774814
226947
116145
758012
647112
698898
372284
498084
599890
160192
723935
929115
881395
861880
198379
208607
740254
623695
414349
706673
98023
34731
214653
493344
98313
632413
524275
400887
579651
125665
310071
750950
860784
848706
820882
169818
832377
411063
574020
605080
900229
981579
905804
333369
804825
754095
535727
303570
919021
450937
23440
444949
776009
401000
459924
702152
658027
66174
617933
425860
761799
657172
630156
37866
383675
140842
160157
647756
995604
597488
179907
892761
376385
663897
372801
371591
250657
974625
822584
257683
635619
548324
886612
348606
188982
293867
468945
881649
980202
426839
294728
234463
735045
476344
342963
613837
116011
577337
515530
595254
742606
423125
967622
137670
115600
460883
468449
799346
349033
97584
510886
752587
513870
48627
183922
241273
690497
470497
379349
280509
159608
604175
536713
56878
135384
968406
847933
888437
475874
216881
47637
858959
720172
609548
662498
658308
175217
223482
563335
375815
158798
449881
230661
521695
643694
778787
30896
227984
402960
698112
339348
428102
164392
129708
641286
290920
537736
831088
692336
289762
43264
16891
681524
22695
8724
219080
947197
689513
961356
393814
829406
773712
826759
324977
363019
339966
965833
785326
118716
463857
468354
92763
827809
20832
73860
565264
60864
313977
680125
462020
60280
743161
788925
229236
738700
750256
153310
642872
438141
51977
378169
337788
849399
627379
843419
911823
142287
72673
919235
159194
111184
318090
400899
7256
722326
841776
890584
617976
449357
159954
594702
83069
749040
944360
707917
287486
778561
603157
406875
40161
120183
971431
870812
467254
969937
505271
590865
367179
116558
103426
713274
834433
800223
583972
767041
84131
241047
462224
663035
912470
729670
361429
310050
628827
217242
870283
466560
786685
674678
680538
591914
923277
705124
944658
830056
2577
255886
279850
84763
789376
146872
966902
304983
1748
738838
615609
726675
100
793585
874147
301492
771587
836443
440175
509040
893869
216477
464379
317015
387925
353127
102798
233979
342048
926737
785090
631635
210336
677112
888349
813578
753908
476460
365661
848438
587870
884679
841800
433510
957714
801165
975052
405370
415771
428781
911838
936845
248698
877810
27171
253725
726293
833993
289012
115987
810452
671135
235191
805102
539390
983060
85097
56934
750546
556458
73497
499162
274190
641784
384739
326687
618547
268088
524786
128154
239372
435018
354940
718935
154235
234895
415127
417539
347873
755515
685610
906197
710389
642964
454041
597208
895739
932493
196873
865723
422956
197557
907583
105865
731331
588649
134768
250796
300899
365747
184189
945128
575001
660106
660978
724260
982253
715329
699527
611063
658770
867843
619479
473720
504266
267641
59155
776656
311592
17908
913106
309337
689817
850090
837638
282912
821659
165464
258231
138039
552831
887701
764816
905580
707112
802407
833419
585126
433205
712222
887760
233056
458879
197112
679942
586737
769958
721271
22172
186002
85199
751432
145564
219092
436194
719331
31435
259979
898675
647039
211101
162547
117438
643230
272936
384281
580722
785609
675405
266932
670119
627551
938605
818253
991797
607644
748851
588941
27092
111453
479033
420485
213421
31111
407670
354755
501063
60033
319668
530084
743316
126114
752081
898022
782490
475986
506341
613642
684938
349662
721229
663251
111904
922803
166934
153891
618951
757187
41661
542224
64252
191685
180278
144249
751414
227999
488762
286812
537727
998328
163402
573357
765089
844482
972594
988713
638065
234373
726728
563505
193991
425794
384174
144885
860111
719933
724471
663951
526074
978633
580455
263427
285174
626714
961599
243974
414267
886701
220186
331568
376774
154822
239103
785628
352002
500877
821366
254796
960515
770069
354390
822504
986951
658074
965450
345350
51664
464661
668122
164031
7858
572308
655087
715691
649750
774000
140492
346193
47425
626325
373547
496800
600438
773524
494169
189991
265894
554429
284005
575930
845254
334549
151987
161204
373489
683434
222571
329408
296806
781551
518293
676489
358114
921179
608881
601549
787544
116877
326825
494395
150260
535995
771148
297162
301736
579552
710697
308262
123579
796880
82851
821363
241530
263317
750625
326293
958788
382633
925627
226921
328124
561396
748790
387355
125020
286272
837429
508818
982011
891972
436536
149182
358083
9396
472325
619723
869437
659882
114959
179490
826629
695962
423289
182871
195669
697360
288989
130298
291589
385500
116486
979344
932888
215224
996121
23427
675647
654594
40664
592005
194024
611371
301238
243827
510710
309090
762897
437059
989646
40244
695782
388539
865082
582374
928314
606993
94418
44993
90730
3351
807922
405032
6732
529499
340333
863176
309638
787942
407410
913872
723061
430361
212765
371986
438621
615131
940618
858594
332018
593876
408196
326858
63758
191827
708429
906200
137878
673399
829099
244939
72522
120987
363301
564208
66317
529702
493470
10514
403050
100105
828438
378276
248641
137807
486361
325793
311045
964507
947936
958011
177812
277993
698528
926924
179532
620444
405351
375709
395654
120047
267268
726212
61931
643771
842859
745978
758717
641069
868967
16756
740
52614
173038
989160
442939
238150
917899
881753
912319
990481
341089
382790
594881
715334
872308
383139
116388
17114
577711
518925
104908
119323
533627
624755
333732
481259
512804
611382
93493
255619
473910
959499
647823
189119
804569
749635
45979
671609
51720
764963
107398
422125
660427
276336
813279
840832
620455
117924
534503
260416
747478
919180
575087
601640
173900
431909
372827
144722
532156
601564
710550
178423
850292
454062
745981
698569
742122
807296
966743
338263
817446
994410
265758
595747
275161
761431
423008
936442
627501
859599
209220
870766
390912
460114
842928
850014
485700
443155
1385
765239
366253
873157
149515
139742
530765
168741
174856
520049
875316
472858
640250
928929
238725
195657
575567
801751
67832
249896
830471
242895
9932
387248
85077
862442
440391
794215
781752
149691
77694
134170
406450
64592
485549
861666
961288
29247
690377
815564
517321
417657
980098
52159
614809
908680
423415
298328
692777
424814
493972
596584
843142
682992
707128
638785
387731
804627
254440
629694
359908
839496
963514
563083
911960
787243
154849
214433
197239
761398
693142
579411
759200
85936
896468
852911
245538
570346
634079
523412
897523
22958
301634
305652
335347
982446
798995
888354
146223
529219
824722
632994
238145
64960
980454
180541
175144
992120
171185
101137
244231
608744
450950
146839
902896
634096
693615
470841
428037
541682
791171
143610
742942
12585
739649
907107
538518
932077
540080
907732
975582
955147
450252
43982
612721
552008
421341
561436
373294
31032
944679
44509
313373
318317
223621
967908
633033
284820
746270
632134
339818
767104
813251
208837
660040
863719
405741
978769
366562
438049
726853
531968
991239
49476
302134
396161
456622
54637
221722
509852
456028
617456
738339
858963
576122
814872
533277
341609
986467
418664
640862
574993
986769
198575
291593
879372
233687
937865
440649
982000
646092
282451
262534
410283
867912
721688
655652
207208
607851
204456
528427
427315
986791
286944
421808
444038
192108
374385
485380
510475
936651
65328
387059
257673
214027
281444
184422
765994
29608
710240
636286
557162
654212
576780
924459
541834
971265
517025
161072
851725
888623
776799
968253
304413
485302
468303
135060
307723
552888
621632
234208
552407
5805
805539
914105
897628
638849
725036
935038
332825
677889
659913
921145
139589
619439
276733
281025
557523
118921
898627
6427
978614
924727
711270
673389
346931
793084
504600
310677
380022
805401
340514
621421
143946
696961
423853
852904
365525
509432
233053
337091
398993
656408
475716
499763
677385
321134
934978
553445
736319
277499
811276
698316
159375
141415
70219
99715
804029
32166
326825
116511
591247
190035
206698
858645
448981
773213
868796
440650
49374
759000
507764
323826
882490
420896
367039
801580
960703
657828
77842
37893
788981
592094
949564
569529
812741
97257
91267
543000
747156
996449
315499
263242
877657
593238
717530
494635
187538
780470
993021
585139
475827
171966
153494
226670
523027
432058
671318
629930
161981
191561
476135
973187
46361
953509
533391
495810
662213
588774
142154
194727
558977
222990
124265
164986
978589
213275
139901
440380
665687
855593
742774
20734
92596
548110
794826
626995
201672
788776
58429
734287
203805
568008
132982
635371
693697
690069
46162
246666
413431
102559
52457
112786
807700
377921
186803
964745
44135
174455
784483
875113
18444
548922
469280
323834
932592
37667
792300
971673
135740
643131
513457
581134
805568
117786
18958
531835
512341
158002
293965
14042
415447
560892
229590
474469
474048
379087
214206
626990
831912
234821
824571
238699
778635
276128
911827
280512
161218
122788
836128
961457
656989
831856
660118
145678
132260
31283
264097
288281
353622
350195
909832
632878
504896
181669
511272
40481
889836
644260
856370
128182
583473
682871
609604
424183
448861
512874
464912
243772
476755
787305
300927
933533
562652
265034
885942
719443
253953
584535
84263
77980
102890
312722
784788
947888
960401
388943
95041
944446
810653
371783
363413
642725
978817
924974
911838
183683
338049
518493
814378
768641
905158
609970
649778
281670
420907
176467
650932
74127
496403
324053
183292
603349
408165
963492
978222
76608
257537
948726
555627
816154
870564
654146
189554
232035
767252
963724
412317
154595
132622
954591
888797
521098
676298
330793
317640
508626
933377
338925
871840
701610
112560
31885
384349
762497
587531
957401
591043
282583
624232
789623
936453
271082
986477
455204
215398
17597
527439
685887
54256
385308
784011
730105
282823
17270
10775
594691
534723
517572
191902
452645
248022
226008
487142
934504
692102
144152
723708
902665
998385
567080
85953
671561
60096
942596
31770
710774
707542
119354
802295
216907
106991
50670
325872
344409
662702
858953
177948
577676
65866
966641
121042
925589
121733
225403
546246
688771
543215
339555
811732
421608
889429
948555
82277
434712
343886
666768
894626
966200
263921
641591
442024
221476
849661
635389
810920
52441
306081
52472
727095
873658
142298
562611
82834
481929
57371
744222
944732
762061
10104
250676
266556
465240
504512
777095
766720
564169
170092
328148
742995
424835
22437
318052
813915
620610
346215
480675
485494
125319
416178
223752
527000
907975
874292
49379
323901
463960
589996
27344
891227
144401
852450
274053
221740
234010
896436
963868
316045
943900
316517
424856
208676
524973
537596
617756
798225
91150
578335
600486
215433
402628
336241
634527
487611
428999
784263
259160
904427
653959
992741
372760
52861
486091
412017
475507
289140
501717
192050
41559
85244
259206
476666
630626
603001
577820
931126
127127
346746
323987
204612
272470
52357
327413
520519
119536
706392
63069
431871
575793
539575
702721
912900
251276
228263
58421
142079
163204
766361
573664
392248
626366
735484
943697
433959
687292
31916
231758
376572
309279
93120
151716
30308
205176
187664
39392
924302
448920
619678
377253
817806
689379
796918
943269
254447
68394
499484
157560
162970
441794
856881
774566
568555
631751
907817
4625
427590
153184
695779
377215
43057
157780
702050
8454
622758
988479
701997
897888
536581
854085
913273
222502
976667
288091
400716
524413
157431
587470
1912
539529
455484
437098
910105
540786
171709
323032
403619
381883
866090
718415
455390
937042
604234
505086
794415
92345
320902
423260
256097
530542
567159
876976
489943
654825
37754
498916
354530
148544
875071
414474
416497
729256
688799
277441
595266
214867
908735
356240
970221
172957
637170
347471
279042
145170
483876
926453
851335
479041
856536
620719
259418
644363
926163
804845
239914
504387
959701
475982
52366
480160
814978
27746
990496
684571
335489
52383
21330
825407
597869
742323
273458
855760
665105
243429
165338
164223
738463
86082
14030
47703
262225
811517
959594
222104
467779
100400
685398
774149
416374
896503
6739
827071
159763
290528
522863
919123
261994
726496
670570
407027
655218
928594
383142
621727
347484
723136
548926
528160
429911
699830
585611
656447
101181
371607
931680
531110
294485
747300
595674
464077
803337
942047
494003
418470
162125
969066
242970
49061
574684
116528
480268
676786
174451
754214
87405
1973
997569
695554
441522
854721
921966
618769
634589
631141
621406
498796
486965
673169
246428
721562
953327
832634
754195
872648
495319
505317
314527
168537
974297
458510
87295
899087
868847
198127
878355
67686
182664
131153
732884
213189
724271
854032
159483
632525
52296
927913
965788
816060
879116
509583
941651
404571
716594
57299
692475
740596
920121
8546
429199
435506
764919
673528
852263
854329
799619
943460
767052
352136
409243
412174
559646
164588
340161
326478
123040
392973
345556
157289
664737
429465
394646
302214
114738
450771
201207
264925
2019
152757
691216
464629
758599
389405
536916
788102
182675
646167
135744
296229
32844
490681
560488
14964
421461
527846
265160
833834
945822
148743
573136
294223
581072
689539
771125
152375
140914
185718
392275
438836
176065
300586
533349
685439
257705
176970
866119
319254
576563
452774
208021
381168
213203
92864
812433
538774
571394
290272
127564
249208
313560
769832
931359
29797
344415
165259
210563
156110
489636
957123
687086
945442
482218
530562
574948
917241
863322
267787
29337
261971
70170
628359
261977
812658
544418
954840
687775
432138
991230
52407
737399
314102
281415
453608
804671
662043
50531
552910
173299
883954
471982
626517
63455
603749
288353
634120
281102
308246
654437
951116
249892
422289
235109
737108
89826
191603
977747
72641
586993
30595
42431
997559
101237
417607
51554
498583
510992
656718
238885
960527
831532
188077
623322
236360
61230
838862
879958
23586
615927
426251
434888
221355
677644
729454
563118
923939
372193
133863
702731
907889
347012
755074
978437
61045
305419
259039
662709
510862
480654
860921
907333
601704
685178
160653
828872
592178
387279
101902
548773
224077
35240
130620
396076
636475
831935
663926
704823
987295
740168
695137
909411
808192
691855
745835
208073
62876
880978
545453
132763
69380
444538
652180
684959
460439
94890
943503
14238
180381
725628
980614
821051
421422
145475
374076
427555
234461
182668
516355
901176
749696
752284
48197
230216
845842
50106
287804
570818
362188
664993
387934
308618
300593
940872
629780
551021
314062
254717
169088
779241
89961
380932
676763
576488
964266
715687
702236
146658
119946
118482
384847
475186
776141
381525
93510
507581
434618
315895
749003
350314
883047
933408
891275
63551
530427
435930
418813
381447
37116
802464
602270
772084
321967
72448
891516
303245
336516
734594
63678
97199
323951
360911
121510
524294
565653
262898
633293
995145
325830
295705
265795
874722
740184
631217
245647
778027
184394
387284
589325
194569
401067
508757
683758
132870
569649
487025
979144
60812
258614
733361
826690
512482
617842
577921
192593
504132
528119
884974
149333
17994
232262
410932
631037
298807
877465
143263
430505
109131
181735
804904
772206
793677
283837
73001
552585
584876
103600
663748
712126
137044
171220
61653
455889
944385
919738
310030
935033
775474
762003
938739
191506
173880
157299
605500
447799
40999
929665
751677
338763
709672
162380
897372
90818
613674
604793
464485
183132
675292
438756
905588
46562
680482
244574
321827
767928
941745
185798
749573
567519
989326
982136
512569
621267
724552
832948
265751
939465
746625
702534
696380
41965
739115
719561
561556
710372
119459
779096
162940
73132
583448
196663
116779
213282
817247
329519
588117
544752
465023
367986
283384
808134
257985
977775
36513
250374
221553
747728
171730
509099
928337
771698
45522
617437
839187
808091
399054
435029
364587
549416
137900
56021
387697
971692
417734
532306
425237
623981
769662
259455
601454
814593
787490
397292
109095
716072
774301
837004
331561
261509
418838
572711
480670
940640
74164
928568
280891
151733
167724
424373
418378
278842
821085
370227
184242
448192
192945
391644
923850
194283
590192
494214
93126
104718
138185
738070
333033
355537
813955
592043
222931
426718
332751
122211
857189
958913
776666
127933
988399
386230
67317
889951
467078
352304
117952
506927
662382
747737
972351
897462
365389
38046
49511
257332
153229
580517
269608
344998
151514
134686
801753
585198
832568
386553
558197
561117
21443
17259
798227
955568
500319
190671
932526
59713
666317
25577
636258
722412
239093
598355
707440
80169
326893
992553
641733
31279
505353
925691
769817
373138
936793
376993
717171
290829
573308
188237
167821
223804
82785
758431
831462
159677
5321
471307
910860
806000
355497
727078
576450
139549
631785
224104
780549
293374
856270
367253
475148
20844
514392
780486
306842
531746
449452
141302
327493
109500
219756
289278
971546
151449
5257
778873
629788
817164
839937
723370
44744
148825
417957
602777
825414
693632
967363
744427
466059
722410
262163
525741
206648
383595
