733207
516256
671496
274496
313472
560212
104178
767385
468052
206271
606346
753538
107708
390994
593564
648109
369026
644742
272306
407043
204742
213661
264571
665024
181772
725519
697425
335793
376269
507142
229439
239731
475495
645833
273352
340926
470472
828414
115682
686528
902308
888761
289716
558160
315584
70919
239110
62386
819170
302194
568652
903857
571759
602548
932443
337641
173010
450375
365134
293700
97860
428566
336297
412875
496305
264522
201656
85294
715758
799296
460160
611823
146435
638659
573565
527329
550059
923292
868516
605862
145321
90826
908031
451935
877765
989698
175908
852598
267093
462071
780617
502288
315697
838761
527417
180215
904635
316638
194881
980494
449558
982151
405145
467462
333910
808356
834403
73749
967928
151463
888380
223535
4041
247797
222435
50657
890414
402511
7317
840446
8275
510913
462388
542332
563541
549702
191148
119045
936388
842622
738022
4552
477852
828179
578122
920906
442246
175550
306345
865193
733392
181489
524670
97592
229009
478766
69764
31611
327750
735757
364236
337868
121731
146872
815020
66305
110377
23721
679349
691278
250482
919325
870697
213316
337689
183720
808678
929812
838605
320825
146739
851734
454344
19142
691041
659003
385526
687288
748756
612760
123003
499930
580775
550971
6856
695351
653150
553685
114177
231286
355833
263042
555776
560784
380496
135129
909468
193576
837944
340992
803951
831206
644429
585802
190610
927850
691396
333970
671520
548500
728778
8997
68886
266257
940561
400385
950375
520577
527291
950291
196639
50795
563479
407441
833261
135387
996574
263705
504517
58715
60723
636267
759903
245331
246881
77143
813890
74215
555427
217637
189546
582973
904075
844501
220793
475339
499993
426663
107267
137659
701016
885264
458060
615108
726808
217244
955184
961771
11483
458347
939303
183340
533199
977556
689801
651883
355179
341291
589968
663612
371944
651204
109092
323493
348244
700646
402303
403618
559945
202663
459733
886259
811269
40653
132638
547791
944435
608250
741491
420301
197009
396880
555354
96382
577128
301749
717547
288595
5212
530028
760600
829232
570844
313358
501062
400957
130461
42874
592303
778342
821913
547141
116124
988929
452992
721460
276327
263529
589432
53149
386048
51198
149344
983280
679095
937433
610729
472651
786702
192525
888016
843718
380924
412319
286207
683227
202579
322668
553337
75598
52303
790187
166561
10562
183756
417223
483263
944797
182094
440932
889422
508771
408502
769286
945159
839601
155661
637145
444177
745411
794133
869861
593701
78214
570176
761499
385263
117306
689628
789900
173727
673277
322137
167827
690341
742706
383104
882056
561732
665135
455911
639631
330901
693715
778416
86937
727877
914148
931782
839147
995523
244102
657291
743848
603725
950225
71696
263261
99027
158414
582001
65538
320176
83838
811603
425612
832050
359335
848339
548349
504147
959582
643685
694800
628273
177582
228826
348230
834037
388187
560921
50411
248397
608926
347136
388679
20929
119788
3907
809660
692062
607206
343762
280747
710497
230388
562325
248690
133572
415197
483054
743443
169185
988900
408465
878526
96931
800613
588264
960100
334001
858014
192133
717265
16453
133760
368096
652835
999669
716409
420717
828881
391936
702011
585097
53337
491498
614854
554534
642852
141845
439544
167447
702564
824926
28637
160567
872685
356065
903601
368454
283560
502338
539488
333067
566242
72420
324318
560630
955336
20397
938173
182513
44084
468226
137993
976390
89259
929691
965715
785303
196981
320980
845262
80050
155182
131753
721845
919582
964188
407532
357891
211967
353256
476025
288893
310023
865025
601668
418266
973597
954106
525623
916968
86510
785416
928724
583817
975005
450874
522358
269722
401581
613955
17052
830366
341477
490238
856011
204151
248181
592719
6706
580869
661652
326993
588232
250115
524018
724832
489678
136865
521856
350809
370074
495954
285947
22502
275645
924038
40005
519259
350191
552699
493228
117029
384283
902370
800483
117784
374742
172884
329821
372625
192825
663126
842817
106421
943189
311756
697699
696731
78283
544565
364626
770417
408362
168579
372513
182755
171362
921608
783086
195241
470382
498075
616303
910950
661126
386366
886129
348531
189013
989261
249335
551583
53213
194346
929801
393211
47559
445972
178335
417497
884971
846099
40038
553549
287536
297987
551961
959678
548952
472262
967524
294581
715059
606194
594106
559643
38060
881321
905372
430065
768545
948875
773525
5177
608558
205172
393223
744032
637808
979119
695827
125358
723705
203855
854217
825948
584880
228045
491396
598394
137788
461935
991963
799752
11500
493539
715783
158332
849292
678240
721374
116443
218752
879147
129419
89241
208927
386798
232595
959251
838881
642263
151643
501947
270188
105253
775375
745482
337008
57453
176380
978789
321141
985506
969238
889784
326189
684378
835838
326278
215529
184935
987397
198340
765025
342904
378189
805543
186834
876894
15346
487845
558775
649270
449518
421134
479390
582293
622270
293432
19409
280338
272823
718854
37688
63225
87977
901260
627839
19891
769570
129845
958786
86745
970626
983710
82924
660883
544905
785557
550335
264442
87844
915767
663892
947165
315014
208284
686547
288678
877212
37259
241325
888479
982054
16000
999274
254586
585953
465286
919567
577836
506866
369030
431113
780069
341329
142735
822623
444168
722101
898653
487161
676948
565121
405243
590309
270470
696346
856525
230657
576766
76172
863932
751455
508353
910119
661382
448583
796814
877157
233561
675506
752242
758467
995750
396205
719338
59202
246132
858653
978953
433287
163280
896262
520644
909592
890725
956851
945770
186261
369028
965710
463152
5450
462708
101925
906016
873004
262808
471565
845690
913416
751471
481035
433389
519946
725264
651608
447830
447904
200966
385194
14582
729748
676326
658132
363271
544478
809778
674353
326135
179427
981966
406290
834846
422613
48174
238289
337208
575309
758916
968053
599728
296164
555339
992763
732676
478540
722326
382623
24549
72435
828869
260283
457029
955647
955542
348877
81235
456593
152917
894853
447017
824958
612753
721090
475621
858970
713357
943950
120923
901880
452986
588897
346408
807441
928135
684340
114349
55464
217398
178021
323125
14738
151399
589180
375861
348884
574347
623283
183520
614142
976818
190579
747238
781793
83815
868926
919785
41572
673576
747514
635352
596823
582582
763732
63086
216351
40757
573407
628823
495564
453752
948771
834499
107300
570959
189338
458199
845260
829651
713099
677259
371853
661242
530056
701058
284186
605393
2966
544612
407469
876157
649546
41062
913596
297149
500423
372504
653671
503372
100557
121947
777489
146382
313527
861941
467858
869821
44690
928639
897677
433425
938302
187676
226819
968281
240585
953252
799608
416138
471760
662154
474968
626785
172475
423514
879448
43147
76611
484208
752482
73745
886692
628716
964081
734428
360711
924653
633962
178284
872352
607239
305117
116860
968716
858530
350432
545342
770941
169995
176926
9619
47130
410730
698123
685016
988499
742396
517243
106893
569739
603564
118724
702393
461661
394430
592845
343771
306397
164505
979712
713845
139607
853436
72941
214015
749540
873439
349988
538229
964742
314566
437948
66488
869501
496484
23663
786356
975074
919630
629982
368095
407712
87915
410358
340252
797739
602567
343434
443969
553146
495298
395293
122461
548252
393
860332
331316
531790
101874
907572
717427
499233
290632
747289
596397
646614
338187
245249
24525
199736
471332
967287
158995
547146
331354
314913
318396
617133
287708
401266
258638
205040
887115
135151
678739
697883
662370
76172
9938
187940
694785
595559
942014
640115
443717
375613
288968
538522
86810
959395
179206
849632
14011
103419
285228
223147
832016
233460
775019
849525
403728
745096
245695
492522
254429
346758
232820
158997
177015
302661
694844
302519
670933
474831
127978
441486
585039
380616
882890
690645
865887
987153
209701
506907
803274
985333
477235
688061
493086
244419
964993
615173
826048
381520
894811
215619
958036
972942
722978
26167
954667
916872
281686
827092
350880
204061
610656
444015
718411
858721
341785
245325
208290
376142
160335
149666
844452
103720
497313
966836
334147
390485
800273
196361
562343
104422
779490
813391
111077
778942
724044
444997
243395
792826
681373
688459
680858
528784
201550
494088
835192
135575
938573
897978
664090
841857
306586
622638
85822
718016
510392
798898
519291
938510
550479
404786
766352
436972
506717
328676
181985
75563
386701
226528
448966
571413
483238
513508
397181
156326
985474
571213
7369
677840
657799
935181
941100
839590
559128
360621
199573
544413
626511
10133
716702
647454
835082
356855
962210
776758
957535
283433
673358
432164
918188
615961
339243
868768
269672
168788
297681
837703
106485
923335
716564
488732
291929
152993
322731
73390
748544
494310
954324
637672
730309
491800
486227
914103
221104
165832
471179
852523
357229
118342
235375
542795
382744
39764
308047
683304
549852
186382
148629
127054
537981
830448
709857
99674
911482
8322
761189
273893
442922
664652
740959
823010
315418
165689
234584
367057
137781
99119
715298
661146
695623
970949
196201
623938
233622
679779
388533
755587
6758
69162
535773
357550
258883
558816
809088
661156
827666
881461
741732
50428
325506
221017
877240
684839
799274
817027
826508
492322
852727
8050
39729
606976
161351
589896
200077
880270
86770
634134
479027
727685
604995
997463
789168
811351
790594
393833
467554
374051
406776
34455
393574
965610
970643
137598
847413
50993
816898
588629
118785
625700
797754
924508
491380
320603
581106
370384
448831
144210
460382
391482
388509
192247
930571
520482
605234
879549
280085
37466
237466
695366
678340
13199
982841
253015
498358
482307
100660
8360
247926
540531
776081
580345
579966
565520
409765
496729
106717
390814
164009
150188
423502
441457
277692
724874
816093
714158
222054
453420
109641
801493
23660
177816
735747
147360
771939
442357
546444
748633
385521
857888
411079
395241
661711
202538
896005
60653
556333
56789
843791
296620
331709
681101
379926
186446
75701
732227
703012
623281
410560
627970
913313
127411
302318
611511
273796
779651
87116
889177
391596
548473
372508
86822
23863
327481
100599
445612
320975
546508
371419
297761
742470
819591
257341
787460
682519
995858
687318
694111
683046
62286
840784
673242
647710
119771
884715
101885
968120
950432
33850
74908
217212
922916
330994
177117
194915
237333
673262
898257
405061
653409
742965
491612
445693
386005
697304
665723
871804
97376
606521
240199
714920
681127
868778
520249
593377
296120
352292
528701
865507
904010
439714
482209
902859
793620
790844
874991
133542
970010
368118
38921
552029
456730
12991
332659
390306
19950
177942
286814
268742
221078
667713
866211
419584
511716
230270
932718
445935
260632
115567
246105
921208
644686
859939
889068
842082
650094
260505
899072
772006
154222
497178
54265
229354
474235
785657
707999
729057
658385
385874
677608
221207
718556
569266
716455
902154
396921
414503
493344
744996
485564
125481
554289
521991
799581
529220
70263
62638
566650
390580
125724
767950
200717
84886
687063
112083
719886
45553
407713
787575
649063
527501
177337
170204
906034
755622
8122
461800
794909
49947
309266
422931
192848
942270
11333
395148
687164
896169
302655
711988
455497
938104
629985
573645
214113
906400
230691
27817
762628
70630
811085
158355
568170
291299
359281
49627
505491
346725
418429
866295
444110
784889
58249
325482
156152
105573
681060
724057
498706
312574
176678
535426
861918
750375
952682
628381
724043
399104
961540
937162
18828
599262
749189
55537
428399
50126
376730
286714
892246
511541
225422
689583
10553
101897
770975
446734
859843
490630
830068
863841
218059
112722
288962
267689
90991
658426
641987
102481
441131
215600
741660
582759
6879
767713
283882
852665
593895
789556
510406
997360
694639
625311
487497
667541
271661
798587
420933
129749
586635
673729
319249
722517
356971
383015
311692
382402
653248
681983
793592
563554
32293
414721
49991
328438
332194
885847
311013
167223
744657
277959
70003
975188
600915
538475
848397
729026
993092
349113
747300
799813
670036
28925
900442
328799
4997
740329
94503
911714
945646
439963
62111
637938
844666
862450
199012
599316
301699
97392
473846
147819
487200
588026
201404
779972
788352
395561
220202
65018
209326
804976
377864
603122
265509
972665
880196
655744
161694
603083
800117
66414
625007
169129
410663
38994
297275
564817
923136
666766
685876
421955
807834
803279
48854
59813
158920
731463
690976
682141
483143
589990
975132
416720
777740
995886
443966
983730
330486
227528
475148
835083
961376
488700
881326
73399
395896
741953
396098
149934
243596
493959
306497
129448
644206
172778
179995
295971
840259
754931
873616
768668
85136
221489
978220
788686
854688
131177
185554
644674
686877
126241
879240
435936
942107
444438
560133
906514
236366
408073
674937
640060
263761
280028
847172
281562
50807
218892
311920
735150
772176
248102
416855
879903
277404
648635
962436
516000
395724
361603
430656
146889
439007
428409
713804
433074
702966
323941
57881
673870
820100
560092
710240
330072
977701
237268
407372
673031
328599
618954
415492
527124
516975
220357
313226
359218
647401
147382
700107
203883
251304
913680
954346
446272
578407
749695
185798
614631
789826
765183
23642
549512
428771
970213
588276
540014
224967
965772
183149
797091
366572
133987
314327
983573
622238
707688
555545
492450
78178
859862
187826
515488
334096
6142
903303
948079
362672
497488
38074
385301
646515
181779
539573
878955
469160
251895
659677
827428
860360
682779
462030
315608
286405
568589
463872
438278
802844
529803
890029
708982
74149
679210
691829
619146
691623
634611
112457
44363
16085
218636
729871
970325
472384
801728
774054
467122
343749
434899
62562
921818
685538
97641
32176
846368
865950
156581
355880
806183
321174
562143
305681
605538
462399
256886
507939
954121
246206
389061
393013
990315
841246
540005
82852
209538
558027
120896
382076
606194
633781
241187
973471
895753
55480
868032
234678
331250
988541
791877
739099
548116
992831
637132
978865
844888
519112
549925
845008
446453
580150
771803
999318
436596
122041
93972
333705
9686
953727
478286
90756
435461
777204
977480
748238
836067
69663
938102
331292
57384
83667
328823
954534
539525
360578
82438
23173
490935
651915
343345
293579
756518
392728
944652
143376
331213
410575
937034
140208
829702
482051
217655
344587
675760
107734
716340
388823
842526
44968
384733
225410
241137
729202
463904
569585
904004
540929
187018
992255
517264
134388
426029
815703
472522
41485
334974
341248
267825
175114
81372
888247
705469
14344
315880
57080
754276
570761
128651
104217
145303
961880
769692
607750
115424
805389
506393
783370
635734
272504
321518
842060
529462
267468
560671
219291
899590
873110
394850
299302
886993
402518
413735
712552
304231
550085
483057
45812
886871
934048
453870
753288
576272
248336
143712
926114
879934
570915
427150
801618
758296
206193
429471
378237
982868
359121
997126
429001
890614
210871
865731
951062
674597
511329
116488
240615
361213
452446
356724
255068
513403
294328
150190
383818
307885
443430
360163
635914
998198
907050
778910
281874
635113
673059
138645
908139
845107
396016
665013
972279
647065
529539
256194
567560
403176
782612
935551
416582
873390
864671
738092
117243
69951
301748
694875
86155
347801
971697
112357
532870
438524
702402
871483
462092
892150
983202
334756
192121
799590
963701
14619
605434
778331
229750
944616
280173
461878
919227
747289
396130
829277
595081
332915
244220
938541
134094
545211
367298
503023
494708
621017
645738
39522
540972
712433
403992
967087
675592
379285
892524
42196
25847
75452
338531
576076
845802
960475
39503
658031
47080
132068
478861
505509
945032
142064
64570
785125
294316
819728
549655
585589
150180
426905
113718
800171
993460
740888
458676
581251
255013
157924
413822
298366
317350
770820
217020
310130
491889
958943
169075
230460
903883
849588
21673
964598
329703
147382
274172
496411
461294
863458
508718
98390
358354
360176
529080
21208
761817
337249
783058
716117
247992
253384
503026
578061
467431
185089
625360
445819
457156
339347
574219
466345
835695
251984
136536
630183
743209
585502
512739
923802
587677
606954
358059
270290
242553
19088
796712
135612
466216
219381
61941
81128
890826
656734
951989
939780
238050
904989
897697
442684
384805
983862
862943
284525
484284
364116
633748
785955
537433
460930
192534
561798
319054
203362
591725
557780
807262
402373
416092
233082
826230
116801
649339
367075
891577
366039
513072
677777
81031
120939
787525
300929
626793
600230
195476
706339
226756
422489
608142
434131
178860
60858
805678
484381
746250
950879
980846
776710
674235
762998
864468
839528
683058
703318
951596
742690
796095
985806
666816
294538
840117
537507
863202
411038
671307
89446
187376
436380
650838
964792
825060
220329
857956
451299
165707
430451
111562
631311
991961
322423
218674
579813
552721
155853
233974
411102
144384
277600
909460
219689
976646
852727
607249
353659
260230
813142
355971
9808
735405
673201
47719
954482
433273
792753
605859
964410
800456
725017
517256
836367
639805
419262
42783
707728
592616
154225
91758
613100
1653
447416
620455
883851
133462
976270
921096
577684
893563
308430
613981
471420
470062
210568
213139
347660
480208
23591
559833
938770
275520
52568
466908
523843
401370
17179
274655
182089
662239
505734
71854
368816
40421
498995
899798
809754
946812
305508
87375
328160
522262
178641
53981
530038
928541
436371
346454
223456
602446
435097
687037
829694
871549
54153
660195
928073
917001
255988
652884
224431
985254
837024
35431
993010
426915
927521
354746
924002
980614
243453
322839
530919
427375
22613
4884
454098
883424
883047
681581
982868
170612
869562
78384
235882
266683
711502
125240
69708
629961
966640
601288
577979
205299
825805
470237
52923
486927
376169
980890
227296
530966
488436
592853
934583
912209
937772
96600
17933
107324
767716
271908
373276
737714
520545
449656
859372
292658
567486
923848
606708
796441
635388
374690
49522
74008
374548
167080
237200
813055
626924
987412
197095
426962
521230
819697
46251
147061
972550
177875
131802
55078
215230
412094
135883
412666
756988
753555
310232
406861
835992
215057
220724
861550
352007
808937
781989
288129
84685
273569
313825
274979
3244
516676
247441
794406
74718
384299
166276
238125
393268
112868
999069
29117
455737
266245
739379
918046
359729
490505
883458
903664
100344
282845
982036
894855
806323
292918
32624
649307
586318
931788
776083
296909
226272
309287
312442
784558
236465
401275
978879
955686
177488
856916
50214
972337
933196
828987
679606
747274
24672
640458
427416
270193
399968
397319
616907
391005
348878
365356
262916
377183
22515
596245
465916
312670
238382
651428
607529
35370
331379
482436
359647
192905
990621
444041
926345
547405
144094
594180
82180
322743
799302
780065
134938
196040
908979
454356
497645
915712
727844
554707
749835
681063
261461
282726
584192
735374
564115
352944
194155
525950
350278
212203
636850
559264
219768
835796
886974
86601
265470
885729
346034
605699
777733
612358
186335
407723
755953
124328
438348
83812
638237
709975
212449
21630
765667
621670
360816
36695
914083
189916
855022
245656
616969
767177
751011
901369
858090
13413
808074
922384
821462
741941
167792
59565
773317
476313
975571
57898
388596
865509
492268
478943
302787
945150
498852
654178
178325
839140
887034
218846
282948
29347
345735
711902
113179
814188
529329
475018
243988
405605
181659
6149
473303
843554
177912
874101
608832
243582
517386
452889
713836
249908
868723
82058
327152
172838
336282
510893
969836
753928
922549
647469
347344
952052
243628
365249
107454
354961
832516
130346
839799
945366
44758
393648
991079
234999
951331
129998
792914
830100
372770
788272
836687
255221
463293
880536
447194
194539
928400
97654
420038
891668
932264
129019
623819
155232
324451
863842
645039
996403
733693
930305
870036
89597
616650
818794
297894
586886
287080
118022
307160
802598
796198
737855
847091
859350
941758
796999
147352
373228
125830
659080
324108
998857
924800
714507
283910
814944
19173
848058
27370
988879
830087
131307
635614
114408
841592
146143
733885
458020
314091
969356
421127
449189
376082
607010
185907
159401
616002
382654
38345
560141
716216
699801
529474
619498
316781
273567
704527
502027
886613
123149
868262
316573
259012
486511
347653
479627
435869
891128
692190
571557
172646
786502
765380
717510
91606
997114
574037
376167
379178
935189
69063
990614
583137
988232
487444
791515
598470
33341
515133
943805
424632
622928
805259
238289
550977
717503
886921
829375
623538
499277
786257
546230
683189
377862
712243
367452
322092
108209
508022
864703
231215
333304
495216
314802
553732
237837
513438
528922
212188
324435
556527
576426
703956
501761
174352
900412
813176
168436
836351
304081
270255
302569
322380
796141
69175
117018
424614
346991
798098
567889
535542
735643
506102
381112
176469
694373
620801
102012
534253
779818
372399
903482
454038
495124
528169
581923
37040
780421
693478
377811
83494
936027
746104
65790
783267
928295
815597
604509
686142
619913
271291
114009
587718
631738
527714
762524
671024
68413
512883
211337
428013
343029
350691
175912
622523
816957
894555
581219
6272
984133
878315
81356
685973
514414
733115
316166
961883
994914
320261
783460
890940
733091
325737
534494
452493
465058
521888
495219
510033
655361
419468
48862
687082
54800
33111
670803
970005
492801
844322
887102
302712
840907
930345
632363
61303
799420
762690
858865
224243
726944
821248
31546
101180
36176
816457
539093
24721
941032
127251
607756
655035
538641
866255
439690
928477
606712
524011
128086
861241
920415
576037
408401
966741
565484
947508
931851
471025
49162
355488
764222
360170
468025
682984
592067
354891
340247
251959
826462
884217
455413
18388
948305
918793
604797
336130
79528
858450
706049
83038
460542
548985
571599
422651
960221
524454
882656
82740
798761
656175
820425
169969
339722
443994
745663
308001
942718
888709
21130
677630
44347
258756
275647
764564
469382
930279
944518
908657
13678
998177
405895
730180
227462
424141
235212
746542
556635
53024
649156
140154
116616
186394
902281
828858
169659
348229
710104
715861
263142
283862
435452
886668
861068
643567
40155
573923
540918
658201
441937
678306
647239
736008
741248
862327
910044
110927
188603
729385
527345
406031
433016
941373
788107
54239
614604
967591
132768
385259
470038
224804
2996
918286
42580
418040
627739
728164
123886
689215
248228
955561
243118
95451
918487
816656
332922
886187
31237
163395
266930
888795
801006
733455
390794
483239
130684
995077
966850
421321
626988
470902
102376
698333
130185
810403
535215
508292
389378
954285
154359
595827
785311
507073
922534
501169
84094
872523
654823
369005
582339
630041
892779
833561
811006
275267
491388
610040
15319
174799
633067
952047
39191
633094
832564
483877
976267
695020
925961
821818
372920
34894
347940
110717
512693
558862
628956
612087
924981
326265
447530
945372
153939
131950
133680
672581
258314
799346
53030
669849
133315
740864
970977
2322
452660
386917
798614
971666
534846
275715
855905
411316
92716
900933
666994
573657
700500
37533
411656
289711
17678
634999
478476
602345
734112
588830
889749
299584
903202
38522
212740
709598
108720
130882
897994
59234
514950
47322
346110
422422
13474
72252
353690
332136
508858
487711
33664
563675
775020
260719
346680
845560
391905
366823
812989
178621
228354
501254
980950
896910
679918
488089
90243
426645
852446
91199
397392
845093
158473
157198
594310
48514
566301
834848
233322
473579
201744
639892
425758
813322
175294
605806
13303
166283
96330
313078
734599
84238
376785
90215
845541
274646
205866
486455
444461
976577
746698
80379
375898
680287
145496
440708
246248
736657
825538
992838
742536
798789
38392
930834
371428
234373
55173
38239
716716
216367
364713
158206
82265
178620
8129
11904
410720
364805
859486
827129
185081
394331
155249
678395
213782
123239
34179
668105
761561
170718
712527
557616
758953
829425
956857
37572
938553
341394
799719
885097
968227
379811
303090
842955
709477
14886
605377
927641
130958
637932
296804
141640
831492
805579
782303
195736
631710
121445
563768
676674
210556
437522
576710
242708
285275
377555
455298
688211
956870
151629
933577
696757
38634
33296
476520
506273
254014
786644
522430
62143
756612
743336
60701
827445
326618
385293
977732
125864
773389
771948
95428
509085
92751
969815
335912
296062
175362
809965
781232
175663
957932
872727
992372
90335
151076
8715
160852
857450
831468
869587
996786
99255
851566
983274
300276
934301
323804
35050
968605
10699
437493
658741
229703
111426
484447
98371
136984
397271
669519
664524
556109
612897
966728
69488
348582
744158
660399
707177
513082
182264
733502
873495
92330
124749
197453
63147
421948
67900
77956
483802
315175
601275
573375
535755
382481
831564
808230
17882
697357
471189
404099
946893
556226
41183
383037
644257
374238
207963
334499
883610
791740
997709
647741
706055
378977
337963
676915
742259
357821
811631
896216
260116
570642
449406
25162
686503
693859
794063
99691
627284
241112
411410
151927
188701
872975
716756
70221
495333
812753
922042
874174
807248
83427
738062
496669
799471
816695
881906
262089
656124
901500
630932
564524
517052
742069
551161
331918
925930
932400
142579
171147
625647
870905
341005
709480
835466
122085
972201
805806
690934
258493
793498
510447
935330
645767
278097
665208
324156
875230
694893
55376
459542
454892
490476
588574
49738
239606
106393
406167
188480
929893
66480
11430
842238
125002
968289
251288
108795
556071
962998
7902
426991
660056
646305
820857
577394
993863
515229
495556
403001
703744
519489
982165
17666
57447
535257
502623
47034
753627
402397
759896
740459
394076
752906
210807
7211
460499
296445
142727
293316
873802
679144
92160
445785
598648
907317
710245
647030
670228
415871
807161
253968
417109
178533
689680
637089
890999
84359
304203
182116
707762
878177
747387
568027
486390
723311
635840
312165
387878
978211
879516
635474
867136
650981
85769
319085
289000
324852
9483
251321
930311
225293
468595
595941
734062
912348
778968
173155
45224
249669
730261
829922
695512
965948
311676
567000
165483
245220
887771
476179
150502
16096
564959
50166
589053
107675
881080
630648
640505
122836
153726
72902
345523
807995
523724
263432
209827
35259
371252
179227
377925
751941
588867
76251
938821
726835
333537
827557
920827
375386
63496
138248
66767
490278
247898
982390
383745
476721
730961
892185
740420
925767
988258
329105
741630
841538
1204
484434
276928
967530
831624
577621
938584
769218
820736
883648
281703
65944
268187
657881
220079
159844
808699
927269
902067
733549
836449
884795
86387
37420
569732
298834
737484
469964
89628
988652
293846
292345
189827
149511
548264
888100
110167
869422
770371
813620
933225
806596
69727
82276
222705
472244
161470
268245
181546
795039
20514
735858
390612
180547
197273
935441
64600
996953
237032
919276
816176
575214
517991
291426
919739
633549
713990
264905
863655
540698
269817
338834
647289
237025
126500
536675
746222
244583
835133
740337
236255
833625
596167
969059
511237
382913
289406
28320
174508
920031
727778
344974
610318
533519
571045
299316
934687
459262
833599
999453
9194
480387
639774
876543
128758
501850
891760
609833
491316
47164
430728
244800
32337
615185
258554
738198
289623
717011
785655
227946
382358
493545
811383
95897
956320
633595
9860
243968
141664
509328
206590
651794
68545
629533
986283
600363
504308
279244
226444
153266
691064
138085
491666
783418
523350
480806
591427
313892
903452
480606
904810
501903
491956
35162
66522
686675
768700
743233
996727
156638
305735
262325
427155
858387
160838
459510
339630
482177
53364
431825
407474
636514
245023
943204
359340
76264
944532
610237
418830
674335
2031
363100
236429
841923
353879
261446
531309
923928
625136
713586
468224
302030
626644
618884
591161
85909
184569
525114
476275
284462
382468
546237
107218
790906
117764
476757
483522
264367
333947
474499
400286
97899
837449
697731
626401
556756
277122
221070
976940
67921
778862
710983
575512
297488
837631
723042
831135
348252
128526
520413
237339
369844
197956
484434
795087
113059
264522
336220
102120
778729
661336
434119
320061
420988
17122
779297
252719
286217
759840
479742
302033
530800
748720
808014
412628
395938
735461
171936
416358
601240
379809
43766
174163
749842
951106
789138
78011
310673
281104
380375
897316
519334
835886
836699
448802
244804
913803
114428
268617
296817
359437
87908
287370
735404
521468
17022
857206
609332
169283
991800
974667
123448
55406
963783
333451
201102
165146
433089
708961
363976
608924
753813
233092
477652
30883
223143
559176
369211
334612
69802
955904
612199
464324
916973
859235
413356
511771
316754
208113
988365
910216
686146
352568
108178
174995
689701
445414
437767
427607
2053
740730
186573
610896
451855
2637
55925
2934
102697
401286
318078
346112
853128
527120
498803
826290
906031
104322
835645
325460
535854
189649
240195
852590
3137
191329
639553
960531
489399
303227
595812
673962
856634
88679
582455
286054
50375
49038
419867
406618
430539
346150
61040
407525
523929
888626
67950
918117
850536
679477
796930
419164
722868
619945
220279
985714
373113
728268
358350
835157
516229
221099
945377
887109
900402
524937
332492
453999
741962
678245
92472
507118
787955
893407
643484
470930
463460
825555
842176
63406
167884
337716
910535
858052
249638
892288
439368
445407
134617
520420
510761
940600
671053
613958
218932
884852
956407
290395
985574
550127
338931
513076
94341
417670
690472
823474
705785
236700
226695
525908
506424
774195
540301
173672
691960
110835
707824
408349
143763
712429
928792
273327
300835
712438
767269
752415
913348
34930
101840
361383
385573
248875
438389
337701
455306
728416
929585
661530
535970
688209
200351
533980
28327
27690
170765
756939
638559
211912
978772
709362
477387
428444
617988
475491
188008
991927
432661
707659
417171
650042
406385
831442
69155
488547
130821
624780
143857
459162
707724
45683
915279
501801
602309
251603
257665
799197
84595
775920
400059
350510
187990
358650
993454
711264
456684
95058
591146
157154
936360
380906
819056
542677
443711
510899
663123
274832
159111
853524
861334
698479
324896
141843
346299
133506
116887
516914
601229
736455
211604
86752
254037
488168
947514
965413
15556
12016
603653
831132
364407
380150
328939
370425
182303
743043
299683
116291
364236
480231
326275
129216
412718
988725
745760
375261
281142
778502
756949
815402
972088
625013
555896
103427
310808
118149
181361
908311
518343
451777
17644
448355
243054
457786
742726
915368
907600
579953
680843
930083
187887
784605
689509
317850
656353
335974
633474
469996
33342
918597
958906
372017
589822
349949
447459
987170
347198
817640
775583
73756
658553
344385
112834
239042
48891
670626
911871
910799
349672
54804
221150
150165
204529
383348
410311
552615
520363
783596
770001
237994
796980
492080
885874
301363
994336
824561
864447
304819
210600
30806
30731
562646
459790
649736
86842
1204
694926
283609
665040
734744
342378
439754
453544
169611
613220
426751
438835
480057
237852
64416
753155
971800
428098
557109
731855
591334
986008
361259
163920
888726
774834
671068
341070
878903
107822
806898
524656
158186
586522
531706
744390
875068
283286
180486
86772
334200
68918
827774
42550
52000
313240
653108
740253
59460
819177
831593
620443
700376
561878
65202
364774
651940
313446
517908
789389
232793
605682
727725
829840
651078
76030
496994
311205
402927
695895
103231
504754
686730
626898
215005
828999
600959
416412
726664
230358
503602
997374
244659
916131
896709
490103
508482
656017
595038
698818
708443
799609
528521
90656
71613
514403
123555
372081
680772
459876
239715
437701
215981
978743
472696
688315
912097
706469
259067
278048
288965
471480
55696
453087
381992
421212
480771
283649
443378
460296
610262
413258
407594
848685
121694
811043
535886
483544
73657
26651
808777
853706
455114
275926
336971
639485
640091
963433
87388
631059
860983
718
988255
994147
849597
347555
91191
279728
558818
681801
561894
205431
464427
372639
19443
207521
345225
100254
47918
137161
131012
873834
935370
431563
872042
244254
681629
705823
367642
654938
904295
185307
762113
418756
289068
280230
167918
396852
246142
987987
452290
156729
798441
620888
967149
172730
799920
485383
392341
351816
144656
443589
946214
68175
839169
783096
594866
130962
618383
684414
425643
953326
280061
708407
570603
318524
910854
763452
932658
554420
163471
657240
5722
143927
436290
547571
962991
375619
840378
674921
569389
829699
77996
496801
331776
417687
799025
667986
954461
53167
719601
183467
134378
505004
850100
363846
595515
620634
940213
337607
303160
727872
562035
106377
108177
284523
273655
537898
318385
369169
320286
230993
447259
689336
624927
352130
437293
149549
276959
344564
557660
920895
177277
263623
214059
66167
358799
595767
767146
671674
81105
639636
125333
531538
972050
642842
379437
143454
368912
153334
307454
346830
881704
360038
352879
803205
30387
524321
788203
228379
78602
860441
319719
306539
286801
54810
89122
644320
691652
335450
377001
8927
312854
177492
323481
973312
764797
71877
443230
662693
546261
122899
736078
538875
67767
118770
428733
109685
147977
698814
287752
128807
817166
103014
997729
808489
367700
455219
833933
578065
362352
718843
902239
716135
439439
443701
895336
970045
542770
461099
341282
421868
144412
33832
651939
299471
864469
203852
124276
982439
619372
319857
867995
8771
82121
254873
721241
454179
228636
983715
164747
714790
373627
349746
958462
350324
514470
641628
172927
526130
86307
258429
317824
636965
770560
110366
299709
528554
399327
961504
103286
784935
421269
311391
777779
300721
397863
795947
765487
857070
107618
650033
837842
800708
377599
114787
947723
408395
156265
571963
841102
868856
44687
898773
331927
901410
404275
593371
580300
518229
914798
887692
902773
844714
489961
19359
498021
140307
932561
550477
849714
774673
349264
21700
836470
823530
998813
385750
670954
567737
844860
278668
386509
219674
558074
38897
629559
819211
555871
328914
11149
986151
186250
90395
597535
382225
260908
689799
789309
436462
796929
184329
396160
790212
642583
272338
144216
67822
924919
920249
566513
791740
645658
219811
291322
750436
898561
92595
29193
361348
290235
808624
556380
922106
31008
984338
595564
108758
5761
6613
477265
844872
148307
66203
832744
218525
560728
487480
388776
750721
366412
713454
448997
866664
179168
815262
857863
957190
782071
685676
565919
8808
233892
494656
154695
606814
415881
334787
481655
819075
119279
615188
402140
796131
294801
873868
590741
882171
505259
233021
760073
468242
733087
223152
537417
491201
25462
7764
566328
74118
999032
432644
717859
496160
129955
785733
732555
670272
914908
268712
430195
135194
613546
247738
33200
646849
237346
645994
442547
448795
776882
780672
54467
873058
249446
55723
605845
71583
814769
880789
547170
572690
965042
714866
144812
837853
850131
473072
931549
105235
752556
760904
307951
938494
174106
281112
842674
249768
457165
624902
356306
170029
991797
66919
89963
558742
613335
775020
866506
904324
550577
772859
559963
696965
762926
533307
659805
318150
424775
576729
128708
733644
718251
740972
177754
587243
492916
893545
704113
269910
304740
409056
341697
543361
431739
296290
480668
290131
887929
7533
428111
582313
201929
64305
820912
223771
671144
439570
447463
797494
606751
3019
782672
62643
867707
146208
483918
779162
730398
383940
564432
834230
241873
949817
635965
475252
256702
218824
519265
323523
45102
753644
541063
783704
76652
338230
474441
130667
356961
625986
980231
658481
10365
218234
525932
77819
731486
529203
236383
980492
815956
346158
488841
871679
826128
804964
659437
588571
650928
958983
701039
148305
753371
614557
657884
749765
966658
186027
20808
203297
124553
501733
233035
524422
61053
408629
858802
943953
869085
652254
384938
155015
747561
711390
731119
98754
139816
391475
134098
725057
898977
989768
314545
708724
511184
78042
832029
679740
546588
632209
435810
164430
975953
853574
91835
827602
165946
16587
229845
16614
318402
730709
494842
781112
701131
202502
453818
573607
161218
811840
824957
807697
741086
343123
405593
707036
781260
140987
513380
488358
354321
881899
86886
62078
149994
784002
381788
361264
80695
585126
194299
196362
584412
255285
139597
725342
316629
195961
778569
221535
703444
825783
474297
296577
189102
782931
874145
770983
890743
860591
392454
511574
372740
265307
18150
266404
43583
848254
177305
337695
715380
241045
953608
588893
296429
105494
404186
962276
169332
34420
85523
711920
150536
940413
70954
980158
985550
113871
62871
284155
312143
687606
214487
140635
460957
395352
288849
314719
944143
459394
759662
680872
646496
762164
590140
559877
999165
778916
751173
171250
103556
885568
973660
638532
360512
257822
250099
665386
796400
500130
136469
769646
332659
435274
573121
816184
532185
575033
490846
658508
171395
841156
783897
753246
300139
73604
312677
753455
947577
642805
758244
417997
158393
405764
292223
824414
907518
383995
682338
263428
666005
300883
845332
888661
92116
486675
492123
498098
154585
514413
827647
181698
680809
208200
729920
660773
309539
239500
900128
647514
302718
187591
959053
55815
664519
921172
495482
282953
656168
376783
189884
589558
214010
966432
903332
559778
980151
326157
148348
628297
310933
232134
380055
976793
292345
869785
905353
847496
832385
34354
971529
195775
830837
22640
754390
949607
812622
711676
185837
491111
828899
916700
208389
780018
628932
278153
557087
323599
533466
536797
357516
369191
13496
625850
127228
241773
891620
690599
897174
831948
529218
749551
645759
335669
926604
866192
762250
252632
568537
647945
125225
680411
760159
53105
710542
105656
829333
438130
200419
931627
481357
841230
55508
370978
378539
537488
657705
613561
224589
520278
307683
381278
488172
712959
688680
169
520515
111429
873836
42787
303010
211433
217578
211364
196356
22453
751622
311473
44995
105607
497159
256646
140131
633067
88504
223311
716805
213746
842567
358723
487217
567885
984956
160857
335345
736594
444467
218191
509029
976042
946411
632294
44480
459792
269999
362854
925095
708225
969631
126145
767173
183330
922210
186674
842077
947349
361340
816046
493259
267355
828206
429530
605546
865188
176931
322868
754045
973738
892020
587763
902888
291882
186595
906692
14375
945828
989361
682666
121254
227658
624507
545212
758541
345291
249273
993713
205598
914673
628976
10247
118789
354095
829213
791403
468147
423692
671837
406109
448351
8452
744557
719321
42316
966587
508373
952842
590660
335729
416093
946940
324797
464490
560099
939662
238146
461414
636296
601500
903536
57932
194463
249147
967482
23297
116883
582011
550143
707044
279936
320484
147201
366541
367863
574930
389529
342495
527026
65249
927121
434932
841760
109233
939789
319126
501839
626321
732367
776390
536035
460281
156012
231095
276647
641985
61876
805421
985980
871396
806009
934824
453730
396838
923536
190372
425859
472777
408884
565474
516056
757714
886648
25333
120465
808450
322112
780156
123370
648639
87125
368602
310503
497476
861811
180893
334589
467465
70329
633317
43979
591148
447998
147209
3398
504892
576201
495864
794776
62545
29504
358670
699247
160014
498365
930026
740174
836133
600098
728328
397635
764870
891397
871624
299487
174084
702369
473046
96747
190675
400219
68183
192237
125966
874534
748739
967562
411192
277484
62201
280404
678857
47519
23753
837870
808897
614998
569119
444594
259422
169774
418002
701092
477091
409292
470705
875612
724391
128650
221115
693701
176826
615390
838563
910643
407485
122313
732696
910886
787941
402080
438114
36151
886529
162164
575085
262328
444132
702378
87006
923858
240539
35582
403779
525357
373641
601030
131411
895467
950707
810003
511159
953859
534755
194210
906010
611279
123515
175625
126307
337856
644768
141298
387467
645366
905216
472506
430370
986230
642782
399229
826577
846831
61539
633973
793171
965526
787902
720720
736061
22145
31732
982025
99717
202221
798531
546945
518286
189545
123141
974897
370603
374979
302496
915519
326090
494248
873030
575681
269714
526759
459937
1859
174315
570364
118699
343701
40139
883194
16678
536607
43851
533734
509799
745456
575611
526398
591621
278957
115632
541055
610382
334846
995210
765682
817836
889921
151671
300445
523629
900251
924448
225725
15915
963203
191517
247910
990515
687059
3067
745068
55053
555828
624267
86512
891865
599405
716926
61822
902273
170114
814253
988356
270052
953345
147092
290032
422654
799757
650660
554346
523773
843692
410312
834057
530803
367386
883495
125710
390708
732281
376703
450276
512952
643389
798283
73105
329681
443892
644615
323194
836335
909549
89685
118881
8781
354032
280735
646343
699541
611695
408187
511653
411759
742545
208073
563707
797177
84353
901708
465662
645118
90433
953537
89754
72980
920380
470450
594920
936871
659984
779777
755780
632586
585597
561614
384012
690030
974349
18616
151370
728816
488105
306019
813947
845555
806716
325522
261427
680670
70448
597597
712291
665211
13014
145818
210870
889928
335208
802466
385566
748185
65063
536632
594435
519201
614111
588178
579409
4359
702473
156798
370317
533373
708156
444403
860562
786663
270929
966698
41571
92518
972481
333870
711008
90896
996760
905242
67790
528601
930887
187872
951872
495150
96064
511702
225579
720311
766996
81110
347291
763283
616211
723468
768906
283321
814329
234282
230116
204023
834548
434689
761679
865633
4994
63051
30593
181513
438299
878997
494279
892794
980708
510965
339746
556959
905545
441078
76342
976568
114113
485891
132435
953003
594641
449202
941564
849095
890215
424445
540523
664201
466675
14795
450554
144878
268295
535603
67298
872073
708294
287538
39803
624097
320941
591270
97802
599750
568745
615178
993744
45738
464010
982838
225133
71770
843723
534032
686252
646256
831438
153928
144535
188695
13591
484603
319556
396067
283692
863452
803927
31680
388287
232292
818513
238446
289469
214770
685672
561917
340154
57806
792609
662459
323465
171340
257790
733079
921354
987601
516031
53011
631478
39127
948169
373244
342391
459747
17817
650968
160202
341974
929588
34996
991096
579243
92034
666592
456779
904897
253690
316043
356629
929272
925359
629638
723687
135083
636526
256264
285020
871035
733092
842313
22056
648810
401563
745357
5446
503354
435288
982048
366335
704017
276884
93998
270950
972392
437982
475318
364775
494880
591971
885694
486542
776142
834604
582438
762558
822029
540938
951201
72816
563330
186518
425230
203893
694787
483918
502490
339088
494216
897490
986833
233441
984213
603384
110027
705174
751139
174661
159077
761883
970375
553207
478793
14364
369465
578528
618871
318935
388566
444544
232545
716854
271771
501621
122221
324285
788866
570196
309561
721555
932401
451505
179377
50422
893658
960526
506951
255231
774290
995462
593453
447403
490319
946882
237196
744912
974681
50720
339700
579627
321443
531188
187510
558367
446649
855338
832885
995965
107327
978394
135867
875563
198296
566638
819016
208732
746981
321136
454917
60177
162181
970742
829934
889954
142509
273242
255304
535903
235297
454534
531972
397299
322902
627069
174229
604331
979539
60682
903306
711363
417701
690881
238366
118112
355708
747448
435706
560800
774541
378601
990444
158619
32237
116413
931459
159926
946035
649644
554925
454886
748045
341369
239971
638972
794374
155315
199711
627537
213014
447278
509107
105665
634515
121976
227363
321663
737384
294808
930497
166331
420239
3202
337991
129150
282159
624359
48735
264474
596244
166069
559779
38443
357451
518019
206759
632877
549290
494249
241233
679611
308504
466381
293794
643106
496547
936245
675401
317720
942730
713522
356283
412929
883201
570
229452
101970
795690
698375
350049
555360
530732
549347
5987
731822
832690
997007
605583
358836
592209
918327
39642
365539
990910
161327
343349
177903
817152
765078
105368
876973
457173
396904
664035
823721
983011
634907
769668
641471
831770
652767
843525
131939
617884
97918
517173
35697
634044
505852
923832
825013
208049
342387
689772
32202
835725
370884
8260
969702
968465
362945
483078
629808
101299
276437
210926
339361
97491
353926
725084
313779
316372
418266
275351
508766
849142
244379
453714
308983
169884
481356
14527
789254
940061
31048
678992
808035
66379
939937
508292
215891
943557
887214
225206
203745
677051
477875
261450
139951
864323
555482
334499
264921
420697
650379
706344
459228
47825
401963
745137
173940
595877
729511
36768
688975
638553
447359
832350
304417
160797
748869
843795
21440
252940
675291
185380
525996
504512
828314
382916
316014
966701
711313
897133
85467
721557
704034
148711
923423
905103
744003
391005
547
593273
343412
373018
802535
9994
950356
979488
877422
956034
894111
740855
457171
246385
385616
869510
855211
825007
57129
883742
646839
78679
316827
502089
749863
267722
227799
748699
54025
165344
168599
476625
772568
66377
720505
436181
695862
959823
854895
928748
440538
121679
608629
19473
670000
205431
983776
905808
225244
936603
341909
950211
307914
539183
731510
535311
206022
363183
93853
175554
355490
848528
798033
248897
776449
398515
245178
519709
519538
160311
205917
725635
862325
64135
36693
913042
57875
754649
580487
835378
137476
789950
885490
446559
675289
106354
7560
92203
832756
226577
905521
775209
841385
45747
3143
233736
566938
94494
755669
725449
496014
179127
701620
500063
882836
451150
609209
137881
250908
130711
777573
592131
405807
685944
188963
398176
751564
766545
306716
946447
80023
863862
158136
379599
53782
225615
837080
778149
879278
156279
904875
816834
299713
624286
540170
526805
275827
549972
749778
201921
69729
508619
366001
561841
429279
31965
572796
885392
8811
103367
60820
994388
77781
772298
663153
416272
498247
75586
105852
808099
523091
80067
298367
226494
347847
367729
810615
375933
555882
24722
652221
358278
112869
758631
743147
204804
119061
795212
863790
795493
510087
575238
348989
74454
820885
921957
826973
235124
336225
224167
918710
757901
954533
794267
563934
610584
19347
96471
102543
40097
91146
647577
4691
45575
132255
846933
249746
222573
291671
53380
298983
888746
201231
388079
191472
571822
274646
569589
420484
687283
274188
346142
520084
758805
824051
925656
149065
567278
393736
222044
145655
520846
893175
731868
975687
527003
792039
172305
604994
221688
556843
544894
980040
607225
608052
323572
967708
989992
958913
813258
880319
264489
957356
31824
555529
736259
650632
85520
136539
467205
296723
329218
806148
319596
784912
49109
544394
474035
310719
539797
521655
140843
951744
720262
34472
981975
669711
409809
97146
693823
622152
171784
34743
970798
310411
566683
861505
480359
749149
995483
336462
389391
359166
696409
704093
46191
418318
818974
294555
269162
979552
76416
301005
553077
770399
291817
766957
113002
892183
235252
247308
55540
367644
109718
137073
100994
977896
323027
807449
51946
867232
283684
612131
389748
527563
742142
846410
716593
541680
871334
40345
389363
135907
984617
332127
364357
384427
821294
456450
857108
491218
822574
250827
406800
586321
622018
880886
638828
27178
29235
788865
234639
134331
273433
708071
844503
30267
51982
957969
590654
465977
36286
531894
376048
989642
649864
297638
126176
750038
736656
448407
245919
59990
606833
391551
36179
189213
42585
876063
359465
464726
817877
522609
233556
564705
159745
770941
542295
5984
836835
345046
765223
700009
430024
322925
109701
964025
698939
764439
760898
991720
744584
36182
932105
186232
721004
924260
904078
849317
9706
197131
748273
878412
458819
152423
898027
504506
416554
797723
110427
809659
762004
216180
765423
318043
189626
456721
849359
957177
972458
673794
468352
150235
579453
775408
44824
306047
334149
783379
205293
254175
613441
388643
388697
25874
975450
603544
366993
869115
880003
505303
697016
747844
305908
805563
4465
884999
992624
999160
605705
15270
46643
995588
450912
734251
811725
367612
381390
455937
415668
614293
539886
713356
478771
722180
225581
221581
292768
700044
584439
584340
327356
219381
777246
948201
508781
208771
775864
470973
459838
219635
769602
453850
162769
877791
226038
889554
663714
517305
508548
266714
38773
418280
667910
482617
55997
494197
415810
649704
158602
812214
357273
324281
457405
617068
660179
292854
332024
611874
20767
265091
199480
636767
574425
107957
315319
13961
854255
532473
996901
9643
65398
653331
895744
544525
553944
202382
445981
971917
323589
832529
428998
563678
844693
172488
559651
757721
637863
61771
377644
543721
22614
160415
250805
296957
72766
444665
154117
278347
937739
602245
23362
998945
825110
759064
41599
770145
104746
903355
459784
806773
750297
325249
33626
211991
955756
206172
640587
161947
382225
678876
807540
293262
483124
235687
172290
245885
593759
52860
899442
194852
273686
705041
319611
569163
578401
234936
473431
963854
276409
747813
72957
746973
351624
845687
366244
324910
139255
592133
545950
334457
177133
346041
435306
20696
958876
445357
516758
302734
979103
320485
110905
855561
683854
150064
506187
705930
422060
829090
203892
858372
646395
938412
81305
434871
450206
75344
485280
282717
215765
740809
757388
351618
245586
853157
155511
106501
735622
848121
937972
655543
501931
733981
602624
229935
754543
851332
849719
122342
254388
944061
828776
935259
467715
888302
482876
686821
640527
855218
62514
749602
224335
965007
553177
904653
400200
754988
544786
739221
73750
593479
816832
411881
868939
688880
158362
639576
836034
60700
703607
61921
136701
907373
905612
500994
220237
390963
717631
332817
466730
57008
527565
373744
472005
599030
224391
724023
556786
775290
40926
118547
724204
300266
81110
225728
768037
874856
434204
607433
184813
309062
668964
806694
74509
95361
174803
150111
184549
750758
336764
801025
324069
282895
146094
386402
875684
248368
38440
957948
417386
64505
367226
665858
303991
873066
207839
292024
158404
572561
351428
948204
257212
748825
6242
471552
613533
18291
970389
520876
307938
239417
95142
937366
142262
169124
208285
363651
373559
861596
685675
923877
620944
803390
305305
158169
721882
611639
107272
131928
883813
824001
205462
321318
609570
923318
792965
861576
149867
944248
560229
432591
261079
164721
648386
689093
462318
305428
96248
851082
64884
488158
299737
614800
394282
230843
261334
872700
672836
63467
558808
131698
166731
551016
177366
924073
463342
282973
309244
843366
785096
235922
941172
62688
149956
633089
751380
117359
419017
788874
838802
281899
362318
451108
254703
457179
333244
761610
449941
575446
552398
109285
382189
380625
671009
109025
387703
445469
453824
632071
306534
443504
115464
75832
374256
834547
825135
149200
180662
817543
836595
648525
663652
499963
149759
438038
345605
262195
780907
305054
102454
765394
564214
796780
559333
274568
854614
97620
437408
396616
130460
408588
345983
136434
132202
557828
381018
414117
849018
75402
197361
477705
26724
7644
469564
349948
749893
565729
376794
850818
864180
40199
330479
887303
83711
259513
154141
864258
939573
460859
875694
49910
514285
119839
47461
555947
897756
777642
373382
650935
551452
423278
424040
887653
508599
53962
19865
721185
41649
227170
488341
41008
488595
586082
422930
122298
122203
34266
314417
796328
771319
980144
384407
14455
179709
738070
798482
777506
192661
496310
514473
76958
30154
988702
824481
108773
452945
9273
941008
436959
244550
832095
330927
80987
543075
768191
449319
845414
374813
898079
195466
583145
568180
507552
908421
577589
214302
869501
644374
294048
206635
199347
449255
922413
589172
457318
691952
672728
369041
334588
983094
553271
375886
507501
115620
59131
212687
925486
446026
663321
890502
41149
339560
668795
579739
630138
453726
28042
546574
100667
771747
281666
812648
416238
539900
665477
583512
410317
211813
736161
324946
375032
64921
538950
941220
497329
562279
22004
544250
935959
292790
918816
208450
988127
658442
670751
930772
286552
450197
55743
436068
932379
417236
363348
60233
695446
841875
395133
622296
941067
118446
503798
939770
472969
739255
349060
221478
97013
957571
764835
362579
671654
943479
130175
674970
344222
264289
558123
891106
182826
484976
362048
559525
923944
973611
426824
425503
779544
323275
761543
3258
317847
546023
341083
552492
600618
927063
992563
551758
561199
814832
731145
733396
997183
712910
466650
327205
79120
497408
285139
582901
214953
28076
792760
771009
752183
172509
745018
977790
905037
395667
304066
169355
369147
223958
428370
687573
756855
112453
595948
297298
424230
563576
950025
73393
816308
936907
663514
925721
961523
351718
358309
289475
789343
637536
105576
408031
477738
267668
134772
738239
224295
570432
114903
368456
385720
474658
925111
724445
456782
644354
257803
212492
106477
600288
325144
589321
654686
480323
373051
417262
219273
717726
284041
157719
151803
141385
309620
1444
420100
265826
79545
434965
182651
261262
34954
263220
615197
246352
96810
894081
383604
549592
463418
809383
801345
321365
467417
539861
74335
918845
654812
450156
253364
674766
203696
701951
914635
495842
304858
991029
408221
99394
215796
772687
750256
405538
700283
579469
368195
369775
348222
755272
439788
983559
682211
760018
740186
364871
196197
989598
980825
347267
186212
512623
50515
994666
36178
168411
674364
155349
528826
735224
144709
50960
524122
902820
753950
22396
736518
895551
23226
449052
227692
676447
248647
857806
499834
606084
642460
895147
709452
883381
492830
328314
157739
846053
601285
306959
584105
557666
857852
937478
244864
908927
890683
679227
241086
368307
475792
9742
728371
358867
7695
393877
831541
379222
529743
337302
467685
71328
147305
451523
74208
599074
560739
650033
94372
136809
409562
617022
430675
65863
973568
936835
608828
597673
897466
974871
94518
456107
945217
179579
831725
999630
817508
227834
270924
326737
530888
183399
587532
72537
479790
321983
892101
413030
39534
31735
864767
162183
11371
993497
495902
373003
187644
198757
529072
603413
336524
648241
577618
204160
175985
524765
219778
357341
921306
116456
994736
865482
947694
969948
167048
571498
349830
749553
513571
435219
162317
606909
697012
804660
202781
57544
58917
435790
649530
352498
959395
804519
815835
681236
351472
185717
2979
244486
660186
713289
972828
733790
284310
49107
69653
733900
525823
733486
852712
701321
879727
433808
153776
539528
302692
951643
876461
744576
991589
903891
871954
961511
388009
188062
369894
518842
431471
726985
825986
659261
929977
374451
633723
675403
717880
247140
794874
916649
379639
259941
730444
975419
575614
895904
571133
819223
849002
286336
301597
851841
278535
724083
699525
356207
639284
342989
114071
677978
938777
358427
679918
800738
760385
893371
915904
687312
267496
124668
197636
886668
694470
337917
33061
839140
678610
570817
892594
629033
57515
382879
692456
733927
876988
728908
421498
603116
968470
424488
390350
413076
57633
51319
95245
26896
432327
810982
828487
244832
950871
153640
997472
339260
48849
744981
871036
382155
898391
799616
602466
460678
655348
819683
832448
335606
89950
971708
206370
327041
59964
513464
207265
394049
672967
165571
735952
715240
511520
940462
359075
545328
259162
524764
273466
748974
432923
736360
152976
438187
666422
667258
67968
856400
539781
73788
395047
738048
415910
101337
594848
524708
551309
422828
59761
715038
577290
518709
678331
581207
658691
784407
313144
856151
275950
618894
121844
590523
530210
584305
451312
992913
972146
563720
520330
297377
752981
625516
276206
590140
34426
72381
795848
247975
822524
345894
233235
27005
438831
577801
841209
210276
514504
113396
176580
558325
709782
746263
750132
189204
355156
404398
660686
925726
505819
447443
368743
643159
356889
653781
321329
872594
133373
645512
292626
79261
256892
642515
200282
857459
195350
875977
265879
733996
483304
641420
42242
401358
26334
991245
706075
35492
925879
222970
636236
330117
589949
378406
436103
253634
352844
493711
8268
277420
502394
95103
22745
166558
735163
889405
806871
234889
466632
915395
359663
790001
147386
496290
194833
139314
54890
546490
730765
520230
156280
716311
18068
257709
612465
259733
687671
668003
215779
858554
908386
707288
34675
119168
297422
130330
820552
534338
707176
168075
291339
976131
864090
629371
326791
840603
243119
864166
481167
791018
758702
238679
678915
611757
444434
658277
630189
951950
151254
654498
729303
87231
188772
101344
494731
527250
838770
607394
721201
430221
550869
296791
864379
460822
342820
853150
451175
680569
271066
630652
341696
782471
438745
387813
658722
951414
469900
56586
369677
273565
127029
923346
976935
592013
432733
922990
172595
968507
153325
632285
419346
861808
449718
420180
312050
503519
195360
577384
244629
376028
570972
493704
783344
620714
544238
221900
294327
425892
164773
528546
767263
207383
359697
861533
655993
275635
224803
317012
756283
491395
424694
274450
5823
690210
418566
965787
402440
814765
556195
987374
275054
680728
88364
386317
378903
871428
222859
489681
637937
506846
178756
474809
226055
863966
143640
799436
468265
399614
414753
3896
310548
963059
652135
328069
525626
567976
751652
502169
19700
357687
93536
149031
633950
133686
711105
604642
324960
215788
441015
377873
592169
562082
760163
411412
806154
410526
756564
650950
964996
141939
743197
790480
881214
364995
912815
960592
762700
888833
475420
451793
336746
611633
134965
661509
424388
353714
716706
473864
159595
220461
565731
114870
49731
350427
592754
847567
728147
20460
638408
206824
588568
518506
716169
391121
899951
791060
714308
538119
830359
497978
339031
458895
699661
80460
543372
473853
483297
914340
202605
142585
375026
986689
420975
98194
28239
705810
795260
982589
291105
732732
124998
125902
370855
592904
264678
970404
126890
52804
666836
856042
259054
400953
665082
523260
20383
544474
116821
769739
286842
857295
477118
7313
10499
779922
365009
407388
201020
359879
866485
234263
89996
868934
659812
542358
644974
846221
563197
911266
758879
895426
529342
638907
690364
379579
170493
110599
873981
131210
240730
205429
567041
565517
63084
712688
453802
695331
152057
530642
538431
663734
17800
124080
422725
347029
333674
761935
59049
34574
446096
375474
508523
885857
200115
224590
576454
191875
203589
537348
201421
287018
843352
490910
166953
738620
697571
708561
317227
724555
739269
939385
933695
264287
844989
69448
602003
927873
865617
373550
868824
255214
679419
870629
858779
507208
809066
476258
46256
942372
792918
292756
165572
731417
849679
349260
346746
14260
957397
904876
168201
841050
571585
873714
653066
189342
511997
458290
755114
324264
742762
211419
263346
670073
302377
686699
803583
845525
643504
760403
284038
