578459
224947
987695
155072
536314
177105
940911
604649
543542
564566
751799
669160
736258
675828
357885
194751
958942
75331
59676
742216
913374
665961
434717
956718
769675
695218
629598
382469
243388
39781
336830
241017
86841
995441
8114
939530
118816
67971
828155
357175
213784
648515
115364
262523
430767
974565
336780
521667
97810
927196
658876
879201
577480
72796
435124
85543
50144
472144
275635
371394
773809
65858
114644
38636
432650
816313
633477
995788
610950
729172
525790
493957
57483
868310
489324
496488
595418
129007
758581
962458
302390
858077
735251
173431
971084
213475
354033
545097
182777
420287
734022
805119
264440
7209
492988
255996
590836
872361
946447
342574
449396
654493
229867
714492
497773
379834
261537
736059
950383
173818
976119
688632
507898
772290
424451
231271
342757
308268
519906
416309
744079
546701
277791
32633
36063
893448
698432
971227
925862
305537
467429
89111
780229
619651
374847
674925
962545
830052
407663
509725
736557
580205
629714
622114
524652
707600
685832
802625
695635
425776
742542
882606
22793
671086
669164
939025
405690
152319
674092
773900
167789
269057
103819
344955
965647
14481
711859
166624
582737
953958
21864
327322
754428
662697
44236
724524
886146
22449
48200
190154
247370
847263
453772
432279
24642
801527
433455
590175
886728
894425
91384
609356
962003
428183
704143
725993
41695
970299
782090
899296
593238
905644
12898
761900
138991
699498
286538
309017
652011
26918
226614
318679
955374
100296
19422
83594
995730
58984
586630
775793
879769
492075
428235
313310
870011
705589
462905
972968
57535
786389
424387
221084
417813
794935
912675
871228
18004
888852
792229
818893
244140
31292
519258
279745
993573
981611
541075
970080
823465
314939
904829
665659
442770
686616
92454
414480
76584
517782
992416
488989
640158
941893
887866
249133
758854
330871
875988
881671
408715
285565
153675
953428
150055
416291
626626
394685
599631
775625
988451
451887
846070
688166
126598
195004
375178
364562
828812
780915
350140
653086
127948
915481
995149
325019
834141
937392
554708
274179
92402
257712
210589
279744
998030
778714
389601
28788
953992
756890
39129
82486
667747
945539
827511
457644
233194
963543
148241
299951
726754
970051
340843
480075
682926
688353
872486
310476
511676
706798
495286
747016
324461
689060
997863
642384
345283
931933
170333
736943
534320
934017
925193
500616
764584
618158
951502
927890
541688
373630
944065
820244
294266
330992
417399
456898
393994
243247
767
118334
160294
430734
905727
846739
470401
596354
576487
823932
939301
473796
906828
697308
19611
845039
382175
347500
73272
810186
111835
410295
904878
891161
627666
829085
380633
129602
51488
547411
504583
104970
925047
259887
485004
331776
58396
794899
900888
617187
958261
605818
998741
82681
574983
520017
335054
365284
147268
945675
515750
923918
72475
654877
241525
671655
147313
468979
832928
823530
624983
481439
508757
495520
88220
657405
266076
453472
427318
777751
260334
802278
696773
504378
169517
115356
722126
322428
764274
994422
116194
26552
545408
647721
206393
796966
505485
778854
679148
335552
590486
207312
821325
256257
363942
614134
161818
912746
673239
863934
751161
958050
178843
304695
823020
121698
283822
838337
475543
390148
90269
588550
948648
878810
975674
687180
216673
865602
502502
120227
448032
155694
999729
849729
423433
322971
886104
680821
169170
995240
409399
233053
452357
640745
840082
320264
245704
634838
405142
587210
877069
94816
636505
434980
496021
246870
366491
167373
588196
61607
903227
290904
479446
328170
516367
696683
646259
568819
972631
966507
576282
950172
206968
88032
925771
559758
698560
184579
204922
236396
1783
22947
482189
301676
718980
306117
563292
2644
663071
188825
840428
592449
516071
592929
798905
907626
728006
802552
470216
515854
771084
44650
671254
459728
592119
475481
112694
670566
413191
127955
378107
319897
404958
764157
78106
563288
589315
514093
480505
195438
633015
537154
205008
122026
114451
242201
522014
674883
542714
892860
180540
721043
791651
282107
384932
726947
394042
269087
605195
500584
579287
453136
497307
756251
948345
964225
723527
3070
89840
407019
321987
559818
677430
516393
378141
173090
992037
712011
336160
685720
578097
334122
760240
812175
95561
31961
780289
52076
403621
339095
893248
511629
818874
927286
666010
113400
285003
533824
545535
576724
859319
782865
554141
96918
569255
248245
429708
872153
351810
992764
706691
995070
857172
415099
871380
925155
778649
726065
926786
505439
789444
607625
382512
332141
498191
805537
711660
405929
143806
376271
19615
583048
923837
796141
822007
784144
619943
557632
361727
61754
57684
347472
110311
450951
483381
240449
676603
196466
346216
946022
146815
519459
403581
916983
939559
800981
989681
829586
325254
652259
228867
726216
751534
144953
45522
938028
488380
656141
752537
110914
158840
169852
418988
605565
582311
643369
994638
231439
335200
337676
641928
905469
907585
760507
84881
96118
923517
294465
870692
196803
68837
589128
689152
962690
444798
473191
704764
72376
383846
520719
174706
41744
930594
209814
884921
988495
683864
605703
69919
71897
342935
179987
97139
957925
337341
186081
676143
726045
215974
344337
874855
786205
382743
440968
348319
41782
479145
502219
991220
830129
660026
350898
711030
653305
904378
770920
406144
113194
165518
398107
278040
443593
233446
659307
208315
113457
974156
566869
858535
11359
113634
266218
856044
118117
298840
867857
223446
636814
973786
133013
998332
930455
649858
717265
691807
722365
914429
789825
181667
839464
43033
441753
549015
611036
164622
338253
729386
20532
561697
548062
992903
662964
110718
677380
294690
492910
486592
149814
117156
17854
674122
314945
180801
954442
103129
802584
746156
638
545703
624665
837875
951441
486669
526972
979312
342483
383259
600748
158040
632094
932368
821084
458540
167734
286812
361123
815428
342388
19677
799431
984480
960546
184189
19474
20031
311313
973605
705585
959719
212193
512243
106823
409892
164095
330692
404052
122423
268029
214309
977698
382521
335303
823731
592788
72070
367957
543504
203355
308636
73113
754787
704597
635902
43707
402306
608142
974166
873138
484357
64151
930488
181715
404664
79019
530323
86248
923926
921447
689809
400425
991093
499453
869182
460470
485581
973770
635753
970177
365991
741398
977109
521572
931455
429347
549585
684649
186264
596114
39477
947019
964848
875651
618544
934002
751568
160461
782284
825146
585201
352171
933217
500396
66473
250127
521144
95902
388348
177607
630644
30230
228818
114722
23276
319827
217963
82845
294633
474010
92997
252160
922616
76662
101107
113435
918532
901004
278719
325861
465610
815881
655385
954988
494264
583570
807750
12104
537595
123576
830732
637334
800301
228919
853820
586139
156124
625837
631002
369911
591556
572477
753991
721466
466138
255988
620774
238430
576814
464600
468887
216952
720229
229701
72644
485152
865337
480685
452266
187913
430712
420979
609780
760148
713108
439932
937921
729504
693673
278598
145701
480928
391470
405308
570243
391848
726613
550237
307661
440512
266565
610736
368793
771852
810335
592532
449360
704807
439127
594685
206769
231574
733137
684425
661219
2030
288017
601513
165359
19689
750440
386949
676638
30546
806600
381728
371993
79741
135594
261061
298494
640050
411388
154131
323518
177914
210355
820090
676326
178971
262972
487918
468564
320286
176557
94352
882000
643705
837288
241518
919927
318809
246232
790172
863746
911908
56833
6697
590707
911789
715878
946571
943721
432872
29931
423195
136805
396243
407930
499671
941940
112844
469886
738844
20703
842645
307025
957895
499461
577884
941285
19152
879161
543193
128501
977214
821640
386722
7937
275528
195237
904637
101029
710957
782215
997496
949027
489886
478998
495090
407278
452914
699541
925662
47179
631879
384736
277397
365895
287810
852188
489901
303885
486401
630020
868270
882675
908303
7062
16757
882649
16288
552678
293553
117347
779354
28939
15671
312942
715490
16046
874115
710246
675442
359886
764774
651228
477665
60493
834026
211256
298514
161619
411297
934691
150975
298517
572925
738197
924841
557393
685243
305632
559631
800395
403272
169712
828948
436598
913053
775670
358620
396276
415805
267560
62987
756245
427872
935976
477807
23779
332003
174278
867462
379935
868245
99711
858063
461068
463417
218427
967896
989099
831384
525389
244772
826878
405055
867020
844972
590261
322466
858260
684545
598299
942714
942127
536887
908528
759137
15400
631021
3427
181240
431114
181593
804149
587928
325858
372053
637193
626660
310023
75240
741455
549738
532339
976015
830054
494946
340830
317196
866688
164705
55661
847939
430795
324126
727058
726997
613454
179009
143713
895656
576056
12748
80368
533991
703621
565843
583934
638533
616337
940082
111967
157214
677991
42303
150285
805936
427587
738557
104888
981015
700282
441413
684446
749138
571223
897462
845973
672574
947688
593210
96108
230890
576147
10942
99803
665364
45969
165278
987432
214960
372510
819429
986710
680278
662262
521201
397055
669819
50019
979643
226745
305085
427845
498391
939276
536815
876194
486355
169265
150003
717049
989009
986210
179418
495361
65404
694852
697184
601444
405587
425753
312568
628141
761972
227674
831426
292822
622378
662964
855729
533910
95701
533028
158083
130827
85524
43409
89008
306168
968074
803313
607741
970177
556300
379702
688450
847489
794914
384435
264315
134148
563647
537124
455658
580446
271741
185289
378323
890861
211576
535243
648737
486927
400511
987543
223815
707830
505047
656534
148637
731770
92645
445364
373869
489528
91320
261834
611668
993283
99809
689998
6009
531362
138431
898381
144360
282528
270795
955812
93334
694000
858931
140244
733123
262027
279630
276790
132446
277134
905973
625170
606788
41998
914146
467990
50696
843006
358879
492091
500989
103337
324714
589389
633466
643216
513939
302663
184340
667702
567927
588959
126117
469314
591619
47040
847274
778330
422141
821506
964171
875982
887217
273288
706440
16287
289030
794573
462420
50227
869347
342146
288381
917376
930569
803671
840382
694667
567690
69739
685105
69432
570420
582533
379690
542817
97048
191755
17721
39844
257177
469752
293241
213797
521688
398721
904024
481623
851368
528506
791368
536971
393834
977283
892265
400738
807420
856453
49061
31211
11028
518282
336503
125623
305484
245932
683073
16151
773732
705535
701596
307601
299861
653554
729242
781083
941586
238306
159948
605213
396555
835928
968176
51240
203110
504257
768003
921597
285247
832352
921581
513165
572075
834820
807604
778482
605907
443986
732699
195130
950616
15292
874450
826042
461520
515766
400337
621053
977127
934479
865811
731014
114072
795199
456812
866007
524937
79192
668706
587915
248507
910543
554457
406500
551540
307001
235194
633891
317
892965
409157
703777
483460
976210
747986
930650
307996
678871
727958
65505
571827
684184
553880
768280
392556
599064
746982
998295
363398
859790
347061
29159
179635
998773
31209
230192
869459
521183
593597
511301
554949
55749
720875
895957
288980
979939
785920
82239
532237
832994
534592
936198
174379
159423
459468
38645
147271
544085
806063
366788
633138
630140
678059
129067
6762
221098
608584
634414
834884
51082
560293
280463
917487
624639
832765
797331
140156
349015
429110
832320
636698
286166
409582
189992
256779
768868
809102
288938
847188
184717
408268
36553
643379
98394
624853
985437
620160
488963
747823
589455
441719
214691
235398
803829
361855
906029
973644
386016
459311
816596
791317
761025
413072
294813
191818
863475
960973
764127
341464
739609
944013
858922
766297
269570
924848
538484
740276
709935
534431
472376
328663
104700
783242
99528
829111
205761
771878
300397
833085
639537
239233
8131
162485
294401
150587
426946
829261
834957
435734
790227
592703
289449
702706
779107
695762
630199
597797
233485
695746
185150
6697
922578
364233
833908
714310
190171
20579
38264
965799
586304
547453
409130
404003
759519
312070
970892
309080
238694
949160
410016
949635
374401
40406
420231
536205
835443
415127
906013
468139
765350
521257
808021
354865
28089
341140
514445
92576
659917
94993
386665
630654
309554
839160
144725
132216
159131
389240
868474
400645
545336
800202
789739
129148
763470
529057
76103
227653
611183
979706
888204
164428
734571
661565
167397
593062
775999
900760
619081
833587
62945
645018
769238
652963
36667
130144
419002
581916
610933
154926
749309
709256
942218
683047
806372
780445
533693
999115
480282
717613
789316
631917
298621
710593
690124
302148
349201
695558
761761
561831
56729
950802
247124
225412
953198
955465
750271
751050
225248
195429
576159
206555
752654
920852
528352
886346
727677
407515
120558
5806
181882
595502
213710
372218
588693
181420
925884
11206
19535
601830
238807
876852
88069
62685
325656
887592
933834
886348
346306
183693
711823
810959
156646
63959
914821
401677
649069
142343
597723
245598
812343
235466
424142
914102
477182
356688
386722
665534
770985
982939
944744
510956
560934
424167
597999
491311
976715
167163
941360
996236
50309
887028
794370
10196
129580
26343
856926
747515
551204
518125
718482
141629
920625
505240
494484
626940
975814
289424
755711
329447
350273
651746
938191
169202
289669
660103
381123
46862
608153
911726
427685
633685
429697
691896
576808
946045
852917
108445
22491
535620
494977
495189
72245
40380
906773
307667
166723
886985
800305
19364
642833
496025
707330
5978
624248
601281
403688
130242
77459
539365
815020
934632
845413
109770
362214
395017
226993
610334
717340
285315
391820
914433
165811
532093
295312
879865
121139
464665
332475
777082
371952
15551
309958
110077
723566
714494
956523
767507
391803
575349
768532
934873
983316
728031
76541
750717
889215
581774
932745
74967
223624
887236
254546
118053
102862
396300
171787
161085
442888
48566
350955
571519
745814
502743
961943
559234
24529
270991
949
164362
458256
193233
635335
241949
126652
303375
140185
779652
921271
786151
562907
390787
35395
181837
148278
273276
114902
209400
557243
999629
947075
34012
646560
598318
574636
74316
466085
281535
545544
561499
32223
817220
304646
616622
92131
151797
381552
676357
848098
377274
346691
399540
212708
159340
360
566770
343809
184651
771725
879723
109865
127287
679710
316608
771598
808229
144831
681535
183061
19272
442156
37573
762555
997871
777916
977431
858986
431109
431517
915607
986882
230700
393008
120537
734314
45626
784478
842930
344100
134616
983817
867257
99631
190909
164594
602414
836168
907248
723353
957039
571006
51
411418
853741
596271
965873
895910
991754
513190
426733
658544
274088
287517
467509
189230
130615
340272
485270
463147
950741
147986
43352
449242
396596
173348
756502
37578
677996
881375
396850
715471
718895
186590
88025
73104
331783
965305
260243
248093
300828
414000
897961
346575
890735
88195
661923
394395
116924
726717
555016
366298
7529
769070
343987
828341
702417
979106
20217
869727
306064
155030
434217
759008
666886
618601
545447
407302
842614
19999
459819
689756
985811
685413
952870
356346
796942
654699
722719
854941
725498
201893
425596
613952
506129
272300
294411
40925
193713
43551
621472
233876
149502
660689
99878
499984
444999
901972
779029
9072
833773
870032
98572
912959
538457
689132
818921
227802
581163
484190
594961
697671
812496
35764
488527
779089
427744
334366
469320
161629
309999
165050
912635
758695
860321
396180
107911
377472
452610
481207
251552
226950
735413
662544
194056
962749
403194
269803
330709
550779
804666
134121
582620
447158
402330
708884
942273
834798
776687
708991
327613
360097
577039
442184
826958
20234
435753
986063
21171
155049
18381
101914
478113
787347
682319
864626
128311
81253
89541
4229
172485
476943
750609
924471
918807
183914
151975
939583
102714
801128
967534
845143
436383
470178
100425
78740
691020
6734
54235
250832
950976
169176
946211
997736
124876
638651
286572
611988
746271
726688
484645
866279
721966
952955
137458
397794
474859
552120
868748
539612
843696
487145
526746
192127
395926
254157
183018
315865
60074
171482
45586
665419
537302
761144
679867
481808
854329
571343
451530
943160
963082
451335
403408
32830
815587
355528
16339
213361
619102
274306
408716
775724
745110
355529
320140
882225
74159
795570
430959
329463
484619
748885
442656
508670
419059
225793
62234
487710
909430
534085
142148
362007
405378
665036
883107
362932
340246
571385
694254
733835
644208
989106
578442
10397
885907
155312
862451
754292
997850
927304
126547
175771
628117
303124
205867
119537
619502
902349
621508
587633
265490
533171
349860
588214
825396
286116
493346
165697
996528
434148
928131
952367
136611
490165
922556
277897
884267
119899
409347
160979
894540
674901
681348
876673
188105
434262
484177
722047
851548
518362
752149
967073
704572
644835
213061
887655
562042
30983
635268
227607
21988
267948
962457
124310
251122
193043
96260
855443
426083
166390
879497
76933
611509
260775
910717
277812
20574
49396
577151
117629
608135
513903
758504
733061
581967
707375
850454
450625
696829
573311
739115
880608
695395
33969
456629
340215
485217
51713
647287
587412
790786
6104
441404
381448
876803
189352
477691
274625
642515
776971
332442
526846
196960
412804
67767
21023
171593
711553
543697
532856
188178
145793
530025
962609
796940
512145
368267
589215
750290
205098
756675
915535
418349
486155
411031
51304
571013
284172
978994
754934
480825
914521
679728
615990
180675
238476
200078
694977
96516
149666
366589
793944
847252
19181
180204
87557
995557
135517
764263
969552
986691
836980
329950
929462
593738
36827
35118
841734
537610
892701
841135
252072
999901
937722
704799
827018
385154
112678
246720
221680
675992
170629
314389
223473
214558
694516
738844
202164
417837
593714
500233
261903
842915
462276
570525
767558
243331
51000
232271
835261
738347
866969
385895
592563
207081
874525
233546
699943
234457
736379
257862
784920
649119
844480
966228
866531
514303
94172
202880
555848
749265
838023
522977
660553
844740
351101
451000
535042
83538
619865
370860
145593
375817
158920
697977
730802
847809
918303
866609
577709
894795
790560
112248
290187
293357
856612
906519
83269
165355
577271
770319
252930
401619
334111
869241
528505
560527
191453
624560
567628
184170
985682
723862
37996
574021
31239
835121
564734
502867
138006
524642
705633
461725
118740
532700
834353
234571
190495
608012
635102
803810
627053
861570
79206
738880
726659
381319
554289
910324
139956
739209
648227
692240
769476
823615
576699
512324
544965
873424
245197
262327
129484
342904
614893
505004
186232
892615
218504
970652
446046
362077
23777
779444
139084
857347
765838
946273
205253
632667
390010
321579
5117
850523
958105
388812
724326
697074
5519
646621
239190
877545
900272
513605
625615
963840
164375
590173
236578
907499
226843
237082
893271
999032
544548
944319
690127
767886
23732
17145
575994
784178
481057
586898
115014
377445
344960
436800
567666
877826
413242
878
224049
480680
560965
609775
719713
489644
879316
880565
15203
763569
293782
291646
682129
659569
876909
283481
663936
851618
858791
177526
796292
218035
256850
112220
416071
96213
562506
144979
610866
74281
434730
482796
444381
471985
304471
673782
544906
795112
291001
117668
554591
164099
519239
979958
542077
700917
760905
860507
627728
190829
996687
313232
403082
884966
979669
787124
474160
518028
858397
392685
941250
122856
869350
484073
736059
539592
931898
397008
489085
649431
428437
117657
742025
214583
457704
975990
532901
696730
408431
805077
765149
66304
323918
355573
892510
504526
355702
602533
514612
364851
627493
92093
872725
667317
169555
479656
643935
969084
320692
212804
273709
382015
841782
821028
827167
129900
310584
91255
442638
682215
216591
24014
520955
550716
437510
220227
655662
830660
63290
968531
38230
107007
593882
171096
332884
717860
979100
242252
966743
653912
254971
364945
982689
510004
436289
359286
500813
698199
951841
496987
104294
759100
51433
796070
68491
499277
504619
289861
884581
840195
789448
7102
846899
581436
566296
537415
167147
252330
401148
89697
269593
581993
465779
722296
302409
844835
770452
314442
918801
262941
351579
193496
89442
50445
933314
104935
844148
915229
503546
874978
464406
722590
63937
180491
294338
951961
821182
829594
232326
548068
772547
744240
316882
524979
723378
46320
542175
719226
494934
644785
582903
350156
208492
360586
25265
531579
163868
92943
705172
616441
829012
12734
140108
432470
502799
13158
143363
442209
719146
761796
155913
887099
884867
771738
119954
585684
877123
82894
350525
5727
484033
885178
379361
767281
443911
783752
543921
787250
622177
813920
474990
358311
834138
31386
837775
401392
163955
521626
805011
74624
955976
389462
32535
556329
554200
555222
381071
858274
614973
439289
723800
417002
594686
153113
548515
65822
963528
777171
196824
96388
572508
461577
430264
140679
628849
730790
928767
455580
127672
323332
129399
205347
793708
228700
987040
194991
767147
290449
661794
505301
414206
900960
509571
245647
62076
602427
294029
726508
399144
350869
242661
435115
459692
136813
597763
873514
310052
781548
256548
115698
316918
301605
50852
410394
147390
854233
675670
482947
732352
75873
435070
453537
962354
189999
841798
804896
581941
360389
27366
100343
841402
457447
163704
278601
359034
918353
890000
149038
977313
243361
98703
628270
770552
927609
964272
609297
728660
463258
969015
964166
780985
956988
86932
652243
104788
506958
154039
449813
416050
734490
444482
781133
689542
7568
189439
525117
141277
584059
650370
577657
992376
589134
272720
259616
520567
446624
314074
82945
357377
173318
201625
903912
248698
449477
961722
15685
319664
45665
635615
184991
955293
19780
986068
995892
558493
153952
317024
582658
530046
101468
640952
364967
633603
631062
945066
691700
369571
664455
552845
22027
215022
207873
566003
668659
443467
618888
891852
31140
469580
118162
647565
18851
831988
369749
524348
528041
307069
138133
846005
276868
291425
876325
395640
502724
205283
536535
949162
988397
400358
435599
628009
593163
59242
972916
783017
780398
630338
335189
818792
717718
233871
148331
692177
538416
930960
11633
897927
113802
22218
946874
475407
93794
492106
823661
138473
644074
469764
711259
723420
180754
533756
32837
532135
954332
400072
395855
934259
12809
560826
597820
704267
55658
792012
8976
796346
537095
525436
348331
883035
73378
404847
990316
338346
293750
208233
21172
62065
47423
487293
662862
493229
375719
681725
418864
785865
115322
325896
232716
862428
402900
343223
329523
766754
367817
674307
789529
469492
843761
935105
198491
531765
141505
142571
722705
823241
545337
761654
288884
517611
527817
203836
735868
22838
21468
70651
650790
909236
979803
859358
396746
679468
872300
589878
129660
794900
717592
784550
628269
975349
845519
843224
555219
339756
434981
911941
743479
813661
809723
571780
476921
161215
738744
268385
711877
531634
536440
61444
525792
507307
62744
130978
543299
556230
804936
522890
521219
346837
968006
454860
235448
309068
837231
388792
190674
449004
576322
399969
99991
761047
50338
725943
413561
111109
768270
583915
862472
296384
229994
143106
623096
573375
402138
606314
208385
151019
192296
875046
167039
827926
806620
96511
396586
581625
935711
909716
562592
122153
93121
281889
879916
817103
946384
490808
816589
354482
426243
997277
146071
204994
376741
754913
583895
772476
948745
874914
756901
526452
372623
764263
167207
4547
714046
624255
509208
575000
24329
46352
704070
492344
923921
157335
914840
354377
699937
726740
647082
804386
187088
194588
473355
478364
191332
995912
479348
533152
98879
33405
629234
713004
7979
457740
119189
705668
568736
796156
841214
343367
65669
471109
910098
462085
825048
203849
318300
371186
339044
863206
280905
844935
933558
356192
436292
307686
838414
887235
276719
275241
130238
672074
7990
470167
797633
479711
407926
616568
182039
173509
698672
822439
70338
507706
127901
53504
285322
281745
595442
3856
680595
786334
435045
835853
621399
932843
250139
38422
572376
571811
518912
225673
156015
33812
779711
815613
611290
649402
298063
800940
454761
603888
396537
351468
976900
516420
56668
585051
658757
34880
808312
30213
518770
914170
490274
329289
484719
236128
82034
542152
978336
133363
550659
651520
63854
588559
897816
11436
295699
326081
886246
530112
114278
474947
248658
69262
93127
572603
798735
100183
684299
915525
645295
848880
216265
271426
630572
908346
771765
547524
868567
752188
112937
533045
705981
186546
511644
909411
251174
469934
140916
916601
454154
176806
25034
498325
100881
337308
348765
313821
336401
455343
466898
745731
64605
60065
567673
41929
531788
9845
90554
905697
456990
335170
841383
85744
482831
843520
690216
839588
951536
890265
999758
559759
624578
712832
418610
490831
779915
827530
226281
88264
314631
918239
912559
863558
208621
257176
315644
796573
480015
445696
72560
357171
800663
170809
317156
411612
872785
946151
16318
201887
277155
708893
738414
178689
480828
503831
23762
194225
420989
290172
796152
242481
900817
920647
7851
730578
581714
740459
690195
250773
699604
572067
871521
576373
803077
374937
102161
585841
862478
116127
611034
661840
915997
996306
360461
393027
502728
918033
939809
756197
689623
215464
52974
943001
528682
346211
403539
282396
761928
376583
496702
43225
997648
719030
166444
555509
746772
23190
745183
152349
740069
787243
529256
262226
779606
660331
130349
461763
179211
285342
989108
478999
864802
391645
892506
869816
300219
601496
537685
765853
710588
179029
401910
264714
336363
834021
581694
712927
712106
452643
94918
590065
118997
758743
371171
372405
51969
434082
27994
448532
282996
793575
931524
163992
703103
685512
907670
949451
23767
971925
504998
51080
713107
865908
574789
919589
922981
753533
367756
609080
493293
418707
760694
164510
188673
468846
901695
470758
301190
756848
667264
760519
955006
628901
532774
929931
201450
908409
101468
51237
370964
235424
190916
499895
965003
500888
307885
296690
924757
81099
480882
619165
418406
277631
41532
10191
672353
278477
94267
691546
6060
341696
399815
759053
294097
713554
472901
926719
617861
139818
234770
577195
533849
54746
801048
951501
274756
688995
188418
864735
36185
108160
823895
445789
632345
529044
709894
860718
653792
635906
33289
625971
152643
931434
605591
662478
483504
631243
153238
459270
989284
409696
218876
603208
363820
967057
274876
438798
488379
174552
52017
319938
720239
497679
52257
200210
154139
46447
174781
526313
96408
630779
454237
531810
373003
266510
135027
37406
255615
974882
499240
995905
631371
946026
758669
778432
659008
47737
86094
624872
839774
128967
801881
104781
276496
649597
167050
994099
752626
721404
776310
664798
69881
888056
906762
293992
678151
541657
747616
695709
489334
414359
360019
874400
725586
230230
744039
891961
168018
364625
286856
675012
641944
657726
280925
783620
56904
622595
146891
462025
912091
928863
912274
946244
708233
489388
447504
826316
66212
307657
87850
785570
654563
670846
42263
205344
398040
439970
704835
416280
850680
540890
801874
624948
753817
210827
654613
484653
248682
283097
582713
750850
601398
788866
983289
415106
422317
592557
466316
791739
688555
820106
967909
385586
546525
113468
36615
309916
935283
727
962477
473832
448053
889832
9938
163823
655323
683150
226439
760380
914498
232765
371001
469578
513487
778842
197470
288207
415452
452347
481339
518438
732877
610212
620681
237498
516042
209541
299184
422945
358180
935998
765279
282575
339512
518466
620397
199649
451708
979092
60702
776079
563797
34714
584820
908233
688311
435133
278016
760615
743316
578424
249258
355687
556662
992002
662912
408426
745125
522912
798178
12661
758560
337352
654707
61343
383363
186871
839881
888807
977468
402644
143662
481328
761162
167386
792244
171283
285892
815747
567314
355563
867325
192914
904740
639197
780166
956509
200494
902883
974885
138764
910772
450586
581571
909841
273424
687106
91544
926520
563562
405330
407861
161687
198369
302106
133895
296025
67355
237709
37056
130560
915427
362185
188270
955585
963874
858595
801676
713292
742362
548159
363355
320395
982533
541793
566785
742039
280962
720617
572100
578754
184745
955155
107964
634938
99260
309927
118207
413635
392855
457141
572363
170975
728536
663846
58992
275582
872982
728439
912257
773386
409105
152964
222143
260184
337547
718228
335072
893147
202324
985084
164179
137168
157361
839749
40835
443937
858084
166146
170878
559977
836643
972803
894026
864329
236912
193240
574836
969243
182399
652965
6854
788245
534164
45155
89870
823192
648658
156288
746731
631232
60709
919216
401119
199491
341923
879640
256893
363205
636584
325581
254732
8835
127977
142087
164953
607776
57285
85268
292907
217417
721255
630821
36735
731840
744712
753456
869194
554954
486104
786117
347796
503150
724180
698702
158948
979630
677735
466040
301900
276466
419610
512805
6229
25248
893758
863253
451187
250782
887881
568331
406331
280405
847762
449764
658119
464624
258104
359548
984415
432453
990189
474215
729583
827371
282953
381863
656827
850310
863301
549805
269198
755981
252023
414511
378980
380216
461001
18737
639416
977724
416854
818513
544009
133140
374962
551680
987782
59852
241093
721442
19614
912213
249789
337195
160816
162314
756588
279686
805687
454266
295641
561351
583835
360884
487428
717412
885579
9533
69735
488069
582413
311079
894537
316172
844831
512097
385531
63279
719078
354851
342694
224081
127031
635902
835696
494976
212454
428158
693129
217654
987393
62118
331405
998375
76270
851925
642161
63615
140745
397986
255529
821102
858304
303810
352687
578727
926901
462434
586446
18387
379265
911576
444086
297371
850187
390315
919923
629924
477920
166591
163532
92960
246252
808893
790105
891931
596292
314810
297452
299186
407966
130669
983071
83376
328406
158687
911758
971040
314287
526335
173829
338321
953909
240886
747080
150203
554916
461584
60462
359352
553292
149226
242647
640535
730674
712184
496485
404707
401545
380676
351712
100541
904323
962686
291677
696446
381547
73220
978390
224863
15940
86024
827124
229888
341139
142629
202769
512770
353596
693279
602427
728869
423041
824797
506367
233309
866240
381411
504566
169479
453160
624867
130286
531498
217047
385344
516613
273632
479168
971801
372453
960145
413776
643515
377262
868808
374356
323151
962890
964017
810430
219361
632648
501777
61110
591791
103854
647410
475571
362197
718700
959033
342077
378470
8690
240757
544078
498503
487906
935676
844182
958610
731928
666928
959177
251317
30243
539311
369936
464499
17764
640267
529105
237174
267343
950202
835794
964920
509595
704014
462056
939343
622064
693246
980151
893481
72892
487065
825694
507357
370828
752878
930890
929668
938491
536440
990117
973149
213540
58382
540323
798598
906872
565549
765090
349776
329967
391844
829828
236253
801822
81730
779447
533014
80721
917981
725931
777430
646909
305823
433438
361069
141553
832588
597044
865599
755624
627092
761668
958443
199436
652515
524661
235808
499617
794437
81745
898437
518837
770565
392242
932573
274853
370207
206823
276377
903889
534488
253234
548512
559704
311927
417745
111377
5548
30128
872368
364239
474656
573493
31614
439662
580188
927811
617304
513337
430227
510129
398922
939576
984801
439121
237288
141756
903651
511977
807977
867265
552345
130951
196923
802785
51159
385064
796192
501217
990167
210593
242578
752404
643779
772561
150817
708318
219365
804833
258500
356691
575736
419148
814882
844996
674658
903728
258490
580511
702012
829406
500900
194527
760414
794331
862823
251469
507548
310920
263989
397287
961916
541231
56793
797710
228174
394140
633927
325025
357417
528287
338608
226623
360775
840102
429125
790304
360255
180080
510147
764997
591036
91026
560593
275556
587479
408188
148823
364687
772150
522238
56050
426534
879072
692069
64909
32920
527764
155890
298521
285212
303449
727840
728352
378885
846219
82377
684739
790015
755690
722028
176996
331829
344248
928451
664982
54476
634613
467169
413672
784582
82217
130308
171012
759944
139981
533954
572375
529356
700069
932111
256544
462723
949794
651128
595140
369118
661455
175530
525429
544986
213108
520639
57193
685252
80821
529701
760180
27369
833191
613592
144506
813058
234743
364177
261116
724169
979249
699944
665724
237052
162123
921111
411982
970537
90625
623683
569491
753696
504207
841693
318848
307826
848361
702348
284583
342895
483732
269242
909941
116909
586695
414102
821304
324603
508298
887274
130059
248970
945617
802916
458063
41057
199275
130832
408105
891490
149714
123548
515430
717271
48772
290916
96548
580263
31748
293359
782798
361980
421049
820553
687178
111580
766847
166900
434735
358049
55898
980196
789121
305466
584820
563987
62522
642143
697402
588137
846575
312702
850740
139568
49477
427487
198
197383
887668
53554
463184
650344
816169
831293
470061
735053
914777
390527
522372
557943
725895
876239
12474
666603
716426
208209
788661
905755
584180
616620
744320
126595
3837
441158
860952
497936
289459
546032
502528
168562
169482
150105
280040
482761
980567
345134
586424
451859
762928
624002
899965
241402
343916
388163
360130
206853
151206
110904
444260
698222
128349
636975
593354
10448
717789
880470
163021
371628
737278
3989
715657
815020
873719
965874
648298
57729
573782
853759
881066
993521
546074
941465
39564
227476
627463
916559
620564
711702
706288
784838
101639
473918
288305
218610
199900
504813
101575
303538
34968
989214
565603
200412
916486
543928
369645
637355
505466
548444
746484
827889
510356
546829
434606
164772
17923
420020
977713
729501
962719
841569
284620
624679
458175
548574
159006
731326
165234
511485
627177
860236
589098
714483
403748
655773
835571
551915
156673
999531
281843
167798
465814
191778
850449
400277
681836
691267
612571
919859
860960
697410
967541
409602
562053
194402
741283
176744
252373
150065
644713
194707
943707
803842
516777
119896
289768
843943
96882
25995
466613
736237
604520
133177
866201
573384
408270
250342
14994
638481
672989
201365
991853
337836
265047
708018
915968
457986
112009
372309
55865
401334
314497
287412
482393
269793
638512
53397
205905
889002
620025
479947
287745
323478
534039
783172
387583
50763
465184
751351
275687
322561
311103
943598
493893
460881
81336
462357
783057
34054
599164
807811
947162
224710
352290
484295
89340
253863
725263
927705
465583
594344
952778
718177
791328
875814
591005
451391
687380
625651
586124
861046
727266
932958
222780
690654
289083
578223
666551
178740
774625
706135
332503
789086
91291
221391
701564
184931
277575
627674
831157
710787
816491
233294
727175
454250
252486
850447
552111
881395
433712
404374
146444
589504
230954
991147
247586
668745
791302
576107
419097
929858
288956
493018
102590
687377
553974
217668
751396
780615
457884
323201
272398
116661
391456
421145
173473
29287
435924
652769
961563
78389
309095
624285
1492
114486
10263
11587
838095
631659
980464
973640
245527
335671
331716
961378
394044
421298
696402
516969
96526
987572
117747
356020
611304
267423
254149
418711
352132
50870
37063
791565
277367
93669
319627
342010
55324
958922
228868
423347
441259
632584
53094
524402
902659
411497
22885
344843
265446
731075
143876
174150
734214
73152
687223
244596
159798
415571
115262
812977
757128
212287
274557
436423
606852
561630
60839
62267
805120
44420
855021
57008
992855
410651
440598
935182
629444
69133
591588
227484
431322
182501
401955
614426
665053
893256
126120
864120
61606
307744
972716
794040
513189
246006
727839
370870
972634
260833
261580
976520
439325
448837
633432
93891
909850
883711
249967
724600
184127
497612
789803
644180
45768
799230
959755
103655
263360
638082
424795
8151
411310
406282
775275
171098
935092
334845
941257
20284
266685
317504
840001
536776
763575
577616
376714
514115
38717
509928
231581
368796
133369
798280
342636
488102
886396
845702
443435
881686
933084
541916
889261
614350
778760
791288
595206
765939
941757
527865
963283
879117
459644
820716
900293
253272
912739
824961
15938
293908
629153
119229
80988
562056
224419
768750
176788
169489
41650
990597
476392
436195
749274
615065
720871
249015
433123
886065
559868
435826
68174
945329
86342
800827
579300
465150
469607
181463
625099
922035
830635
431152
451103
373749
897162
268523
606049
63555
459441
315549
774389
693226
88740
560785
16580
415515
763802
531364
130426
828731
831767
971866
631612
439874
532049
843058
480302
317781
720884
727078
424071
637224
178690
151562
961839
538965
673181
809904
880543
217878
712434
288608
503548
616179
785739
45686
899550
472834
184276
872522
228727
829414
843797
361566
518436
121594
19136
379997
815726
307063
786829
282078
524977
86826
892470
647065
899811
278305
419534
55855
771168
737077
90432
461484
585858
553009
203223
770038
851709
766003
369866
70118
28856
508774
877664
875096
499496
884547
490540
425771
429025
625940
374794
390927
689617
90764
648274
971366
351677
994490
129075
787141
861208
560163
308312
959831
254560
114155
545587
713228
876937
342308
219614
980740
62031
483904
344221
877978
273070
488023
346581
585412
213470
55310
309561
145888
823752
153626
855783
293501
188133
463166
182308
938996
588530
621750
180132
322542
990297
798758
521723
929802
718028
762334
509384
888941
349357
196225
338879
605261
221193
11671
684715
517299
230938
768203
9270
294771
208970
948669
827896
768070
515106
563730
992431
699529
149291
123289
555742
257165
187154
797345
381155
729163
810214
155329
707380
375517
386835
702765
786940
944597
204468
165772
158462
922599
608784
206442
922732
672221
749017
282073
695598
732446
95115
748030
186832
689471
224190
833947
956332
119989
272102
894613
587079
990585
495382
346963
538788
310995
198356
764385
340677
905860
674103
454495
624555
771594
422159
443970
747519
131927
540353
386740
476490
970587
135431
378302
977425
173523
652905
716406
307530
691569
465521
67958
961734
954456
314502
497272
464120
952129
523821
843191
158938
714518
401026
506058
229759
334632
528345
260887
714553
682963
416246
170322
262192
720437
950684
530441
7449
232158
706714
929197
392757
392602
53997
8376
426148
159725
989145
369176
675438
766430
836923
133634
135601
385261
515695
406586
129350
914856
305079
714879
457091
593911
503279
334129
499314
456820
612215
978917
824992
770574
748611
765636
486123
645174
428196
920431
476648
166598
922932
283749
949976
382518
494898
933820
722943
340201
290199
140344
610851
347034
678300
169015
666489
910056
663584
935136
720150
488673
923976
401415
100842
624993
317494
242915
910331
404647
93711
665310
98037
689683
783652
411550
251267
263057
254793
886736
606612
230079
287794
403813
446873
418147
393159
501572
980361
930554
797766
153443
702319
326600
137310
528578
88638
611622
78829
872030
49402
383534
341921
86142
17500
150733
400
848039
221154
680653
185263
593267
998491
977704
820881
624654
208594
355371
82467
724615
297633
409259
136478
813945
757213
38233
43578
746422
225151
979441
503370
706726
406493
484039
167899
65314
120171
804236
358580
895204
209824
217210
985593
41208
630158
561591
61240
979899
295137
134035
549951
969969
10503
268864
813264
570785
123051
859281
655389
572149
630451
649312
191854
693559
192790
367424
753992
682919
438756
601738
182728
630155
367533
24519
476800
213123
316257
693773
806081
259150
858351
957095
744188
172530
780571
742200
835806
554085
755050
239739
806442
602764
802289
495383
565472
902209
505629
867158
295798
12444
65103
493499
903777
451584
536125
546296
760366
352870
524295
596401
339910
742574
24669
269051
3437
565864
917950
581260
998173
38850
929735
480202
560508
984873
983028
366527
141919
801969
981133
709828
794049
759149
926535
80378
275254
790767
68009
549412
719546
713309
222836
273567
433664
504278
190238
380758
850896
188582
994306
2618
484226
135675
110432
835193
646556
889873
546881
381549
843274
905438
583344
332771
571957
885995
532167
289328
742409
645711
966906
642650
841921
396417
280610
168420
881648
705974
928657
183961
916183
916318
554340
219594
188262
66101
329097
31790
449071
382160
412144
53535
238628
901162
449853
393822
499272
260282
487473
296509
638399
63884
35075
343027
74471
78450
955568
533098
914711
931738
529445
316494
382205
901792
725877
893183
126120
841462
56785
38324
791386
455327
598679
506691
418541
482457
15673
298997
273201
695552
34936
37388
235640
718957
532834
269364
154951
181169
617185
215051
505618
304616
762290
524380
314193
713331
177296
639416
32470
505239
32770
137331
315339
56044
902476
783386
515468
202917
381987
904127
979305
997247
571810
294269
889449
121395
800515
732827
389652
422182
667625
330352
977934
599231
68914
101846
177907
490251
456924
896923
744404
87172
83646
835825
364502
715446
523417
795703
434663
246942
573825
891305
734082
311156
690260
661742
401364
785653
27768
913563
520402
547152
841677
802525
328609
67359
123994
76169
220004
575246
28222
40534
431291
306379
691434
513731
916262
140148
392060
898163
130647
626868
354347
391793
180967
612347
447144
924145
126830
309338
828210
269002
813605
392919
674368
643765
440672
904152
514898
991540
356569
130961
572721
900950
620507
455922
749144
554797
943561
97964
896679
615624
525499
287582
17894
343743
703920
19954
935631
916258
905643
396142
312126
434380
653344
232536
464989
969658
691678
931610
781696
767709
986485
795039
662150
405568
15910
337115
376331
21861
436957
898159
533834
485305
144826
843949
24985
52779
351831
810833
718450
884223
948036
644474
501319
35750
339063
931783
650894
93777
702859
34321
113000
783595
457461
780814
801404
620905
714581
364783
106961
677266
565128
848603
227019
30141
352057
983690
757481
597902
316881
702654
768750
882573
478182
358188
867312
143541
704791
554762
969790
372413
969115
537350
426539
854408
364196
795513
346991
827825
243788
379157
185545
932927
207287
203067
660415
425556
611717
550261
549753
285412
309382
489415
329817
680725
193611
221483
492286
553944
748164
676799
966285
799699
854126
978075
37609
481670
113183
281851
158174
426374
843326
867946
156726
709788
931883
158875
488988
458617
47706
481137
100687
730891
869755
731143
3076
851834
874338
934186
333824
99385
965667
754150
466505
860061
705594
582381
299780
395011
905067
222898
562361
60570
161916
141622
574497
859058
493857
336473
985938
293647
252915
882501
524408
469793
353037
879228
704463
230041
391902
60161
349589
332035
34365
781558
353615
473144
452995
401972
787184
406100
777355
403130
157937
297756
342450
845662
559913
536201
772740
643881
96800
517350
850094
435947
87951
789470
832780
436901
631849
474956
114931
746930
890553
250171
896891
69419
524588
61822
370600
484399
429044
912039
141736
264553
819853
790755
532523
791461
869317
165617
804122
976752
716212
586591
91244
613193
682395
455586
724008
381430
872741
385589
543458
976479
465481
682861
150681
853262
626787
393170
717445
844296
243896
891083
952849
325814
46876
578575
871930
170822
655882
85231
351160
38148
373037
428676
829969
21045
459317
987365
392645
481973
322758
794354
637449
296638
431497
525654
568046
173020
945477
458460
567085
266960
113526
755548
645415
604799
707306
944865
566743
747844
866131
738435
306171
2469
822500
497898
421252
599590
68769
273873
500585
590154
763493
719970
285385
428822
514802
143893
915463
821746
776772
435703
783896
322118
84940
883414
881849
844949
259551
968676
543846
810078
485532
235541
392412
948839
499303
969886
175333
414547
176898
544007
475893
538626
85213
857160
983943
251579
938059
704849
627490
969907
225553
642209
113777
239368
588945
879311
336413
615550
243950
586366
729117
897177
621204
131197
123345
642848
845689
363397
307151
392609
370528
907552
924260
437027
457637
418746
331041
689069
143941
158161
308090
276158
883465
143713
839563
442871
783363
68523
220622
310723
830142
726412
978463
582562
564455
794566
122337
311985
516494
760040
298862
171755
911236
568027
614194
721120
290841
725375
744569
310598
568066
566652
502781
974726
684950
484344
66536
141443
131107
110806
263828
936397
368142
722335
443065
614138
784946
581500
94870
907659
854442
36671
464028
72483
775552
673663
433548
110170
898354
124878
206576
164804
108610
312132
218948
433468
433983
725138
613876
703052
823143
260914
517321
208885
942235
771639
482980
195245
521508
302888
998600
772447
925948
9688
437586
721313
411041
865563
347758
852588
447494
117341
742296
179107
993621
932557
72021
454981
50607
886018
119610
927955
852951
815086
703953
772642
244854
378504
496769
68465
286700
460186
805632
158035
980850
14458
183975
255957
700034
22387
777522
341146
79242
891567
837137
576878
812592
329984
938738
767623
710710
880841
465252
196658
752949
730985
752004
323038
182327
668214
501875
202598
305461
209912
708275
543782
999578
837657
782591
953372
595914
506926
921575
872867
441659
10834
630664
277202
710944
35984
731596
994228
905747
968648
276873
897133
213441
662980
485917
744059
615044
679971
960080
162051
242902
891739
316925
243317
841666
653563
639061
820372
78556
422301
18968
78219
176913
57739
209354
56526
935274
425300
708890
181969
349484
996657
270472
841520
782608
650102
476186
892476
451696
463307
856384
150639
666017
783983
485688
967415
400024
26804
519624
838752
270739
560133
420196
503248
71682
881846
946531
415857
232620
920077
820295
640873
239573
456699
897212
993656
857540
261934
620543
365740
392468
555099
84106
312745
643798
90886
625687
379002
192570
80432
296349
591050
403982
245974
291198
591506
500645
156264
220218
554063
511430
65843
27584
511191
828916
946308
120530
322208
557480
701958
547369
250578
224062
93078
71555
599037
378556
470550
273080
89487
572512
976389
776185
976373
375843
599071
82813
516856
55167
136562
136594
778825
996573
536821
48187
795172
463730
462747
144476
880945
478280
515324
771744
83593
505731
230099
429227
755052
381021
156546
888224
690560
221525
375355
478870
651943
730713
382101
152023
66543
722992
823380
724100
898424
763827
432460
933873
901179
387714
86729
294378
406067
223965
161457
815021
854573
303073
77213
823481
878945
832139
308381
520855
915845
773357
877971
254990
549931
693404
437746
17610
941050
550422
542995
39275
950789
620731
223143
610424
846414
108867
151890
554439
964232
696681
835249
271260
386956
781312
833988
458552
108726
519767
256332
311464
778641
168946
5484
148647
17891
795605
626065
707857
282506
393208
174244
111048
680409
879968
765475
192357
921491
420209
194444
42049
160676
403287
559563
339883
933236
636428
807770
14465
270727
828544
286898
164613
412101
591710
386229
335766
805155
47313
105032
721727
886674
175553
946726
261630
858617
949807
399721
727930
413243
184122
669419
610489
969635
262448
686068
621400
964002
671082
265010
886277
500188
255441
965815
113292
2230
809809
937294
107785
497583
122319
976603
553124
958313
761691
384894
43143
264202
176200
787497
559457
198870
808881
952980
120657
203121
296932
726213
651107
392368
792109
872866
482222
455187
615457
6696
753153
571489
475106
97557
562305
6612
130581
215130
958533
905130
580457
139516
611979
664149
952721
276654
592895
948633
292524
4082
22282
200662
740252
126234
609830
377769
797779
263048
913926
646217
122011
31535
288778
915905
9792
474748
649179
634283
138969
844344
923270
786804
173078
101288
295525
680618
35241
713443
472609
901331
251740
793575
375943
535020
804582
187169
986502
949261
835398
375351
344969
954360
553819
267101
594836
530257
992517
619143
816292
870520
190795
953189
153395
491832
486149
333980
530798
240769
525017
69791
903660
53789
261992
755527
262458
313358
736308
112688
173476
863663
861362
39332
192344
938056
265699
258556
908438
526304
749613
68163
126340
24092
142663
43641
868133
998899
609540
301873
821728
58898
460551
115052
412748
780176
10973
454801
817924
435463
606604
850204
982181
267217
551997
635431
69690
546178
315936
941797
88110
155713
758624
31681
774284
127018
307715
470885
692762
677233
564836
316414
214277
652606
19422
193609
610632
537796
412912
428687
708226
713282
295940
529254
517763
688234
953598
924711
419485
831475
468482
246974
299347
593712
422850
947842
126631
366693
30968
884214
961523
325410
987351
560596
611919
802019
992373
481726
271763
793059
46082
301364
836239
193209
578054
425612
188100
301281
377695
802514
713198
979904
621010
869111
233934
204781
728723
325857
817038
27511
125376
97208
777572
172762
64541
402422
15761
749577
496167
400650
65475
577581
608394
739416
617950
768674
749642
725470
326176
688659
787216
487113
227496
428515
328496
730198
352955
270541
172328
521861
6813
240684
326302
210517
137840
519890
783665
402594
710946
721833
834735
13925
249120
132560
855223
530724
783746
92188
826248
544766
531889
250149
937278
384554
248254
236194
736562
250726
286110
42384
263245
935599
27068
575599
880692
39689
193064
539081
560340
343541
728318
317962
339054
261358
654502
666770
134837
109174
473105
302407
894603
496419
5225
271963
406475
15393
394200
451867
129552
642658
688918
80114
579037
502586
770831
802862
135943
32650
632348
100449
261014
597510
183111
615874
673744
996436
237099
27920
534603
442584
500700
372316
571899
674014
696197
473365
734023
716916
274826
899073
236503
199687
199543
684167
13355
200024
402956
653982
684477
53891
393162
598770
327406
366091
842892
125451
71873
685912
656510
206890
285043
975569
201720
177157
867868
172981
586964
695662
839237
961274
417066
964608
556638
183473
798831
388012
943276
250900
75172
654279
484837
236131
953950
9893
59514
28134
111497
846080
212612
162287
777262
173347
765762
58683
552695
784403
638776
395927
727591
310217
464693
523261
36670
233681
807128
873656
468145
741117
823559
404878
948953
907537
536296
437439
100154
633659
985508
667763
350379
370052
80743
227376
969564
338630
930436
22302
289406
178205
258030
219913
194702
219305
438977
491496
185823
59878
850027
640404
841932
756579
823639
791522
274929
475848
295412
127244
692927
986546
935199
632354
287219
905822
386716
540651
23602
442602
239841
814012
547238
414177
786511
684971
951349
19265
557244
868857
813547
6779
465665
81501
522133
558610
721658
4301
161869
924803
925388
473063
123867
944347
160171
197579
361698
916897
47148
121668
177045
822813
789354
767055
138151
396961
813376
614558
295700
407389
824662
431124
26516
985359
947188
363304
76885
140045
637651
72699
177290
908652
396178
96187
682023
319461
138415
732955
199169
835739
155739
725187
115750
2663
536947
990822
256954
42622
389054
9114
633684
854099
611948
187998
418949
152767
11488
580496
522065
779249
320869
231125
325134
832158
354611
959950
296071
39573
235363
869219
881769
134269
24077
223534
523148
52988
712506
29853
696423
457418
755812
732774
959523
916220
661970
368819
868097
148230
981757
156718
783289
788214
250757
550274
192980
277723
552405
350537
334374
363308
71970
748792
513688
340761
26194
740000
979769
473812
591928
287767
531140
9938
218058
597955
114303
73732
128256
312182
199025
337951
996367
420306
893332
315594
323367
247078
825729
379720
808952
833273
18790
437833
539623
440641
499525
751045
631218
568235
133423
948015
908520
682052
414683
763543
881329
924038
685546
377976
699423
482250
798201
46399
895965
890541
276076
157621
155910
726849
845159
135175
773002
556904
769436
808977
316224
97134
523888
921121
621900
339028
508610
58432
323189
400814
550982
55121
191295
175649
71710
702005
11779
744340
569279
812250
769033
805699
839186
725390
287949
792279
50290
603462
104442
209186
927204
546624
284482
44994
732427
251028
893296
58035
727429
621560
356509
953181
939237
560568
89871
95059
553619
965554
662440
986906
827607
443832
918007
362423
481919
192237
711020
98245
388543
281651
751601
147286
991384
399926
316951
218320
135573
723999
269934
561357
975500
347011
641106
566625
535463
674646
196792
97091
529535
33402
678786
345538
484608
835759
177789
483795
283503
300217
318889
327544
564851
990853
236111
255582
708696
175120
885753
966278
436807
332596
474731
344322
354922
265543
618852
493931
64531
842475
390829
277000
929340
460702
309171
137846
773831
798438
686720
899306
766269
202490
52606
397390
741432
405592
183611
427513
315597
745261
584087
394018
171386
590546
955713
201311
414451
140189
889827
362235
639434
637111
879739
18488
436120
699078
786626
213216
466152
168311
532212
500184
306581
158404
221336
264424
116209
214019
586596
575522
402034
962152
418270
421265
501093
817999
309131
729217
755216
836727
172467
797078
110395
69345
293111
281292
889455
406318
951040
373379
398375
921217
167646
368565
195308
556974
379619
462778
832521
720487
451509
619688
928797
686256
854262
497681
46454
843170
986889
726080
783597
997281
295224
474506
65440
904795
835444
140400
918114
312008
829028
209828
932894
194495
130557
83981
861678
604440
927689
994842
996633
636986
849158
212882
400916
372067
348422
845266
722856
959893
276533
512808
412128
859580
670368
969070
515506
520850
415197
965543
397930
857721
967093
923010
492524
344979
736032
498967
866585
997771
315121
333841
727081
947923
303500
581100
302457
934910
636565
919376
684621
878876
579204
164838
59191
323455
372383
498125
159674
178339
648817
361649
201694
641818
651514
217204
977205
396135
661260
619949
622532
228949
865854
518133
403875
326532
889303
144891
260583
605673
863284
159044
848723
436474
860664
458501
932377
649878
898438
176174
144097
192398
51539
907753
17594
302567
850259
142824
130256
356094
57355
806205
675893
358883
985931
18545
671178
364738
252557
523307
616592
284296
876399
54368
48164
161835
696715
198001
203015
184533
995420
481027
143317
250682
95333
836155
1624
613289
193789
216867
882481
533416
480385
209288
684375
728752
426940
875819
964771
48520
835914
55604
821363
471509
644715
256013
846059
619284
290439
203286
412704
227248
961455
32132
813094
166211
212963
321603
134655
191940
464789
669561
89222
566317
482402
602054
286115
544630
549633
445162
974528
321894
447609
237944
462611
844620
936479
600835
475432
222647
233531
175351
303148
606776
859263
730792
337638
124714
477599
961615
778272
416898
816146
361947
38753
698497
718499
331723
205438
816651
890576
612976
178278
155213
287116
289011
686978
78833
910191
231207
743691
399590
926176
680869
618327
891790
612103
438365
204863
343797
938204
585284
931877
112911
599971
47380
258989
401824
910029
573933
581475
685662
402711
367283
314605
788978
96823
413973
592439
422057
478342
45937
430010
387417
491282
349957
18418
726632
64436
397386
461331
267985
821940
431167
390341
191329
938446
808631
359303
276007
996856
437348
528602
382172
232360
446335
24410
316489
26219
423545
632878
359995
80186
878962
852295
877165
292946
153887
98973
850764
871580
569576
334417
199446
864452
193605
238067
780553
816507
917552
904753
332090
115999
557841
883
537341
894368
714196
872588
855429
995089
721689
975696
667807
517653
812698
133966
720226
605020
88498
852708
444630
861123
387910
71088
904009
379225
457800
8047
913127
870438
794536
385740
34530
71255
749599
729450
256927
574014
677433
28355
663768
94354
164599
930734
161339
473761
131695
118402
703982
277682
990802
137839
415917
655542
6774
974369
122256
634195
266942
632487
950664
500977
488301
820009
463000
330824
740029
424414
657982
788016
303735
701264
291191
184047
374277
291109
215984
149920
965112
705780
887431
842675
603327
212572
246163
313161
125809
397320
414783
780296
94358
818811
753906
717553
343745
485099
171129
990453
649548
583986
181976
841953
772675
21818
617273
922616
498190
994363
334509
876726
653998
414034
56224
653607
5556
486187
904682
534654
686606
183378
906709
522734
467492
22591
166019
945123
154759
177860
514541
313024
819180
232160
762647
737874
49639
712308
832127
61572
84823
416328
539821
85431
486289
487621
132276
186089
180020
578407
745884
139917
286052
528138
124073
764104
40936
413070
520244
5403
212839
104447
299075
638820
652793
23740
351836
104053
499477
133765
343184
798832
900875
917653
869055
316839
128763
817203
888028
493062
74208
609245
223155
150033
172569
408907
674113
454384
306601
693626
946258
163213
468337
203821
455531
679950
56245
384367
450028
837504
859736
990433
495441
238491
728314
460426
219956
819600
122366
857729
398948
580338
466058
447638
192761
611512
140771
619322
644745
87136
450255
715552
816950
510638
954182
790434
857834
688070
982528
431068
813369
669303
232572
810270
50312
365565
285502
57137
635834
819592
594129
36529
97784
707862
113555
969912
941034
253730
899428
991596
720995
671181
863415
422487
433124
80977
469611
616290
553349
844335
809181
891044
299346
905953
356878
840370
22581
343248
403042
47812
137552
589774
427823
249807
843397
451873
602650
882804
126782
402541
929184
455007
628102
65567
782152
669037
422942
60833
165777
40203
677822
944525
305687
549856
888837
761085
588762
53204
988355
760079
368511
831618
159520
533849
960333
93837
667805
172570
260023
28658
299520
768391
285059
128213
957463
258128
629099
312442
467164
119325
549819
95989
294270
354393
746334
443391
218217
281067
4121
152700
491152
88960
192031
712426
440355
758644
253277
750818
208577
34646
737843
143544
203577
602826
827509
546250
914920
137138
821554
957466
169842
612343
432031
46868
774133
735168
301054
761358
99653
665553
959858
425902
853940
684258
889011
728756
770757
995690
147423
338535
915120
448913
275796
501
841152
246435
616792
755238
486034
850209
274167
971948
494304
333053
307388
806757
253852
696928
82504
138931
910355
12448
722158
355925
891901
587336
288472
71263
729192
962828
951558
623885
331902
184320
427855
703626
103520
628714
245207
910048
700080
387900
982143
951306
719929
939763
593342
561562
644797
243921
315150
234968
287465
527287
765169
835030
548703
470267
156106
337595
240497
859804
113789
451861
902300
58524
132490
170711
844887
811324
243029
252113
128793
81451
907923
577419
873684
440091
637668
506641
78692
711032
846394
168529
742913
813761
150817
618676
894020
561935
465891
41734
105965
192404
318818
29389
601650
752442
374943
488642
590660
477232
860430
655622
614675
576781
452411
636903
719222
39930
658037
777280
269980
313482
541506
408636
462625
146591
179146
713420
544255
557485
726381
706995
894821
373671
847089
787309
470419
675625
950679
554996
176557
738242
374280
671256
471464
609332
88130
391684
694742
310007
951094
793459
254503
916123
664929
709619
355912
778320
489624
447947
343557
722820
984048
413821
945548
73871
740664
748210
382086
195335
182104
373046
27255
598035
314409
393916
596082
481974
741069
720286
810048
513363
551575
317876
412946
420408
354924
829112
971982
698972
251499
727363
492553
259274
448291
594600
564080
37885
675755
974782
58413
534380
270452
742293
441661
622035
887778
251247
417440
509998
804084
408096
926362
675084
721719
238839
165554
339523
698661
345943
811921
622167
35499
529648
433999
539619
50418
417417
845549
217684
685769
875319
521377
440126
34806
28645
420483
230661
663919
941147
155939
157251
106175
935929
843138
956001
150234
987477
74775
786774
61863
142794
927785
248643
402120
208376
749445
873435
617325
833618
461721
698485
598106
817232
762784
116001
81152
29233
576735
459818
567607
60780
810917
963583
879619
371132
246847
343365
225455
484568
316012
630508
487746
171771
58634
496429
279620
40204
805995
435633
279300
183369
374995
242925
638019
155189
219241
684554
345311
496091
631917
395546
523559
45384
238374
562755
708500
130404
656660
852801
728420
232422
305802
389574
285657
788184
704031
748709
421227
526645
807491
859322
827698
73028
513337
699075
745724
667063
421998
679297
67204
593331
264908
314838
746007
327424
689509
124085
639549
431873
666484
977679
760209
619148
921304
246071
967779
233477
863111
873149
702736
796694
704471
593575
605324
352718
606355
192321
806254
463458
912258
16098
507759
14584
680948
494067
490040
926987
446004
688731
492335
697991
130797
147454
572515
756225
494500
427782
1229
749057
415246
220867
789315
63123
63023
716887
259591
39397
453197
287935
803340
285631
833420
356179
309149
913143
880675
145813
830876
311044
279134
141139
348144
506851
173181
720880
439378
287780
106222
736378
880895
860606
673973
722248
279831
987637
996666
653278
150561
808228
455155
819618
945490
965149
523914
763436
729029
786091
668600
133143
517382
227538
778912
559540
929588
551448
746947
805466
609580
7978
612804
632765
689412
137618
74068
253346
130741
803486
232545
705329
31633
933229
864268
940863
775353
286748
194184
293932
979533
961860
790638
508972
445038
556195
880690
267500
29234
907881
248195
880246
763651
287250
214713
151624
367654
250876
189719
676583
786917
274839
535393
19010
919066
625192
444933
810123
474006
782369
318697
873410
861838
595758
313288
363612
700760
998678
981247
130744
671806
587850
111634
131914
986677
366829
308230
841893
160289
668286
705562
795849
626952
757393
838730
557037
475119
681004
592847
389916
899804
37870
43596
868548
843823
803283
813716
755727
375268
259772
809675
669046
872028
518830
140704
947894
388524
931563
72554
786124
270625
154210
217195
776675
798698
310713
914288
534073
196156
262224
338937
792153
343627
403853
719021
497161
335038
628510
662789
281292
394729
687702
533525
215112
17935
374722
381632
634439
841595
665523
273529
861152
185547
634531
656799
544102
843899
281324
276576
868485
102127
869075
195072
293654
517857
717020
601236
515431
178496
433263
779381
131215
134100
735369
489472
338358
592561
420336
869113
464448
578818
974541
409045
165107
517901
897687
813556
572367
617342
59006
613119
538574
787157
859000
256710
74640
254911
702091
234157
156614
930460
413747
388969
693166
352632
78296
768320
933174
369932
58958
30100
185378
713483
753944
541720
70683
226183
68617
248896
616380
741401
709400
133493
984407
112265
959534
663839
944951
410089
861316
13384
687154
653017
936852
594366
283742
515099
360888
454745
998005
438405
787006
291326
871165
694081
596684
170982
171112
185659
425117
797977
770575
101431
810109
626793
940978
796519
268590
11161
275688
811008
228709
898847
822873
238031
62668
13900
392594
123175
708283
199510
654432
77598
352809
847764
787878
984637
280989
630376
95179
386542
504638
35118
504641
568634
270045
745681
318680
895849
498722
265054
655771
261179
631634
20725
656776
322783
539943
26340
576594
889728
498801
911303
111221
620079
26272
904125
755302
405457
119916
549791
137808
764767
499251
537412
819669
677455
37939
329673
844143
636795
89171
593545
570893
421349
12998
659854
511315
323409
266436
647293
427400
651052
332272
977764
260456
964987
729186
349499
716626
413230
704174
501359
236533
796404
483215
785228
427716
4416
337090
52911
549340
345467
441359
179160
970313
770006
10059
887959
113889
219855
587800
197696
550860
131143
864420
39421
908568
155131
173013
673281
869407
579022
762888
801368
783306
391144
818645
229731
939441
340298
805276
346645
762793
772323
459803
413836
990040
950527
286466
786984
897419
881989
832813
153394
935442
955085
194940
759949
743211
347599
413680
121729
307519
271139
395646
318327
666964
348159
912863
2780
99233
95053
561526
994703
322381
209330
168845
28712
310157
621675
298247
539960
706591
705323
65762
799064
350727
178278
14213
249922
626702
539550
55721
200144
761797
332569
282648
754608
90503
966375
644793
490232
225488
998015
48289
450802
347376
454981
434543
892114
969156
44006
748438
891334
879865
118207
541148
30074
613372
701484
80445
696011
48782
28124
521352
474474
970557
134646
454697
311822
530838
495412
23025
114166
264936
125110
42724
659647
450586
825073
181701
538889
612746
205046
763311
415442
750083
329222
765488
821013
733418
55146
972005
76263
451998
935544
38594
356260
826856
145409
791508
944105
856936
55497
307351
233478
649542
489131
21294
106625
203891
693626
804702
717693
242255
994435
641644
804719
487382
666037
438254
204372
158808
501654
250029
904679
28818
560744
671090
62955
927683
808258
456978
867836
575350
29839
787952
430755
153372
666398
699210
995938
298502
900765
432461
747987
483355
114221
900290
560950
769289
870708
583576
420416
175471
869972
803199
357414
834824
677766
195756
664591
199969
621858
892829
649082
103580
837603
595316
26608
131065
525520
817466
787575
495775
163810
223019
637673
535093
849057
997282
437761
135928
662898
558951
479814
331993
610012
175295
988108
835204
265630
468051
31578
543976
987837
863558
25913
805881
927885
156298
346878
95984
940642
921646
318937
983155
648341
358358
195938
689345
210167
63193
804770
742987
952347
387169
599913
761435
771175
432383
202905
430465
78713
25443
474422
949458
956879
209669
96527
592414
284908
276361
322300
593161
412981
385006
720137
167516
748544
498930
371208
245221
18725
158097
488382
586121
862027
577896
131804
359862
699924
175831
12535
938164
382219
389204
365060
177653
686108
816262
238802
993400
336928
513958
568710
474891
846534
616237
172535
23712
648821
334584
848426
457032
927717
366798
790614
967479
508267
664110
529700
152418
136965
656865
555218
263649
319511
83272
448250
744314
633039
105705
582959
577556
471481
793531
988543
60860
792151
455014
230779
126359
321868
431943
702124
8710
616953
184819
462737
10157
484855
249704
448329
537834
702595
778459
724935
214636
563121
915678
966227
170703
497191
939648
895047
814353
74789
454853
87906
432339
468519
83203
4281
142700
288945
187666
396898
85745
758968
95481
55813
350227
430166
963004
534960
439039
100222
93359
610104
372827
98003
784542
860485
182731
687767
283516
711610
524489
825944
967605
657400
125502
888354
591192
84933
365355
873684
417016
768465
701708
945466
183699
236127
325972
908177
709900
885422
593751
765466
403924
643490
217761
119983
951520
703690
657528
806418
377163
836662
505698
478678
516743
409200
906621
267469
961883
713570
103008
681101
369896
333451
178094
455034
816245
783868
997262
344010
25142
753402
921874
254626
259214
951009
813004
869313
80610
334869
390557
776953
158607
438598
558395
144877
640845
366416
60947
138958
905007
921653
899383
592527
38614
810660
790743
312768
898337
117790
755893
249382
837871
818620
730530
491356
571076
260207
498633
25256
963409
733002
841207
745087
426699
557152
117415
819249
425043
102761
312893
439634
574034
800795
404099
335343
567323
369576
762105
837281
775753
292771
783275
827305
46284
384776
735207
571674
818836
498867
909617
71955
35366
149090
128861
199434
924908
122413
598615
311234
601641
444367
246195
657316
913229
53258
674345
313796
503214
139605
929065
593555
334421
251321
274656
887995
972069
835650
876189
493856
880824
500261
496693
989822
31862
469360
507421
951828
108861
870077
792334
595251
56290
313864
511258
240880
4415
947794
974131
28318
154364
829761
30410
873004
92579
730015
234289
678189
50403
141468
838938
293236
372280
122729
225407
639167
346737
956230
580772
124854
126496
283694
534801
458582
836615
642718
498697
726580
19407
171542
366922
28718
114723
528546
975862
579948
575429
343309
848476
977978
612949
488538
990144
50144
858789
463744
289830
741655
32612
706744
830744
75166
725026
925903
359384
465976
562305
669806
656262
695077
480453
85495
867586
231944
813084
616744
620908
354117
757449
494096
418749
140024
459851
880059
471050
72337
277415
808690
746268
255377
840469
711978
570680
39269
763603
736601
887713
916570
208204
906168
274279
666738
163350
399508
294789
62792
417422
109815
138966
515091
279665
757609
481910
241677
784215
202077
925844
206824
400485
660740
814506
762304
513130
194668
67517
785184
421854
396292
897538
421071
244294
85083
5498
858061
19087
806012
833541
411425
886961
349321
652528
634594
423067
544192
128863
642453
771145
525416
428693
617812
38848
388706
559649
838976
583630
109870
594189
362898
707295
516298
689013
402058
46397
871239
305881
742067
290547
759094
479059
192734
227608
342443
771663
819135
395198
598636
414027
215830
566484
132023
97208
690426
214943
590775
393526
916955
186250
470816
438199
504264
178125
571617
135918
490189
456999
595310
465537
266249
318856
476935
741878
250777
988248
987253
905714
120433
712255
306030
472403
246858
999300
983161
599697
495030
570000
319317
466181
631623
92970
149220
68847
523771
229729
54350
520029
286960
265169
924692
175031
963175
638576
8417
504257
855917
723756
358080
150935
239675
427189
543568
871686
862859
726315
46216
940511
497245
94102
973586
943320
966924
788087
527442
511247
727065
39148
737102
459425
281957
846685
79612
860281
91103
978922
166316
593628
880070
216971
37664
437463
434408
82022
862186
79864
835364
569687
992251
725420
554414
951454
198962
228457
350262
550018
180432
888790
647438
437023
524754
36580
651048
94869
584317
525092
982682
501930
903966
315845
929671
553625
575294
751050
427685
766399
656417
114655
699561
678298
845371
408814
592224
170080
765781
391941
178662
885327
992534
432272
201137
223553
353814
462962
986250
892385
148643
993087
324620
44631
549317
819457
866371
933048
775474
269965
987924
779261
458300
390731
580622
218105
241565
931295
812169
919268
43723
63968
716953
317753
540556
659935
642664
366817
796891
545213
527717
850889
430016
672950
175537
823726
198268
99
456611
114994
96218
542054
467786
635609
848084
592729
77952
986661
301797
428332
973582
688299
98117
149964
750783
309800
716065
895473
27386
831679
763114
228642
79007
405915
52781
759322
293688
231339
804543
872471
398303
587707
620348
576554
201684
78825
312610
748988
237677
785029
805636
514023
401279
540767
693385
637345
582605
624815
128875
454071
992997
532157
886118
154835
659455
629846
351462
880553
910373
140873
103867
626977
755817
22392
207069
536286
167446
213361
445542
582268
152160
374062
524966
475542
671057
440376
987807
971887
880853
508382
553507
617200
854285
476936
887422
795391
749104
800312
227692
909521
97161
340515
937654
651549
928177
820811
352297
990459
59285
152207
746507
757643
68680
942936
200157
772982
7648
497251
396113
920316
691322
779369
841747
994075
617254
963829
951226
681587
567840
428542
163847
462048
422961
624691
158497
347096
393014
534237
288990
204318
42592
966112
347240
798424
962256
610048
486560
633223
269605
531252
112699
700750
930006
973265
693744
998563
792334
865553
114847
466782
804745
6194
700185
717552
118146
471859
657137
558458
489877
710087
613911
643470
181336
223765
78580
494836
440730
41734
844955
325522
413328
619733
2426
240123
188192
364572
354986
490871
778416
541593
61102
210460
740472
622608
573310
524593
242802
792274
232040
274663
524470
179087
627186
908090
871048
57065
409140
842881
238246
500740
193839
527969
948535
49951
736586
958072
904451
277912
151872
514502
226812
885449
105441
377505
665386
565449
833331
73737
559269
429260
257574
922463
748214
657452
188645
311141
642672
77102
202423
880102
769853
9495
632062
24461
130421
731218
542285
196788
932078
684916
765689
670272
520410
85791
810345
36428
222679
201184
475535
887782
988630
24316
860277
110314
252668
298152
712256
840893
763020
596197
115995
949633
518839
707455
54845
765721
508202
714534
864014
591133
221413
450727
665998
947514
380550
610007
885880
45338
824570
160421
138910
503800
681322
965286
722323
80617
976819
200387
374376
667722
353166
807289
410456
342625
59710
632087
61814
724378
325216
752781
192929
812900
93279
823965
785415
436627
378502
303818
309613
352594
348343
557271
977948
158443
783345
330566
504953
55992
803540
359196
647802
328242
977073
881939
182904
59993
972972
403610
968371
230379
515245
895577
201081
391957
190579
484360
152324
119127
802597
449829
636851
689974
51236
722067
992205
256405
211654
741832
423667
445308
290740
200108
363100
16868
868312
119805
228732
784233
129326
844840
713809
579421
874564
901101
42188
663200
440055
245719
537481
639315
677980
417635
703991
203457
956158
98643
886049
106037
236562
771836
789827
560928
444486
745485
553215
766854
523725
306538
653862
35652
591657
559250
677022
300489
349076
135369
420783
302262
28379
684487
745417
243905
530221
313846
191666
964901
524109
576583
9325
545661
38351
101946
250960
485012
698352
162367
58381
378209
484360
343658
870994
995294
773417
156073
187829
456721
469824
889762
566615
163196
567644
306395
568600
532656
437738
967918
130588
884110
592476
566395
653810
711225
491668
384265
646639
306643
927989
56532
118106
419618
675443
123825
281431
23015
532396
106357
435033
985238
682547
364081
84791
645226
178931
168940
396113
487118
790573
276185
889820
851500
576867
777783
843484
854711
110
231122
460936
803231
36065
183654
706145
627134
837789
598465
943396
887817
36860
769933
702127
456932
118769
541249
188353
109111
85920
470909
113151
103895
270122
827492
423832
854962
346300
260729
511499
652846
432952
743706
859811
971370
908752
463025
462822
401692
457053
402980
816112
538128
845813
599413
925254
563834
673904
763082
919012
592236
685778
83391
936864
944316
453101
686792
442559
852512
649879
960234
738505
404125
977571
695232
333443
293322
349690
312860
818273
729977
846278
596451
531307
171460
96602
692218
55930
260187
310655
228461
940948
758574
474563
594173
750319
999957
855606
648737
763548
937615
168100
85874
167361
915116
568341
6168
128848
744355
956514
2450
152540
305196
273515
314151
236677
656255
420625
170644
513951
622445
224240
588252
228252
529835
226218
58688
784028
50587
276643
301775
587223
473625
37241
592718
835019
951587
292064
606706
157302
848381
590222
877859
621463
447306
26678
207096
272844
756268
371500
6350
912794
952681
837867
582175
244996
206941
896344
900671
5150
320083
22158
59381
992527
577293
69653
625667
919265
421101
68037
439711
905617
430417
330341
482263
495522
704547
187673
486189
345152
381052
832981
332185
880380
608846
709177
817139
862037
598266
24923
658223
293
839235
919164
124560
42074
957420
89124
485276
827984
68656
141828
666442
963828
763277
832444
351918
369792
324799
8110
417644
380548
631392
955228
824065
194727
864467
268606
935017
67364
978136
147282
263912
677002
626787
399898
40760
431934
64885
623894
876130
720019
230114
534231
294653
201837
42748
272453
432862
728864
241020
788209
724450
934818
403243
17411
322831
706998
58914
640005
538674
691917
818892
619144
473673
575362
842884
572086
215043
140894
499134
227976
518306
268818
491682
588581
663663
920993
694413
950816
721050
809987
915792
411633
900303
737844
380648
985980
432587
787547
950463
295573
447334
800625
97357
522195
710561
863720
493327
254879
108529
459829
550216
929585
794940
679995
121916
785495
433722
623335
732026
456186
166140
108167
980164
95841
412750
771457
44733
653806
293131
209953
222763
379565
883368
848485
632883
213087
95468
179513
61489
225984
666185
172737
741224
815109
975162
215386
916186
80505
659287
264823
481840
695829
643918
186847
112785
988371
611076
64102
505212
982025
929063
988280
738022
33726
416447
945586
69516
449104
868212
331228
889922
327004
547864
790850
781671
508147
157252
105537
509067
170512
854607
49602
760839
623692
621367
582698
211368
902210
713275
826734
15574
875962
26548
618589
601470
317462
574738
277410
331124
359245
916367
468870
60015
882568
373216
923983
897878
662686
842075
29628
564320
302913
359768
665819
579271
180865
169030
2688
48699
427956
888813
137259
5015
752897
681374
248713
906919
504603
233483
639620
10080
951865
293693
36988
809162
207650
415968
917097
946776
357406
941469
630244
167019
152141
7297
974988
644288
466025
688919
868247
99053
282227
832425
567957
413662
575679
549504
916735
450970
181109
579196
946597
733545
224876
708698
942441
418940
176479
74448
170993
417872
984243
841645
632968
826618
696349
392713
479941
114550
644748
309039
88914
362169
572113
682695
439245
159107
538685
292834
648675
778041
129285
152685
759838
455717
948067
814086
532431
669420
984588
536472
414062
187021
861552
923113
413554
39770
98602
328145
669173
184277
970173
970653
318821
235951
557472
432847
552945
336434
700551
235122
928326
148362
824334
689873
724628
743809
249548
536477
394276
586245
100955
370013
190725
458180
462873
966045
816972
23507
689132
62489
308782
916813
681278
259356
679030
369241
768311
871418
907875
980934
473707
340622
613638
891385
95595
541634
763732
971710
647356
356894
963434
609930
488380
122211
954341
589419
673299
294276
489795
164401
81262
154754
475945
233365
814546
660368
142026
721758
883776
803857
51364
742187
293025
746667
743377
461252
700185
985587
811778
863994
621397
933531
378742
722245
485747
510203
282872
298235
51317
931266
662380
361941
918238
703536
962816
244966
920433
719418
431300
268324
469751
115858
489137
697278
456126
146514
71003
295418
686828
270823
225173
837242
53572
569459
701899
841650
667192
833407
480258
115517
17447
966834
349728
820239
261555
943134
569429
728955
657862
50671
533472
553113
262853
598263
210911
34330
457823
333080
197785
109214
105497
489246
919845
148316
369422
553462
923108
928786
133627
23707
30612
320307
623005
418719
840496
29574
567097
570213
806236
286543
272208
290866
419459
978453
649512
569032
227605
252735
442149
618450
532448
897988
562157
913399
653217
201289
769781
11124
41665
688612
169677
16047
708435
803703
97514
437143
515787
812344
507098
152151
534191
419484
685296
503839
310891
356397
537790
859129
958921
732889
285490
853999
399892
188406
947177
713653
212749
960905
96470
468667
350633
616119
714251
128536
907990
161552
477010
401361
639135
574104
725844
404
424313
86676
468339
700969
423010
805020
517517
313244
341348
203808
273432
368857
419129
75065
656990
817262
703940
923215
137585
347042
867399
281791
533556
107406
751777
279558
738791
704838
845760
697505
937453
106076
251744
63556
303369
386153
356812
842406
774888
353925
605893
348569
477322
743487
642000
636423
181685
136146
500729
25955
979494
423463
426272
342737
614638
951143
620848
25991
946482
328609
670579
817436
29479
749314
970297
737705
728475
304754
178077
487511
549418
127962
118885
628532
877558
708480
458494
777548
174487
633713
643938
74499
700234
489580
768624
698296
384584
907430
538603
506551
159064
690618
151132
531538
681149
729014
28404
663406
498569
557279
206641
569581
658762
293994
252811
814315
942213
757997
89887
997044
432617
558874
386561
701429
497969
110957
374839
644048
866286
227361
965956
400062
490168
825777
162977
814821
393833
654915
139010
987108
881778
173073
712515
774807
834965
784729
747598
285800
739113
144427
894544
410739
51627
711505
190289
529841
346265
295437
793983
744758
158235
566696
665388
525031
931503
924551
161329
81870
940998
817672
836274
32948
433441
460653
897002
374947
488880
460608
531682
941696
686258
429321
434556
974544
652077
773238
681793
707130
66331
980127
484885
980115
831381
541251
771950
5517
364950
713201
100228
733044
545908
602238
399243
451013
604863
90532
623515
308471
440998
869824
104811
729145
486300
153814
96697
978468
885715
548053
372192
958007
105121
331337
136692
999983
644301
748807
277335
697329
752051
94396
354997
69249
592585
892864
934517
715912
334255
705498
332982
482912
925630
304724
916933
106496
502807
314639
9923
882553
895495
226856
102985
750470
300165
269379
251707
976053
28503
71460
642629
656249
350283
467940
255839
985648
225563
238995
456859
438316
320650
6673
202643
437989
730264
13535
640978
769177
585454
355172
499842
580005
198111
689113
98694
667094
880798
245496
871247
782221
505089
226769
532388
145955
360079
416614
169112
938229
453697
126612
159688
314822
615079
76611
441943
99828
569662
574221
77553
277160
12974
377321
227583
121836
550083
405044
561055
881747
966608
745748
836044
860898
574189
253536
91613
153796
51967
439241
125680
357925
690890
120746
271013
51810
87829
257062
15647
241364
68433
377574
438413
925144
493528
204919
226221
376239
855619
263381
434826
161498
647712
394710
72940
629831
723724
683392
997503
314127
762543
708435
241742
618653
757893
24199
227799
569322
890610
593243
820212
581865
278871
583256
821475
404847
820127
693447
635225
258831
962666
958970
709630
8452
510186
341219
467106
973286
736670
931932
233163
35943
208699
806734
790115
608842
506635
912678
879455
52954
617331
938465
817681
313915
47567
994331
778791
976296
671499
950121
624771
401824
806489
439940
325180
663403
260754
187486
874932
543823
64570
528304
503986
212878
65000
644882
859888
450175
851905
162118
597141
65830
764657
299718
169320
126020
116640
35639
695710
401228
724507
737547
50397
480774
52405
499097
442950
691112
643708
968
649411
412815
651566
192642
564688
581997
510981
583317
237437
465962
924938
2419
366423
29657
45556
608271
757333
143781
356076
308150
997779
26959
496153
349059
935631
972638
654352
451935
633417
500168
864356
435612
956681
175966
597900
412341
197592
975763
267966
900351
809984
966494
445230
628789
77679
586330
311774
336582
928480
979949
6663
553150
469362
592572
949715
793197
872421
590095
275354
718107
54118
699157
996022
70915
324462
102253
728153
204966
558001
535225
953408
492224
501746
410051
967213
352190
562183
151167
267013
761418
113786
763855
109683
370175
146514
242114
784881
257485
797230
556637
406103
431788
491895
396327
605254
546789
182752
138521
848604
864561
756694
612414
527434
112849
718575
243062
928703
473301
47792
758111
905354
114481
328483
545587
818301
147380
69653
234155
971008
680178
802935
648497
503081
727221
19228
19431
913713
153826
998215
404569
805924
864295
300640
476286
895365
1463
658381
880351
625037
58257
929174
753571
365190
546678
698734
703201
861569
9656
38417
814844
997344
726632
49848
100651
247002
287969
823639
150624
791781
966078
344098
477596
330238
361253
80857
276720
398648
87106
261443
703590
908866
111721
663391
309640
88171
340687
994296
342039
300440
604499
995660
18486
946397
643588
440466
72735
935436
107873
5287
363509
424817
864072
782759
303975
538767
731828
154072
247842
264637
495912
782605
466715
275016
772013
160220
462495
937343
466336
502797
416647
711430
434680
472305
332139
848858
854823
644664
113781
805483
59110
147154
560881
620306
442797
901864
70239
615732
451624
430571
294442
39697
666585
458291
868638
254122
491220
83787
160061
890634
459643
924179
826323
361929
820534
837419
688457
891050
843294
939329
423587
199963
198405
681783
197228
88061
225901
764334
652619
604165
318276
275
174398
455841
813641
619647
831321
33175
448725
518585
838452
293389
208743
656080
792670
323857
275834
146371
476850
759322
793487
559593
143635
168494
969107
762193
632632
712404
393775
571585
5828
888978
12622
390744
827703
804206
871697
457779
831341
820985
920791
122820
349275
509909
670745
294899
790857
560704
189722
887334
429740
454560
305015
394467
866077
45528
255949
452757
871411
711974
231807
665839
332502
508782
440128
269899
627791
688245
970524
260859
670313
78874
387633
486947
764435
675916
960636
323016
113367
667165
954324
196858
949738
327544
314249
53123
193695
337019
956788
183314
615248
53712
511644
213926
195991
81404
154772
274347
286183
878204
813349
153882
28848
259481
100488
625476
844468
667207
104542
5062
475410
57376
460730
7039
268478
643212
354866
161684
546913
629713
75502
55850
433706
221329
192864
36140
729215
475440
105110
593782
96648
604132
217640
764629
443451
122587
298698
193496
926932
581917
423283
383864
704930
199427
848876
706052
909230
751038
661160
732930
652937
804035
132279
28116
840739
235843
668579
80640
531615
288347
238700
418008
285429
667605
990179
901482
298189
757427
387340
623035
318424
242568
849696
53273
734975
531444
728969
40157
334049
274135
30262
394871
412506
451639
201657
874897
630405
818946
938545
976892
219312
686634
982543
394102
980021
532476
684340
638815
867439
241823
746686
993409
650332
515583
189131
498780
470699
601230
31102
563394
645517
934916
821236
239095
535753
964437
87042
154623
63270
569531
831245
924569
283586
234082
230357
514217
683220
720994
712971
530168
704030
192940
778374
448135
784724
758128
875767
437263
345085
455165
648377
469876
975068
359531
533257
718974
763142
770529
21274
993659
68841
931812
549622
228553
652352
848259
372559
321237
497982
455374
839124
225105
741863
953399
811775
882654
371457
16169
346410
589272
139410
279197
924629
155499
357061
433344
770357
475914
845064
421609
432082
754987
24599
311935
45613
96788
915912
557943
967911
531154
85458
169267
604005
956425
594516
674166
510290
101487
284235
767164
578898
466563
430270
310445
136309
904636
165204
370623
676956
624801
349951
70884
61322
302238
519414
207594
294900
713151
201887
980117
97979
487809
203444
535235
194780
641881
309447
257593
396703
703043
451395
190285
163168
189104
266757
115433
818910
328873
807736
766800
247773
156870
53538
698967
728856
753019
240227
840972
933420
318676
347042
491372
130442
237864
171247
160251
840317
408424
339967
91798
170745
61457
949645
69494
502173
317117
285765
63360
505285
77563
815974
380259
312029
870527
228047
361289
9863
998970
243108
426916
642396
347130
210436
468422
795391
838008
323164
320394
929188
660110
852241
988045
635957
491815
120096
204489
790793
780484
46919
697264
986585
637125
473218
950620
344775
806362
314168
106960
34996
753768
866198
847405
93066
741333
942271
447513
270323
887922
786801
446526
591202
175315
171090
846276
776556
651716
527109
161392
28533
43182
658054
556331
547310
416949
554455
261444
677591
770582
345500
310052
902452
276746
426982
516088
151843
642742
370612
775357
716967
695793
170734
71773
369269
60786
775547
834215
578267
251837
750232
877351
362653
935305
931194
812806
312033
148500
602950
637662
924621
97146
501555
929474
376136
4234
80936
331885
846336
634912
549554
893907
194511
861954
821390
541365
433853
185423
363658
198656
212048
34461
634412
85846
964435
745819
829619
923114
533941
966129
500088
521691
553072
815986
840162
843589
676514
436414
165633
599506
11735
164961
633911
829750
446627
333682
287471
576660
239366
521411
704806
395159
165856
597030
977286
899169
75350
55711
971517
870497
381902
246217
489764
317305
639867
884710
775213
75724
339433
248488
199113
818570
148889
737386
872227
511164
650181
873163
791390
623037
847130
884459
585214
845760
563359
906404
734096
347671
978486
841390
496423
400407
362498
775360
441807
240922
511040
502046
468121
379043
548906
496238
450249
584324
872677
248385
179593
168262
354261
329450
317747
672849
746015
915522
969556
541284
15267
152064
717276
397027
35486
302567
2625
738486
63375
610529
705512
645033
593024
5355
248156
435625
418824
913936
127888
562042
491838
723045
387019
820103
627765
505820
324524
209773
763704
750984
169446
766867
203765
209277
171786
899486
812525
284753
161311
626455
360153
332158
553125
557636
175093
24416
976363
484125
41943
642266
434262
393762
926176
850586
611842
433310
641381
158406
492312
865695
360606
104208
446648
121307
871909
329901
629443
213421
63566
882068
828791
363782
704116
964870
7494
874029
410914
652121
690759
125221
313833
236068
20103
749072
261677
725881
422669
469924
25392
455958
36118
493135
251346
659772
333836
76974
528773
583620
864671
140615
659823
149963
916421
459672
476088
778781
868087
894326
786786
971835
864814
920135
456230
121479
965698
467692
418326
835936
291658
277285
993783
328231
330956
154512
893780
902552
122742
878035
230776
741767
158286
982995
78622
11510
532639
604671
360338
760638
674181
204956
289453
489739
99402
830721
851916
814101
124771
59044
661577
846954
19173
743065
422750
701145
362231
248459
80675
206373
434967
574945
907856
148232
611876
582757
781411
445879
430670
241962
217361
215862
544075
809917
390893
375183
902792
353009
28520
42725
612272
495751
362715
883700
980736
243111
733119
993165
124990
43768
502351
146906
943445
21809
573942
209925
871964
484648
682274
714413
81261
116089
912661
778963
284791
923666
382299
416081
787061
849094
63284
717746
918677
568709
405339
694833
716170
390851
320855
721949
580835
834393
441425
433874
542355
794664
917419
404387
625847
844528
428246
223451
314787
697447
543054
154898
801618
648402
381676
997285
377827
429916
513886
546048
931263
35957
802357
18895
972659
912024
494792
616430
421701
870076
467041
815036
373728
878067
895035
368839
300141
554148
840890
815928
710046
517839
504305
164024
363681
93458
149868
559500
126018
757884
789235
846506
644343
494020
475446
392272
558328
979299
172236
433363
68517
895042
501328
438147
716042
886969
676283
911086
158010
418751
726648
3623
125261
555591
17056
730238
807658
640928
365382
498888
620065
82098
960731
40421
690341
624514
845323
475194
304195
501086
188301
871350
864890
105886
117668
403954
841530
242122
275422
410789
58552
689374
91036
985010
126447
391984
740661
34576
193227
549516
877806
915250
970630
479911
946530
727821
761725
802704
67066
282087
496313
204125
679897
385340
225909
611737
276114
468025
389398
673688
732224
448257
184126
588550
345845
272800
238037
831893
888632
137135
25837
53085
644530
273053
975999
506301
88694
371231
43109
760630
525862
228033
223873
874424
105025
347099
109615
909805
579742
926177
917246
946016
410452
661495
154668
892592
248242
459382
772799
199001
131700
893968
867020
549020
24084
895216
962621
332428
910878
424714
85465
699668
919702
573040
28662
928200
457384
55464
950568
924886
835
937384
550214
575063
409779
786804
981514
512236
521914
849467
54863
669162
338454
566837
888855
487768
150176
40151
363298
62470
310883
322769
128467
221804
953240
869357
388346
17224
402819
156546
353243
585944
496052
67087
769110
889233
989386
25106
403609
24353
147030
904799
935782
301559
614998
161365
539363
371300
916678
838005
552588
930693
185835
898612
495252
380674
617946
749020
551797
176329
436075
87051
712959
706725
357399
997324
189178
608398
566035
979740
950617
421175
114248
112763
822011
862080
28364
122039
894592
602187
339358
391251
790230
148814
339568
708204
845675
18573
252420
213033
600271
988741
988404
57390
675583
39854
295159
783837
427939
246178
137351
13278
12792
925563
69768
921494
737064
735163
901000
474415
329904
797100
426777
691020
662664
237930
37077
696874
676580
460366
710928
450473
420888
492244
600179
895880
791986
202189
811327
656280
816318
900556
571256
865283
672549
201759
662675
328140
397793
226240
278092
305384
21328
745533
160191
64781
753959
972913
252982
239801
930383
554271
582989
400715
449133
277392
283525
943339
399243
683480
936992
190012
266769
616407
519670
694746
178579
681525
718266
372072
812264
153845
737533
754088
514888
891180
284636
397806
648092
474564
363833
701495
732628
149877
461114
915489
689903
934846
736352
69037
783538
996232
680203
685091
81613
138707
342779
795008
681239
132953
7596
103920
208839
74106
659045
210231
694088
395141
699355
326714
353913
100369
292151
365196
100921
75502
722460
727444
652405
471819
105669
765112
313693
26116
578682
137959
370052
577393
697438
348448
67439
515081
929867
315530
885008
160228
360248
504654
274475
736014
2311
712008
660172
620906
718445
686805
321878
898816
647721
482340
473243
955747
975550
571710
686266
747784
885786
759654
723713
664004
596562
622744
615882
402439
553850
566530
752078
346194
557812
184813
702967
214559
640001
569592
751662
791773
139230
205392
399287
707523
617919
510596
718642
466651
347576
475656
690225
951329
414339
25700
84482
355294
987142
345336
167021
12596
491751
842572
578399
137187
701832
280096
224187
949802
20339
332625
416075
586711
397454
720883
53073
76207
841125
694379
874061
110758
952978
606375
33244
365570
241785
22109
823436
532157
662186
248373
194854
829106
688771
590492
463915
608830
662189
585688
219272
665770
171412
878055
445621
154981
960970
796158
836946
830370
613005
517161
343386
335607
306927
47741
259389
237932
77589
524310
285379
46121
883471
594049
720982
16692
195017
161879
270006
818903
175406
387383
738939
513192
224297
444576
998898
431847
669530
935362
314543
971057
317549
861473
492376
597869
867886
199964
880823
840902
400394
252676
34543
914259
154422
227507
368099
415311
368018
273787
784766
120626
130059
517333
32854
370388
145389
744670
113806
487780
912553
145439
359126
360481
5478
683264
392876
638632
273101
455275
182564
215032
322420
75254
371100
982238
340519
971615
169233
53612
936083
19887
812597
40019
275582
53193
433867
757504
569622
16398
131275
309895
499597
220818
780915
149681
977130
693099
553862
336092
214570
632672
874978
296765
574461
236470
367859
325766
577047
354430
377257
761389
101143
855453
201980
601520
808509
943248
964259
654260
794308
278725
876419
246432
477189
876544
387604
920622
44992
687648
537871
322224
275341
675228
390500
35596
158280
274403
312691
549198
100050
421300
362572
994865
569599
749689
315728
274034
866259
919000
749171
805657
934188
592714
926396
464071
178684
951870
706505
206312
902338
499323
989556
336240
233973
802694
248123
171532
761382
435639
103461
132330
884358
547834
383387
136937
161745
841096
657391
833512
936866
857878
765008
835257
724262
654761
889666
830605
777934
978976
462947
273891
455938
12292
78880
1256
578567
757040
997449
736078
44572
476374
899373
847523
208760
718295
620998
954656
110642
224997
745828
241779
493950
511662
900174
833964
599964
262665
415349
96350
676511
479825
563682
86726
987371
569113
86809
595215
691870
524687
74019
27162
276033
993260
459846
172598
784214
211490
43626
406132
378573
233673
823989
35949
522637
523245
256944
