564877
242438
549592
206551
763092
974428
527403
132160
235392
507103
177572
91618
896560
755154
401500
100885
831980
294062
108290
564416
630735
555826
32961
291202
985786
945573
108594
781330
608885
410579
511375
572690
992379
715431
498988
983573
314286
170316
232737
451534
388549
700248
13000
30814
908337
80814
56449
775731
626036
686322
829849
285519
822407
148523
538331
782648
996243
801153
813690
430900
327308
310809
53777
219143
259275
878406
901755
59583
685407
627178
834015
484271
312876
160614
988097
304003
641189
572432
930028
400963
3058
396142
710985
286835
833549
624644
229705
746579
605433
45857
469326
499507
718685
336506
1286
586699
76696
910508
407323
132221
896729
337229
223792
115685
500159
422601
895796
17474
425611
804615
120051
496536
831502
648119
555548
487390
628112
66967
675969
687812
589534
248952
177893
817158
79674
258088
150223
257723
692501
187105
443917
620163
93546
250543
407398
827999
12701
187479
591969
293667
820262
249667
908072
426195
297878
267332
883915
402278
331415
943738
278547
372687
514511
396313
294968
477075
917005
269172
384459
256119
161107
717511
994322
756215
728506
842170
35792
10565
667039
839245
193109
346224
5593
791178
951332
558468
561790
494684
986761
527875
663642
562209
74608
495309
650260
621323
981716
275992
62616
179241
284084
98826
804227
546730
176875
48681
237436
197819
498618
643631
398847
53980
184422
925367
53214
954086
546756
968529
927597
917881
611472
164665
610683
650072
135370
382184
153900
49847
156736
790199
591473
940680
394614
162452
363679
756215
330504
936184
146164
150121
688780
519085
213781
922416
914645
236186
816007
255166
404455
507001
527231
573965
368648
595718
616406
242934
368206
843289
855022
909867
366302
514306
76183
39749
163555
565545
122717
196326
699598
227767
851410
877634
958723
574448
669184
405675
898196
594390
882565
765146
108249
467299
725706
691420
761871
649802
110349
60474
100970
608265
612096
315071
416517
99502
683063
753417
399575
156572
432570
977613
417338
77744
182628
849677
723744
707298
830810
368207
901109
867881
248583
729367
198625
521461
547009
224470
445173
583704
917596
819540
687557
566350
148212
876965
292926
651007
86745
379978
455623
151605
253429
945760
118904
635409
626280
391325
743270
158120
713752
3432
636705
487149
657587
798320
349467
815576
370936
201423
496674
597608
791863
217201
293870
828102
153783
205368
749150
801710
175485
166817
22666
507685
28980
873140
855045
118104
968238
239522
157859
993807
96318
777684
321293
83157
915414
969373
100085
287121
826231
387161
612456
292589
194182
511002
972233
5847
239221
55045
89380
23639
612913
268112
19253
44508
109241
627799
368189
376917
266068
902708
672532
844849
569988
864109
261082
789243
905828
120151
744628
200435
388998
82646
745332
129867
778611
874666
795894
608894
821488
372468
110150
361736
946463
656085
17350
917843
722443
472657
428680
97804
145705
849433
114267
858945
797875
202741
737073
865024
420102
394167
866845
583949
573996
680766
142736
98229
840387
953946
621478
910181
508848
818687
611826
837349
538983
333626
852294
612170
108127
777142
527236
364411
200444
275775
324717
486261
622395
202016
69063
21184
990510
826667
630318
997247
43758
667433
505545
606257
219950
181489
181604
8914
451761
361
339431
186843
165580
184666
721607
552394
646625
97761
426468
788149
823454
885922
144982
966461
442838
355286
349120
103079
666358
13078
395862
850034
313428
210357
808146
974099
500225
335245
224250
410221
123037
378788
513017
47572
932183
131428
169816
50551
252646
512302
659159
149394
243443
546375
314616
12126
166634
285396
772122
161987
975780
591561
149236
631449
709661
872699
269358
703546
226344
812520
483085
435168
825985
983094
781659
744395
308064
710764
745921
68971
677075
665276
898679
120001
642965
733781
388564
234482
792246
378166
39631
649374
736875
599313
491674
864160
403647
403371
144254
630998
12362
350426
843976
30222
277767
147846
75211
55286
927519
363788
656574
198678
117042
885882
128965
790756
803717
889414
580520
126219
390655
53129
674510
845787
693573
738080
346148
107915
447723
879670
353492
113509
525510
765790
318541
933222
815558
594582
909008
889127
801290
520094
934769
785276
817452
898538
294374
216374
16763
149372
100621
90490
473589
387138
592167
31322
112110
537376
353331
29963
835499
777567
864278
889009
561245
980884
272906
610622
490211
596625
686539
349549
754996
896276
297208
599699
225963
962995
910017
326470
237062
559958
921523
362181
494662
90408
296899
544803
912724
340269
258577
886803
856190
282624
197294
153437
120583
151679
71567
897855
755057
535218
354081
636572
853755
607893
483085
632068
82737
39254
80966
467943
337548
355634
106681
623741
921772
885216
429541
561416
986746
792514
845999
166321
719639
584177
945474
241053
65542
756509
531012
454485
737448
910623
390440
193794
609529
169756
135852
4308
376785
136239
495662
215905
38404
796602
176631
47006
775663
734050
965732
903936
16645
473053
199894
424594
991271
567163
593557
652237
517153
299705
661151
358635
616217
492134
578193
716015
266402
808155
927334
274602
187758
635824
752371
16590
805359
735962
405380
437368
514904
568834
554036
458892
826756
819726
229117
218695
561978
851719
880142
107685
275349
353183
291849
59046
403184
24540
411929
661131
14163
470900
235732
558216
425979
320920
651687
174563
697253
82562
56677
518525
948234
5937
310400
335161
711915
831232
459493
358079
923373
833353
315654
595980
774578
509252
582903
262258
915847
819318
886724
214345
67594
674438
831631
872441
359915
68436
737582
958710
766295
446914
831170
614085
864503
385160
473552
287707
776972
45616
459243
479185
57921
28217
575505
527266
177866
450594
952888
627244
523298
512900
824916
834623
999108
597791
370855
565982
846554
330837
361226
128355
358065
457147
436721
10724
625447
367546
68037
677158
173482
90682
628810
547769
462465
554105
776242
731978
315002
177999
528768
132948
298503
534913
307905
544282
702511
41075
581358
757590
632182
595296
486895
819474
800792
413173
116366
258456
994408
53102
95703
532920
606339
189353
224198
269391
720316
373232
655701
863117
155659
700287
581810
768696
317083
837399
410323
295244
689675
396768
596900
548130
693429
421083
268342
693987
430479
766223
802606
441554
374201
806865
940061
563540
223450
395608
125281
62204
291109
769433
32915
556388
196475
972200
566041
221975
773424
769686
913292
413661
602717
255709
550256
234633
847355
306970
533018
856695
814734
885315
500179
631456
680744
732102
485728
120660
7019
320103
20393
144378
332973
908073
233341
678375
485159
590368
955441
124728
263837
710422
625658
637355
141602
48838
639549
406817
396057
211198
8086
325489
553752
753288
455584
273980
752428
432832
574547
989945
601493
548379
521239
668614
70133
857669
151231
201583
445452
705217
754517
615980
457324
170727
229455
19871
450535
953759
540454
957633
246642
323447
642508
145469
981265
663697
549407
506557
325176
243329
913527
152489
580933
202187
742210
823810
619652
308152
313758
847587
92275
292134
821119
961540
521227
174925
972373
672036
790700
430467
850245
995243
220182
97078
150585
806413
392916
558486
905195
309857
462424
184165
93765
509483
866669
788628
82632
896539
697860
909738
297414
846965
609670
251638
510584
475358
18953
825043
207324
732025
606482
739557
98474
134321
520682
617697
493461
405361
785875
407564
350871
906220
765817
531439
574229
548258
172677
771549
344300
812012
405133
767099
145567
792044
714722
510822
953690
959641
828708
333044
717537
148480
832838
939644
873898
93402
400561
176304
555149
742291
968242
384205
218870
567309
620008
679185
909981
445792
807024
897157
125449
805588
295361
35493
907548
889609
552859
565474
921779
654844
964788
449449
570153
898740
575895
291239
617427
857654
519346
500110
151091
144069
879693
495151
24882
421305
242503
113950
425836
851386
405831
747318
419959
579830
934230
112715
373635
827478
496443
695649
899711
794384
413475
911240
614229
643203
861994
419728
153838
722821
915099
570487
690565
226118
466966
353253
136606
858006
946725
150844
229486
698311
606020
282342
768615
113612
236253
539006
99114
322677
380913
222426
403717
486358
955575
150285
759779
776491
755824
866378
197211
620608
184313
994756
83574
627453
396708
974223
781131
85360
728709
979514
471983
787612
282430
894429
557523
354474
635347
731933
812366
703420
644229
294030
898317
878498
562332
763146
255954
691910
354990
114653
866390
640741
73941
332268
860178
997987
134732
637375
447932
615002
150056
636461
17472
819207
922659
789243
596619
683580
91109
43270
801108
521909
305683
180794
485300
859489
279154
797370
645464
65193
91190
87873
886859
875940
920940
566544
653028
816495
550654
974637
872564
97779
98493
257769
700708
261530
610197
628183
926086
350525
353306
585192
281004
594883
749453
879234
409373
313683
742784
362239
501095
586095
144166
308557
364999
871288
519904
704969
322326
590194
5663
525754
548326
767601
633102
400776
800524
206719
973384
459712
862139
640805
512867
391014
738314
743542
264810
785484
562205
890337
183855
748192
959507
135980
820708
20011
306537
140953
963921
147870
32020
117139
368460
572237
931914
771128
172549
627583
902840
944041
456932
218383
230836
27702
368914
344339
748901
105760
452705
557970
485448
190279
443652
694834
520026
173451
974930
685196
865142
963941
664737
600403
928409
845969
704444
193321
869756
109174
550466
874627
392321
21888
957317
693875
114797
584477
784872
102124
372515
869822
204871
614287
916021
428165
996100
84253
860370
305833
919703
457763
243951
816952
34606
989792
21801
477228
673946
317775
901711
342081
926976
126396
44237
507623
821506
350790
43771
859371
297449
650475
133015
799541
759242
36641
153528
715244
676635
786859
161045
722604
141483
538013
542143
104475
725387
36608
651043
102075
512123
585234
872601
485319
151108
303221
71518
861431
482229
440618
642491
109388
472820
188627
186607
855984
11311
114386
31575
845031
648782
388819
323459
228198
876185
120426
742320
81066
869453
343928
699504
449797
399070
739690
60687
104647
698517
997664
92338
105561
672434
601518
937743
637597
798194
140361
132226
504384
935695
497542
365850
47595
15490
197424
453328
499110
399725
197937
104940
552524
26605
463534
899015
886976
700284
1749
991582
286536
540642
706736
899436
526087
613373
838044
523720
562454
66181
670396
181282
849602
368826
474756
96317
95730
766474
537635
592731
977051
829739
230251
152542
134631
798218
107141
969316
3395
742146
418135
840567
373463
865931
786829
655447
15745
906860
213687
644824
934045
789858
463503
135463
320305
857811
707342
356039
246311
492649
111000
277553
221067
27501
697356
890403
783137
358175
523031
18744
596234
463358
564344
696153
677052
89080
178474
174701
758374
381936
936193
819638
895627
48658
71306
656235
125396
598928
405520
313252
155673
500025
636741
794818
370160
744523
865918
512579
468585
404518
476182
607036
696323
225477
782504
692152
146907
993720
558461
161818
597723
555643
345732
744271
992853
45942
180093
722956
68538
346115
705592
114400
738665
857455
344579
240570
455142
955342
860523
71280
342539
797281
720717
803178
414862
410637
640577
404104
484847
521990
706717
764153
952346
298741
521061
848255
894296
552559
169029
878385
382100
717476
573710
407678
868392
505930
599473
282022
551261
554494
800242
659395
903605
568268
277023
965651
719337
331531
324606
558778
370017
437346
877735
893613
961834
982899
95440
789346
127049
410102
205547
491191
330458
771136
673593
267250
974609
825926
462602
349921
333617
430750
977185
63703
878830
26707
750161
811791
68211
149609
757617
519977
339433
474742
128306
535466
154797
178626
715167
628953
916850
356859
284003
263046
357180
97151
18144
502341
421101
395001
756370
478266
290519
1070
853358
399794
954785
556436
966115
721488
926734
792791
284983
570193
697476
137675
446572
149136
482748
617040
588707
210151
917385
511518
820626
791971
614455
441557
939281
37662
558121
988453
838179
267478
497381
724945
107272
218480
925939
835838
442927
144366
939881
180917
131064
759573
995081
892931
849070
791737
169692
559741
426943
236130
969979
917158
181406
375938
798173
214222
97212
682393
509185
385939
454451
728812
938062
689400
730086
876763
486056
416285
394241
488384
670421
545689
518491
318394
13676
871722
170834
109184
18072
879669
751364
296337
160666
363574
308432
704173
812800
376156
190871
804358
775699
663048
398012
35551
226861
710830
361610
438270
201783
199079
944198
352432
420475
76756
610061
356069
220252
884954
503717
26506
452621
893411
815127
823503
552727
29061
434173
763297
483088
957679
759130
355704
893581
53388
347696
894901
248849
644578
853340
370033
442135
342873
45258
465615
222985
59137
945959
960971
320250
277564
937453
716379
405854
168795
632272
341127
200886
841705
144726
848895
712752
374894
775037
943010
402532
611883
617394
666941
262125
677306
319654
416932
668214
728272
413567
489052
595168
995724
573958
197642
769635
223123
422745
521400
724384
199970
952465
912659
186077
543278
317084
283060
119584
24424
964533
835691
567828
422377
570482
542563
282331
997353
352949
738865
194651
588273
90700
855173
695571
328959
540678
497263
343203
681261
170556
808249
581864
786768
856210
508691
273344
372196
934687
222258
133297
108949
820633
628643
704536
826495
702867
137261
871694
206333
789376
824457
398571
307203
778657
481254
192593
145352
874026
131463
572335
594831
793446
633782
722610
260916
45768
815345
785115
162713
442493
96255
352091
516460
286247
98939
439306
795003
53943
438695
601536
842270
457713
339791
408050
474985
50327
937042
411561
841069
794800
235978
407944
512250
492852
757608
480947
391375
504697
927340
584898
571770
598574
852804
602397
551717
585948
495921
644521
877242
697155
846183
737912
926542
525392
316755
8070
163590
760181
787509
770808
591087
927082
171440
574227
188016
468818
228765
152971
917496
790969
54992
745799
698188
500196
925413
823294
401583
660478
657785
177097
550370
985494
749834
798388
432663
736172
674950
597316
363705
356428
579003
685072
450317
593275
219709
533573
704050
846585
160019
897341
599950
849261
553762
426236
598513
201170
199867
366951
547061
923560
207905
549499
144639
775421
895073
892770
405041
275402
382605
93365
492679
293755
559428
799056
129771
734989
858592
571121
985624
65062
225065
140507
200392
560414
128370
318324
272818
564628
317771
49592
166183
629580
750743
35773
516499
803856
424453
718022
947794
280494
120917
624294
844388
624950
699831
384141
595323
483431
725739
424358
809024
611507
699691
372100
631945
239862
232445
392843
978852
989110
794118
775234
530900
250302
223825
50036
111440
883316
568481
65037
600762
345810
620272
256814
645286
761462
714560
208466
292435
350477
324038
970238
578572
707630
684427
104726
153980
388589
423073
647830
216773
853007
691651
235862
861504
337637
424649
199837
714818
209638
193951
81521
36353
457795
152922
597192
440323
423072
550576
990132
794673
593487
780626
611737
539982
700532
681262
782991
333093
84576
911454
324385
628945
510422
608066
732827
685990
705488
81264
673652
105499
559053
740694
392689
662400
355036
663613
478470
557227
12144
598448
621133
350696
967552
882464
19492
581335
635443
523004
18528
91553
170498
674226
188777
240549
427182
475927
630662
792557
236471
25126
86867
364391
165712
604967
7721
392721
3669
956520
866253
382516
805969
103475
836072
792934
190076
393305
893661
951869
323088
906144
605077
793886
540045
44176
366902
109147
646292
968510
275224
51671
448141
716203
496320
730565
274322
172116
15150
307420
711557
267163
511005
133925
836486
718498
802930
624578
707819
102941
492762
235371
677580
158994
976801
86694
323516
397527
350860
672040
626789
621400
613802
196618
717551
553281
705274
538311
857714
511991
779412
620390
402816
550449
337125
899440
740834
915133
867101
255765
329071
651736
51795
579295
716992
496156
35338
62686
497755
367446
572648
372632
452677
364051
956445
878395
713079
338833
20329
319969
39546
604619
135427
663858
351536
66776
311383
276040
855706
842062
662521
128103
815214
778823
57158
674472
518768
737608
791772
838786
909335
776122
478163
624455
909428
444556
246059
885870
819208
585412
470461
415508
992003
154790
364905
757374
910461
962624
826739
804431
644359
498907
88439
330188
221907
917371
776241
522406
723450
794290
865183
261091
570914
910994
906406
245231
130772
54828
861663
345986
133768
696624
740892
606960
780613
88090
684817
145220
670203
445011
989582
525952
560454
625272
143999
263817
767395
969097
943818
380211
19183
852619
954559
173077
153668
880440
721228
249829
651428
159561
911129
64591
349193
663367
653862
382366
832165
366213
681541
76590
923416
589474
983454
766851
244390
944902
715466
407927
745710
482516
688704
832929
919871
72409
731486
827840
250326
129700
565126
308166
406368
876828
322631
743695
770841
539490
468486
231310
593941
128171
367773
288556
344153
622760
404422
928257
292785
416243
976294
213943
356737
426386
842115
384067
224187
567710
447409
764990
853800
167164
887974
198076
584931
265737
120290
957777
249043
575983
444916
511852
220546
539618
61145
25788
708197
363661
982282
557169
838800
332392
744621
428336
908164
509873
49628
82523
735016
87927
658982
672590
361543
456390
247945
960253
813978
623564
208569
612018
103098
398892
328671
978508
638386
650002
87643
977351
743211
489520
397306
46116
90866
176869
139336
540801
841274
864008
860921
287832
567589
239441
681936
464265
370061
730368
147453
622105
537207
112409
159181
843957
342672
54819
194236
816321
796618
342967
798463
184786
324709
535062
828759
649550
10142
231470
109024
833538
634541
733977
623197
25289
445166
750379
127384
531964
784294
313796
765881
151057
353615
919716
100461
66023
803067
247499
828747
481752
557487
345555
835294
370603
267286
283646
24344
235403
784956
164620
593967
708083
359179
419492
830091
194495
157262
808037
691446
753005
197035
917115
409332
602603
909045
251359
558490
661147
27505
333781
231540
335991
962937
718650
389104
967055
299033
551516
606225
518022
524196
349478
103035
206667
965721
768296
403133
244591
595571
108851
141922
973261
822433
432052
142334
675226
861509
384486
305443
372879
554925
682568
794995
578064
791507
75632
698195
49023
138674
887924
948270
570683
328986
426563
902342
997670
586140
803343
858737
240276
5797
109562
472532
497190
405825
452674
527613
323545
953142
889818
831155
562169
668357
545334
639042
267371
877450
173536
201433
908780
957782
670956
263367
161434
390706
221580
686232
211831
310315
544912
233157
52170
27323
426071
817787
904940
888453
848651
593739
374721
431722
517038
126430
956781
642868
280844
691231
658895
515560
131075
573385
239313
633664
555319
869736
901115
794862
459525
45725
421777
951018
260935
370872
371567
185985
41229
996792
9385
944257
644651
814893
238324
711025
420251
924696
18181
368466
223641
445358
611851
593072
250421
42861
327253
57459
844467
388130
210905
736553
818091
999823
478359
200611
203884
392540
327890
397509
967313
719770
994793
295160
981123
611819
869372
22437
244880
763987
844791
308590
692324
569983
828993
703927
121164
271815
649800
987534
159155
130955
856494
182112
410082
129789
32360
655577
634170
219955
541761
442206
764082
348900
506747
804125
155253
375499
926823
67499
818815
827869
40904
221767
12107
107423
13158
740882
702308
777540
838600
92420
931883
137514
156718
691493
14897
147233
977683
393630
306184
133445
116748
102458
52244
965029
633513
103410
632212
926886
654514
589703
149003
128068
352240
458548
295932
989907
139465
531182
870470
455405
468651
959880
22193
148234
558454
999820
311973
605888
694986
226191
954930
465056
227852
753658
586553
70496
480905
850412
329693
222865
890824
998540
347035
115457
127783
758143
294210
324930
478864
958521
16315
701319
499066
73167
194322
977695
979301
972511
327969
401312
875350
881891
393842
665656
93523
700313
460012
428251
334041
214548
62787
960413
139476
236723
45999
476929
199088
61462
818890
774276
472971
840886
686376
399843
309487
879296
645813
488754
243861
81167
171098
236945
269772
303563
613101
651095
563948
204483
450694
251324
701247
75848
148481
674392
23340
213059
406216
355444
161428
524874
863338
615451
574518
171163
303358
662397
490466
452565
911216
944079
254122
432943
427179
576306
781408
585099
925619
513514
795544
32931
842566
680459
551341
648073
259163
264611
71669
646835
416492
740489
98343
111389
931111
959100
851713
814348
849233
66507
258671
953706
233697
192987
117408
724531
417293
813216
637310
328856
376989
720021
649542
327164
862817
250919
544271
202265
953894
380505
102017
251397
954450
684945
634866
671751
566448
436472
517151
76083
584980
196925
990214
470661
606623
341379
804940
328467
614510
971005
435400
449805
196223
879767
925277
642830
410648
451145
813824
806889
506723
745878
276335
621145
209464
926291
170203
504700
244652
698684
302202
908879
488428
401472
25960
603878
219274
94217
331800
985249
20171
511335
32938
690130
122485
834906
490840
610845
549230
801049
417833
306014
119162
143903
539208
568820
263692
194596
738342
590565
79980
858620
265498
516017
992717
81421
987931
807465
430256
495373
950799
891969
464817
331368
172450
87397
702940
455556
896468
647621
288235
78350
34704
651130
661880
480865
863275
225362
417368
654995
263525
119446
480176
8513
350386
734625
641508
420929
496511
251609
308536
22977
348209
382109
40752
670281
730940
415944
381665
921540
112852
684358
644947
90497
706986
456668
499718
424821
28413
724381
258902
910490
392972
845023
124145
677485
161825
459499
861100
481787
116745
782553
708032
192261
557112
25092
216540
394569
88310
472760
517483
201737
525949
448072
281649
382867
184083
370605
741242
165095
322540
462270
861093
146040
152254
995169
667703
819448
158136
755002
340964
506328
891291
413370
719970
858318
224185
863745
303126
732054
26256
768966
971733
376369
432892
94055
535444
203860
427708
824550
496169
685693
923608
639468
781741
757499
296608
575645
29944
419012
320408
884570
882930
942013
800406
409907
749535
547856
455808
690505
84631
637388
376323
739532
587288
97032
5217
886792
400967
322441
44647
418747
41958
957275
14186
789686
41431
318706
314935
863508
745042
830939
793387
826764
593164
494189
322861
851457
887172
772704
291243
410561
954697
925695
963851
474451
365012
10866
845026
349228
753248
174874
861728
54173
697525
865227
536973
181263
651205
693115
89884
688812
451534
164596
421938
641528
278729
108187
225615
866292
990729
332113
974302
834941
735808
344749
734637
655092
58343
811189
969304
49297
107484
848108
908494
562351
901980
438779
131990
60568
286284
351042
964559
163985
53127
555609
39789
467270
320734
844326
997136
25374
332569
907342
435219
794312
316143
580589
544742
82243
709817
569607
956211
982230
350260
632260
704206
822724
255427
192574
676977
318524
769051
482752
266854
769209
772010
686972
490171
824522
540935
728410
840749
683237
732692
405115
527044
76258
936955
902438
830633
352588
393232
217098
356840
398512
356635
683088
546203
672109
332193
214446
200011
427564
889837
242104
193467
392744
684031
594353
7698
839235
884145
878280
305745
503357
358281
8685
752652
272807
979165
603506
27339
29050
523587
366479
958426
910877
896048
292363
384983
583037
34093
848161
595949
868733
46906
607627
567508
390371
556352
235499
458314
999222
105439
280499
428680
15508
101857
862307
468678
733197
753101
120339
813095
112609
256498
145449
389293
427500
651879
903857
540365
128534
315920
235577
829581
526473
409015
484382
347784
707136
675256
322618
47292
426324
389668
251930
175853
455266
642158
16413
347925
662635
312815
516333
591267
133060
597650
82461
32636
867391
599142
137513
903053
925226
114750
920668
10039
437543
516370
928224
349080
304114
589316
880275
435723
306025
650765
970858
362803
810655
5493
231070
657255
829332
301188
200953
149763
816129
364661
841433
112565
411354
894425
579758
132925
8162
65075
475725
386206
595722
130721
546656
882094
119153
377538
987553
414390
715576
472923
807569
472388
538573
598460
521001
75204
704572
565563
625973
356488
221489
260858
78015
22229
671166
530749
630872
75033
546088
630362
17349
596885
96812
107017
669099
619615
771041
550788
546556
810680
928517
314760
535045
627323
65954
145311
909629
225548
857640
755998
461893
235799
144345
663469
978589
831894
260944
956903
40391
822992
15169
549948
590030
642234
490542
471119
573411
297827
394315
619859
179643
695783
868020
702573
232340
906621
448009
932005
48182
471617
638328
925872
162609
774663
342629
698721
515900
506352
861527
520830
556178
175271
568199
79359
523493
986933
696205
140918
155918
35037
241111
671319
510230
518313
415941
903613
996551
741662
799223
241344
531035
850187
687164
349510
953649
376936
847556
87385
543310
708272
67756
769083
786993
590760
7846
437201
327848
130338
764642
902065
412232
690645
327444
130337
5741
244316
437908
590416
853190
618259
648484
143228
863781
815456
10579
843389
291655
156045
620294
679135
119532
866636
799999
914068
25605
559532
397774
441172
979672
461619
350383
494867
969751
187437
167774
495727
613160
883017
687784
87015
96390
205996
411906
546375
707916
100218
887480
453385
578005
220688
162597
13086
377989
352959
835790
504760
878545
637940
429012
64000
823502
749216
29496
349650
959202
982633
185044
495288
457211
823165
292828
538917
254881
63727
546768
847467
113898
960491
987215
580278
899052
635146
173171
630090
126419
42687
564874
241108
348670
680180
220140
254322
251995
68244
323177
480370
642787
817056
316435
31436
811963
162264
139093
932614
40897
812805
532174
522210
265010
356714
288546
254995
699699
654860
548160
164591
564568
77343
411988
766698
102006
794509
186233
720988
745790
747988
375224
15867
734530
997505
981931
867248
733402
525939
491372
292200
462255
227467
202869
908547
321085
930165
34373
680082
33581
655833
575786
580958
794067
200699
294159
844886
494883
790899
843542
801103
558744
474299
144663
191263
722309
853170
456399
383950
782721
362667
239394
378189
986028
138144
681054
106436
590368
455925
284549
370658
604410
456603
185881
460113
292971
869546
821659
173666
200775
502414
261619
584057
84093
127063
856390
600110
457852
302492
862808
773157
178775
445192
578836
671080
598176
440530
137226
633112
489515
337433
215231
888474
196626
458762
982078
24754
187930
303327
749746
861368
829351
24665
943159
44630
752767
820756
251236
118281
14457
789048
136976
978361
962939
48022
765839
170461
831637
216723
432856
175179
175372
484440
677353
42728
989937
53592
660257
254831
321907
806104
440002
259666
197706
426168
104064
133090
81225
592147
384661
435296
76207
558547
732240
722057
473542
38417
928096
586941
908023
90183
169848
662181
540283
685469
342055
369923
995531
137189
610912
909490
872595
986617
954144
6062
238050
468923
64624
71118
410203
465408
325850
376644
459921
421279
266198
179038
388273
12914
120061
156283
823496
531468
761031
41914
673349
827025
48709
962687
457055
451479
857152
83523
342789
238081
272995
998049
632159
103977
147104
992084
701148
160689
934039
823984
240687
832138
676410
26644
449508
144024
645234
881659
484283
379509
927231
491940
474972
702770
928032
462142
305952
310016
346649
791951
369701
445011
352883
873838
844554
990452
366241
329711
134054
982269
317053
336150
698186
491256
615971
475736
598003
954331
262880
798662
512371
153025
347655
420640
724934
117889
537684
416581
271552
294042
336673
43058
866030
360969
865287
262862
290231
413523
456008
32199
558498
334774
458973
821877
871108
837086
451072
372154
226841
504039
123740
638398
6259
94559
205385
526171
392674
505744
621605
544302
768863
201710
72157
166344
627753
753149
250818
298426
820949
392790
398766
877479
922809
662104
721835
67214
670850
739926
922338
234251
379671
893215
44359
422111
101985
449431
78165
132303
153935
996836
339760
999022
878011
328148
449891
627386
298972
717395
126084
720666
356528
573604
734741
794922
449104
887161
258986
554095
835870
6548
700494
944515
334258
337346
26884
717042
838137
652377
630336
86880
312259
402296
734701
358294
972419
545191
874003
436102
371712
603941
17799
715976
93355
198700
261656
24787
698487
708408
734740
8376
769950
379132
971653
587815
858984
256060
176054
54708
391564
887915
34186
624397
960261
350271
244067
230359
797196
967400
743799
363087
4713
493967
832004
416227
790490
685824
1005
826177
422891
753828
831709
945972
935933
778945
253958
803913
526671
903019
647114
457269
623677
144401
264332
391666
506467
130406
277332
422315
102113
54414
92323
374655
929781
934960
428758
233908
535975
452623
706822
516225
531928
467124
902626
425319
613364
26295
108277
161262
603395
78128
644829
208714
862678
576173
904191
864414
371112
327087
734782
311513
575967
497622
1140
511527
414088
634943
243101
301057
169957
604217
406972
685844
87728
833018
189740
65682
441690
538449
37805
588150
996344
238431
151632
59803
641978
776746
598289
864235
150465
78018
556852
246641
355319
286765
861007
732636
213948
751042
560544
349218
559192
149811
42702
889872
228244
881530
83370
486977
621861
514555
307192
251407
580760
842405
844624
520099
162810
262542
811890
88720
109825
529851
606050
690986
901173
656705
923177
420299
133539
601378
686832
960406
91829
17842
362891
254478
537009
71443
937331
974222
723213
355416
98547
412572
592240
40549
422342
594145
162864
62780
153670
899489
16204
512042
951931
155627
289220
332133
546959
315927
765025
214764
779030
789648
988388
426151
662181
887581
17356
187739
998364
496083
146835
69159
959160
674643
729089
575149
21995
419309
101986
477784
206590
118282
523501
119689
530588
176628
21826
524820
560249
323555
414151
945925
277339
23388
794521
453940
416337
157969
559769
148792
156831
69889
39135
946017
261722
477793
376306
327692
14677
832477
943600
90342
733757
49706
262369
130786
482388
854263
619728
891772
94932
835459
7594
833849
486886
159343
798407
982015
666393
667463
648833
102489
623205
787515
350682
267195
627291
804305
808826
794623
735004
829130
190602
465692
182266
223218
99894
891713
613425
518933
327501
448361
421078
800666
320525
883598
925619
416454
4666
437353
81172
813171
407660
772496
862463
574712
450178
685860
135733
883806
658605
554664
35784
563977
725044
998809
205074
19932
376535
762197
460132
230351
227460
444350
393057
591810
874510
721916
636059
189127
185110
170184
362140
157357
439739
417085
35736
485057
526330
854020
408966
223600
904053
421054
126461
812872
874011
912728
992136
212718
688158
610137
213256
866331
598078
185304
992632
64908
484367
307685
569235
573021
875850
565636
967542
477683
507253
391049
226906
4666
868190
39207
52020
361654
113253
838248
892219
745854
483058
373783
505116
133241
969808
696062
979694
546879
956084
906741
733310
137804
762806
994930
722534
369191
748198
801970
691028
823105
572489
374853
109410
63667
832037
65060
851778
34846
377654
735919
300544
661782
389378
823557
362621
550415
597313
141744
620102
456560
350999
661216
401069
542078
537564
839659
434300
150394
986548
230595
640835
368665
138940
671428
995797
825637
905977
741049
278354
529343
155187
213660
928612
882535
423797
535922
487084
150423
815288
464123
211140
856070
576299
677648
958410
7856
239085
798045
191706
613547
329830
218653
533689
457290
585795
721166
142578
616786
730125
717940
859428
330623
908228
275399
201359
607121
188004
216783
942439
937970
337084
740372
820690
105205
165253
166701
785135
22717
294980
199004
97791
515591
177946
594109
919682
180776
124039
130849
723036
458937
303408
524928
56892
273491
20385
959735
666567
949474
741640
378370
644146
312371
696170
170396
203147
470448
795922
704367
963883
535947
590570
41114
60392
271444
198554
167252
814935
759333
87729
584742
201390
754081
548999
959004
517930
233472
831858
927179
162439
813556
392736
210045
320017
792589
168423
68143
251746
561344
177883
959898
563780
752757
781375
964475
242545
435229
837701
341201
294229
334044
715297
76709
794411
926344
804037
996711
906753
193368
726245
749161
898054
291972
988047
797639
893003
821092
647036
643444
15949
935372
31583
673070
195011
425721
930595
110901
139201
559285
755610
928047
394798
332730
567380
20931
324057
833738
537742
337096
270564
395998
369902
29559
827633
121484
539016
295642
661274
688747
315995
786066
189537
182898
974273
152950
78402
387667
497717
447597
512735
289381
895516
507390
278525
495725
663383
186626
415077
965525
388162
497793
845894
623593
492915
829865
755835
325273
164628
302012
249867
567528
902209
639690
490099
899003
459324
164049
513430
792921
6730
291769
919047
508416
587906
238859
539848
946476
704961
492573
20019
426015
451315
115987
497895
437087
154895
154293
516768
171757
547632
486092
965060
94335
188326
813178
767229
583711
155507
682292
302576
274959
312515
944933
59672
374327
597396
198104
804322
158950
957517
385098
693440
718800
31824
965668
121955
604997
315309
314877
880433
999641
474076
665515
474616
43847
383675
975586
244320
840272
19414
723306
89303
794239
309063
817958
368405
581798
138603
262197
857243
978066
115364
103770
141759
61921
73549
556625
663411
193081
353718
968403
261008
540856
645675
571599
594599
124746
221747
632057
819651
114007
154424
705739
232297
242677
790780
551678
500640
509150
290743
332912
323069
62042
870675
258521
348749
245852
780812
251837
283250
986888
22223
840588
307234
920324
954109
902987
834875
701365
379139
161050
323826
313128
967490
905228
173209
536082
282952
859884
87270
457906
94710
883936
443900
528587
367768
492657
730920
86969
340334
905972
50228
998395
835501
667680
107774
461879
345401
786635
550297
302386
825762
483350
373416
369103
550771
990605
479383
295371
968409
951847
421758
453202
943293
435142
814590
291236
517928
703112
589828
537946
453535
793434
44193
39970
80160
73982
601342
598343
699328
761670
684404
317145
96598
893639
26499
905715
11453
615901
309075
399865
744834
143069
606845
802277
727991
544307
14379
272926
26369
410019
954505
777473
170478
286421
758240
802202
71516
63516
52240
877679
477022
994459
807279
659971
432734
723500
217823
56257
756591
915010
533213
789127
96002
841187
468081
74646
712758
617611
760437
457581
762684
354142
543246
980361
810174
238306
59223
887110
142334
222722
155072
33302
917797
831140
835628
558813
912291
781844
728126
237885
717088
183087
42073
551971
801355
926462
169499
209124
463683
163601
130257
719453
448300
666435
56618
823444
303709
429129
180589
209285
989950
441041
968113
806209
629001
678754
191517
721342
641843
661020
779485
397655
133893
913776
40892
55472
459584
650895
30581
132860
402832
10030
28530
238394
247928
96478
24654
286220
110756
415462
805490
960556
253590
575376
127135
274080
164947
495616
646719
515547
121290
553494
64694
807275
884108
376612
958373
484620
862827
319368
127306
991787
293452
628493
410267
880928
494680
530543
725865
447611
348259
182380
819329
579189
640031
751355
413127
106643
877104
731198
316884
723137
538083
958692
93179
104016
447289
779115
933443
943191
534624
180440
699459
953674
385876
198990
646970
994357
261693
151893
395047
722886
415848
252839
27419
678071
372457
326926
894889
290411
161294
731691
793370
898680
643006
382946
938636
260380
414536
635133
177669
17507
43603
942524
734327
598038
276874
308868
199925
473226
371334
75696
691699
244615
730786
583743
110698
753635
131795
971836
431933
535913
870867
96706
736772
864444
999150
749241
56947
460763
18112
556142
613177
634204
271940
413730
295762
980914
426518
612942
878598
943873
106795
412239
243437
665954
345433
412179
119296
542867
389810
529572
709103
568947
697492
337358
460042
262727
483695
870198
64955
463680
669291
645090
253875
970734
123623
45566
315650
584169
66538
314105
451562
806226
569461
308887
353603
982552
514549
288735
237088
181210
1324
688221
913416
923562
646402
171317
197371
20592
296635
117767
879292
816608
885295
92259
626176
28641
81766
640113
691973
898845
899733
150111
335757
502921
713859
398944
656446
339773
344474
599769
938154
761519
168706
273038
509372
340198
217437
253735
585372
31004
986876
37008
398783
943164
845952
531857
524036
785755
293954
849360
269786
206775
112978
523106
225059
14649
74700
255655
614085
918994
117741
132497
520057
704386
605119
481878
468064
92783
393814
692293
232934
978830
41540
799910
472485
172276
254752
239432
173643
599081
779719
912868
586881
229044
265307
771483
14001
863134
927745
29374
952417
234839
693508
652482
625095
234665
377718
278515
539562
63283
400953
22522
611725
845022
124952
922443
735947
262101
818594
147802
135941
947834
312316
55222
193551
246978
241070
584581
166087
940455
83958
123341
667392
837344
900307
391335
309069
199609
971997
174138
878684
328777
756247
943488
206736
371465
817217
882438
85596
804157
210201
840377
421377
999799
512875
249785
857941
323517
516044
958716
454998
174505
433817
168507
485605
26244
495867
914550
517743
811243
152286
634068
949707
846616
306372
208626
54804
26986
876472
787178
770537
342577
100139
596871
918262
83673
982781
322429
406377
654331
86389
3300
745992
85516
780980
274185
763586
194498
958399
930320
143875
122189
405031
864735
207146
947675
334732
930272
493218
592853
326759
80508
77289
636208
58108
239236
762846
319809
547307
366909
679122
291692
927335
98543
345231
513433
847201
620652
735367
178375
460761
822887
709965
538940
665202
130563
738412
758681
984515
392404
615128
955229
292455
592121
186454
12005
974610
617578
420690
519065
275503
321093
596968
139510
380826
87973
959954
910791
960467
757230
260167
920379
221003
564509
743088
378878
914864
123288
478651
32098
188380
684792
5054
297509
220888
402919
79011
168893
50532
801755
175746
650594
895403
234294
977782
820656
510382
627230
484190
268600
241937
930829
964840
919873
305652
697254
386299
350086
675792
95218
194051
74097
226044
493377
892925
642067
21366
661050
872379
192290
984977
816324
178658
83174
815220
444629
604586
862052
645944
4734
143952
340719
743707
797213
867490
493680
337343
860708
294779
865910
748074
635481
12040
487232
817890
26125
414127
879123
112891
627323
837130
60315
902298
831075
299951
72859
11961
532993
149722
332571
286500
307732
514918
971497
623151
376295
948188
254819
986886
223061
995702
343655
274875
794404
243070
340324
265408
555847
607402
374593
997968
93209
322599
29513
839439
632201
29300
525546
61188
44338
264992
262652
971671
611413
296765
928594
673175
916769
63711
8043
266236
886371
52492
282907
409885
640238
789967
33246
569891
713772
944662
318759
820682
337456
229290
969696
514565
684345
642090
772659
268616
16242
474249
796423
336196
866869
913354
810537
432349
870536
712018
769130
329594
569339
52624
265484
306130
795659
250672
240518
976234
312369
780724
937558
580496
370297
13549
924338
659986
732451
549037
485583
410922
396374
531799
465714
315416
946170
206768
657200
38913
424895
412812
928514
114978
631302
626007
875249
548480
882251
450680
299882
735847
926040
624322
319651
136511
683181
552030
313498
403838
14495
377664
841947
251775
566194
708328
712242
722616
539009
602097
867004
268429
432401
504703
794330
570399
572371
823537
52744
246280
512433
803292
371520
595211
108222
852171
481825
828237
158311
383661
181233
18778
290766
669104
663752
686738
620419
106144
350672
962351
60885
924657
427006
764319
178182
17497
963863
373318
500220
615788
256073
748153
576984
900241
186066
878522
854152
545016
544977
289786
788194
631570
296109
474839
563109
521013
642625
43034
728921
862326
714577
750148
610916
556294
916997
824181
696047
229460
485057
918507
538838
312950
508633
208058
967018
987671
929792
560679
620562
263325
756951
20489
920662
956810
83457
153579
310488
719260
871922
586516
454041
719539
775136
101198
708715
430717
88628
719197
304712
943816
176150
192291
427175
921268
626461
392747
181320
794142
131026
319532
352313
761796
541735
405595
518759
374456
408154
336595
819173
729651
604743
72339
795156
31464
295173
577045
193649
421308
883025
38394
122347
891160
2051
479686
620450
779797
571450
293984
537192
739216
903485
814796
859578
781490
53701
902607
110566
671431
947056
327009
638189
638966
573632
419619
569051
823034
49514
271412
7302
948722
450933
720167
382576
760716
980985
91543
165146
990336
545513
660247
584930
444285
556488
587448
927548
614895
345116
739654
963152
309210
592259
27660
682978
431025
30521
910603
290638
427722
619584
353067
788587
733561
484910
645125
341045
740939
8819
745666
961884
112273
719591
748527
484103
982561
252724
915085
753575
103807
762538
231449
230
996468
299224
790469
879429
551920
190911
73480
692246
230817
23748
894481
891814
754365
186280
379536
428504
964841
575362
484543
775995
534972
991385
136354
242957
907546
883107
424885
495658
291034
14851
951492
458704
113267
740598
433907
263315
904255
916920
706909
634502
221017
644693
350385
817037
678827
202779
399693
393750
424367
953749
414560
404880
426342
44408
464466
725588
268563
229573
11677
210641
102480
73950
460633
687014
365973
377339
850071
193106
986193
41108
73620
630394
32052
370234
505827
417944
81058
836629
330823
353949
121492
169185
158837
274909
268123
35088
439458
695137
29584
435061
928530
376779
609204
67767
859382
114489
630866
987596
56222
645954
376183
620487
310803
410451
185487
144432
264278
885873
865260
756211
616979
379343
639359
621168
5931
882322
36121
919756
267487
425516
384350
604644
375047
852134
213526
478110
699854
914350
415042
321126
9038
86692
759107
508074
106554
703719
770873
926647
282641
258534
914676
872910
934047
489644
775092
595164
380804
171381
936351
278787
940728
904515
456745
430514
25276
699024
572416
13794
201722
791526
911699
913374
696138
356201
516093
187446
59852
924880
630189
497898
8022
900404
322634
339874
718535
989028
874397
109231
772336
771024
909533
814481
767111
795346
93154
226182
375302
448730
942240
42690
934887
395117
668736
440205
214414
20327
931100
735815
676087
992790
179207
64369
930855
559576
567249
871149
735128
110638
566352
711153
60746
26374
259636
56119
871552
923357
615515
521128
759610
209143
18111
364519
157956
719492
437359
658033
343584
962117
753877
394735
913060
713900
521304
162665
392429
942987
691031
834547
764186
372473
423882
201069
894512
46033
349941
849908
287086
522313
546526
596570
5746
704378
304869
808840
454022
159222
472792
896939
553821
765736
639881
688112
402239
787657
979458
31395
54828
779790
69863
787790
364020
296504
23294
29475
831152
618497
490133
779474
762078
472800
3039
719905
292183
119433
657666
995676
506393
690394
493380
470620
856420
681502
845863
573148
553327
590170
301991
844919
57390
508901
369011
418900
288987
861235
850891
983871
167134
661467
181414
243641
228834
509584
186719
778423
147353
565429
426546
114039
588656
81292
613797
794448
414501
382312
935433
299955
577370
390279
986025
455894
471481
744691
411908
471288
54949
82281
185299
730781
676903
416932
626008
73507
499068
97372
316768
352225
838954
939295
427290
861339
406467
310674
215983
913952
290009
935308
510585
229858
183294
200122
488015
497521
8255
932174
259995
74080
530478
415420
29805
352361
920538
597626
112768
756948
714838
329232
177022
179454
470784
747128
240743
768220
300314
828798
376445
99387
789006
43374
770942
673230
174708
278747
824646
845929
518961
607238
723155
307495
588172
908927
380105
841862
612004
998493
572907
520895
488239
905624
982576
450190
743913
104004
821601
845170
950970
510603
636331
93521
627962
609094
102516
549668
390126
883376
604115
537330
156921
261614
373625
603670
900386
69242
997542
337105
84773
938044
101325
557744
774408
363242
111792
900018
54702
431360
341940
325714
914113
364180
510164
818150
588183
799381
880307
909528
625347
34770
237267
364637
365855
18581
419471
675655
26788
725066
407630
502685
535539
246386
706597
631107
271948
532663
671612
514442
794213
577003
269766
907751
833962
807083
175835
837586
432889
285227
903461
975424
725068
435616
312323
393860
393581
116493
607141
69355
243332
820246
925469
35601
861699
107925
561500
364027
303051
257907
484539
908980
45223
700698
86066
204642
687669
879027
715695
999091
845830
318827
303746
791391
414520
366361
145604
231420
382242
55080
802039
157478
567428
221924
339030
548337
284336
147612
32569
631535
800118
322702
764644
470542
558165
731289
45997
101806
838003
693474
865550
527401
357606
324860
160504
418550
858460
136357
19148
539395
268221
281872
267014
502923
546082
921009
424136
870710
326700
169835
382922
774469
898014
261250
137852
480928
881080
625596
907345
97520
590447
222610
823855
744363
518730
916833
211521
33540
94578
798851
923137
751514
580261
555560
131267
965626
119675
89891
744728
68443
252567
192829
444628
243366
695033
271341
69442
465043
477059
324957
702259
220498
257542
155754
498734
286285
590349
981208
61524
905974
22722
53344
421136
186985
74705
988531
484811
469266
980972
666329
186050
443065
113948
872962
285685
275339
770167
780402
683511
213231
910482
211585
556999
107215
196493
328198
138258
853529
385226
530740
33605
934642
985991
620035
258904
6429
156736
770053
148809
345427
664954
10599
409148
122400
162578
327522
974206
163708
422497
391026
123761
302149
254716
207901
535549
735010
833763
953048
832539
948060
386541
677244
406049
592945
779939
550319
584353
565251
268167
734477
304911
651729
478265
113304
849556
714157
58494
621426
94664
747986
932072
800099
294575
295672
757035
711954
851450
783654
642874
289580
41014
481793
790867
308454
868945
147622
328549
796272
998349
132377
405707
327756
83108
156855
123051
700755
473738
547111
678223
19830
778442
339814
207769
320957
812330
256665
912853
134612
967118
541131
418759
406771
906139
907409
403483
268179
221920
828812
76741
441808
374439
394835
627254
167828
431098
756133
557620
714409
687915
101091
256988
450452
364468
952435
596880
330409
448325
217662
293615
309028
179215
991762
489012
720552
187774
737415
995097
194441
26843
311204
544973
8934
163814
356331
959630
733457
280619
794144
679263
841247
685603
654718
622245
964775
151451
386674
95513
961383
385039
258002
229397
455081
11667
689661
649735
644448
8879
107685
975388
853477
733823
674557
847595
382239
416789
39290
68792
139284
622420
156220
841526
649165
65081
124755
647256
665928
577623
904602
279241
193678
744075
768763
832919
151769
120581
898772
521867
990159
399070
382334
795145
567838
228397
420213
817722
353952
96321
181634
889174
536056
122032
717648
187439
470889
694346
610986
846340
678106
125114
700269
748722
465088
803284
104168
863982
543888
713971
715016
607031
193476
994561
669305
747393
476436
504200
258285
452660
629971
606979
738185
951282
90465
344174
549777
766173
603549
355830
410738
741398
269867
875444
850069
72842
550325
657748
830100
593174
759912
468345
885050
586541
71182
285198
638909
903939
61167
392146
633996
269701
552516
386566
394548
675832
307830
393111
221332
552734
168546
353756
352474
716246
265200
32913
155475
590539
956260
173030
751340
274203
41796
19438
265130
491626
701929
219377
48350
757332
590579
991347
992990
241900
278401
345052
374423
628495
198845
420499
358594
474735
444995
554829
129363
559885
8885
867424
47660
393850
772179
48101
738785
985427
283906
116196
609780
193881
751497
58287
224366
839408
880926
496487
347341
971847
847006
227207
274214
917369
343510
584204
315918
387831
108479
896679
918499
111654
84022
853951
809828
582407
859791
933251
857978
909866
385020
173900
158755
441915
890960
86849
336767
597614
998907
537226
311391
696275
883481
285641
968997
385423
271992
866546
754045
346188
729655
952994
345995
154470
757674
305098
712856
31081
991713
313814
62924
613688
336356
589440
509425
998840
183263
291595
419800
415077
409886
76273
106289
329807
668810
91974
219824
518666
516892
502873
759642
800765
673744
499145
488092
367915
651836
993454
401068
18585
563723
92953
60268
433701
260154
150032
214182
157328
241499
909576
40130
790584
498982
653675
797360
830336
861973
906183
600223
722801
172849
874998
536342
284485
98211
199940
665028
740674
769836
653353
932133
130047
614926
603221
179911
49933
907379
83304
808901
3636
522698
704726
758810
695422
274467
81836
30046
913137
340215
201180
92826
491598
469476
662827
639750
545580
632876
623619
508857
227202
534677
171729
216718
869813
36672
260914
42065
680626
326714
775251
432276
509751
564335
755117
539258
903732
922938
319802
950311
775692
531568
273188
49526
799056
958901
947810
313771
304821
194448
60151
927576
397489
282619
581874
734566
629655
69676
16333
31395
629757
94514
97282
259499
54581
904237
488627
836916
402710
96747
720089
298041
709498
564443
20119
919242
746201
792794
554764
515383
213058
334746
26293
341675
841880
315553
158391
944952
70827
621467
767490
751091
225300
228176
159336
966009
528691
417203
533170
119954
617071
539858
544303
977862
86847
131930
522001
515885
854365
740436
299862
124290
12607
480460
896910
267277
345002
179469
828587
258567
264865
577171
654742
839737
245120
376183
52270
405521
541205
884071
261079
843869
496249
102683
711128
349712
39214
804514
648484
978360
493203
546678
626500
229578
989161
330698
355135
63524
498149
621387
891329
333498
995041
944228
736428
788168
109716
59295
205460
371777
615582
178236
547755
12512
140276
772876
647867
278055
846625
422016
268004
503203
194672
188219
205480
927834
900121
956504
19821
861166
816956
224276
692049
796528
678841
607832
648529
749590
290821
793748
806946
633412
65761
661351
378102
540798
499538
124474
171952
128957
482713
694218
970137
713257
894208
793074
934471
275289
515819
925741
601429
338714
591588
224751
879580
543542
269301
523828
177569
593294
572722
797951
92818
256772
698749
830503
442646
462652
528610
89285
841654
504203
836275
397562
700338
440798
482625
751864
451823
476003
912970
717237
305208
318802
284142
679774
44072
977219
619395
883522
421851
843742
358809
259292
368079
677017
312199
337038
72390
341132
253486
634999
191443
624502
977504
45529
83306
699720
812597
382132
430255
782291
390626
336653
111283
386629
847793
124660
72672
267545
17182
640
539538
470636
355888
530333
250852
448842
461233
50547
208435
299914
655889
934044
281315
341817
360069
89379
649117
160361
832994
460316
681458
785858
742499
952409
42503
408992
487003
439448
279279
439343
591423
420374
441493
424079
363496
574519
511323
626189
6947
732832
808051
214903
3686
915179
250328
15677
41600
917106
170293
778102
684321
880070
957450
26397
436495
12811
182290
229068
352826
136677
956903
37277
728092
148946
817321
745665
334067
346825
132279
271115
1529
54848
271406
261792
967094
769634
800612
427398
637847
452695
432949
519931
335575
723589
612137
891433
174486
80995
448431
469639
613439
931690
491191
407991
285963
792489
13180
59462
891630
569702
100426
627229
707805
340873
908800
937286
557200
61954
112537
884809
301055
133189
142304
327861
478742
553396
602052
379474
348218
669867
849565
362540
878034
614880
520991
895488
578445
370693
817389
231474
100656
38003
826101
492344
406721
499882
922809
552447
284331
440280
51683
386810
526330
541901
945810
106088
156626
89318
8029
50763
771597
191246
785460
737448
42591
968441
566222
564349
679126
921475
496580
322321
451597
423815
615108
684784
743977
765843
43544
98337
694809
824808
150728
740772
550086
853010
49367
379675
730002
365088
662944
491298
67470
298714
75697
438348
228343
679291
9384
585072
911016
235838
875400
332172
721535
541103
409619
211703
797949
254834
386100
332854
737229
389637
328450
700280
272457
899559
12914
481294
987693
636956
604005
886579
491384
577528
707659
474590
51316
768373
661079
824408
805321
245062
709709
74524
31921
157385
176170
455132
84637
609456
44437
456420
936009
33112
418238
53135
195686
76545
107554
7291
50099
577040
233714
659260
997875
392958
408568
160612
42558
229923
290192
248298
812328
582770
173840
501795
572249
113369
269443
488715
478375
138281
881126
407475
356851
656722
151477
768034
540702
237851
154312
41422
196471
199433
584076
255230
643646
989594
92342
612793
423255
666003
350772
28588
652109
744230
590228
574631
745631
414209
264510
935000
302827
399988
358548
714462
465361
294598
970130
660326
179285
935525
8107
509388
195695
786976
661118
894649
283515
790485
614859
102009
20956
760875
462082
188949
760102
213478
776813
53310
216426
892312
662326
387646
249922
573762
203938
710503
80032
67820
642741
747044
368630
561037
914656
634136
9822
960561
429920
500494
839027
556884
853067
398009
457680
801061
713503
174123
809806
80855
542895
356630
244672
127649
207842
577992
399209
830230
339444
683307
199160
943465
971144
558349
758273
489023
893725
809441
874966
692456
502140
615838
790697
474223
454733
535705
271172
486014
994879
443147
761788
90852
831822
840578
790417
339252
294992
607930
239429
369967
836533
417890
516945
944837
692808
367546
178394
420591
152238
740191
270833
840881
511505
528065
616029
893110
834709
17105
499422
119498
314959
331810
313817
682239
70719
13297
465283
148558
910864
942853
988057
281992
233869
221410
463410
976554
355280
539528
837597
350647
134955
315158
199209
697007
947180
610568
459920
324830
240033
774059
467131
17289
343699
935156
653743
472495
116792
323385
507229
142906
735023
94008
565846
767418
699641
210754
997623
347139
75735
136888
983388
459043
679071
546545
277909
77689
682161
625288
358093
688283
393529
469320
480377
579685
882830
59334
550686
552678
616583
212000
98159
215010
630656
784859
759118
40422
316707
523715
871160
643497
2883
15306
383159
131233
111185
334472
526826
487509
113733
432074
183049
536811
379443
371977
205926
84692
594675
38551
98924
804329
751294
724030
581842
902900
791846
772511
605639
623730
137011
936400
220956
581841
301148
132922
276760
84606
81722
593955
723262
386017
945350
840898
866276
935361
991290
378065
2302
679959
748243
942437
407497
760387
615797
489965
598413
577197
541037
409395
292889
238440
431911
202931
282279
247530
394538
24942
29135
42067
520337
977753
447456
228714
982269
804781
257258
65030
227431
653169
254340
589614
898753
350665
412787
231747
241146
696783
63890
509302
187846
465630
210938
835039
664090
889529
465900
661789
334548
746734
434123
652469
369739
906803
833247
509993
602652
522081
186141
966399
315531
981131
891795
441730
559105
358070
831637
363811
418005
498533
180013
926326
361399
960293
683523
44071
155936
196025
289198
699523
570905
115295
232687
365233
218237
643079
985009
521532
522681
508663
159612
640065
481482
661258
22942
879161
35041
288648
962629
522086
117739
974284
326182
53615
85044
60054
241339
658867
569340
623132
94597
606433
369162
525944
222666
52036
716065
730440
913074
39754
266809
792000
177526
251671
187908
756536
307564
845830
626723
757488
143647
920458
262044
534851
623391
2385
878624
158611
783762
94652
564155
637633
68734
611147
756459
794094
632956
208342
728878
607759
366731
280874
760807
838472
316185
153712
468830
543210
636079
913323
395408
310264
796463
560498
238507
17814
697226
42345
50503
632191
641725
188924
928719
205961
894874
40655
594031
946693
20603
427140
282666
72191
525221
524385
583427
269345
655099
837887
806453
558771
482279
343656
361099
355502
604467
639371
514673
990
49925
444780
976005
140393
266678
126406
394178
205019
103041
956376
917567
438944
290625
983283
727767
932611
66624
680973
996414
552167
474302
25542
941081
818023
756912
702911
978487
72791
595208
141291
680938
310996
534139
941924
9244
339957
789883
141375
858481
499021
872748
796369
247656
425969
846615
454907
235169
178714
630010
714265
990532
297576
194117
846055
575171
665502
968648
68572
358650
751586
247171
711640
308165
530035
734071
777938
529999
851363
860862
827638
251502
194686
381260
366365
504342
687381
463721
524847
970617
425766
486637
471597
954859
605715
18507
256757
746826
520078
291513
228080
383345
832339
370106
435728
911007
845940
443347
437301
839376
420407
319581
696244
367367
342574
844349
208658
500970
371529
858392
839347
723009
782837
876290
969772
63040
251372
749742
622628
520633
233783
320640
772804
632524
984318
988792
735962
514508
822947
510519
835424
158586
163972
941468
902568
327543
692498
995526
26535
204085
464311
264747
576397
443508
442660
742237
786425
425132
786412
628964
78901
256667
543030
653875
979358
535038
953549
586798
407276
175518
216767
971530
791441
559003
599325
452476
443338
886442
34856
221082
682089
332105
583468
370814
304617
580604
894167
255534
91241
760500
172659
624519
581712
783273
174911
229212
580259
3129
936845
255525
697327
706244
546011
262595
832238
879166
659115
410960
851943
185706
735565
198332
719855
40650
909339
149991
5830
762381
606376
916243
672174
973530
60395
845762
958358
328331
505977
760854
286745
369098
104147
888594
845141
629802
270238
499682
579354
168223
263497
673636
451256
954394
762105
858652
593527
180054
144253
309340
154050
322507
585164
968896
847690
386165
492984
614234
35877
671268
963250
179217
642763
760784
817911
837470
552863
991465
511281
933865
800983
525311
458469
223830
235258
810308
398338
300474
505831
158723
98964
208464
184539
710754
528495
773333
914483
643831
182638
330926
68835
688633
932027
433425
847873
516880
628104
448349
93371
395088
354069
257879
963430
8382
164062
222660
821970
157311
552393
491911
315129
86279
604583
616764
244005
87731
344577
255984
409473
307723
225375
869597
517172
549579
32385
141100
740221
404802
933206
749762
430065
348140
591710
355751
489521
904540
27828
481924
717873
993728
998197
728869
149340
95093
423960
261448
671486
899433
440548
211663
439646
204685
134274
478779
555788
996380
805429
1634
215556
629650
434665
290249
99192
404805
377363
867553
991350
308733
1950
896944
258541
263014
744649
806082
853089
157034
988072
465369
592508
377871
887261
9932
652174
405887
759580
608846
13161
740321
892493
509406
92468
660580
236485
519462
377446
85419
231695
485676
502510
256969
894244
380775
588362
457351
352219
263920
808884
9849
885377
494130
112625
321766
34383
412300
608375
716214
730353
474657
243468
885829
672341
518807
116907
414706
75854
327852
112805
317696
286710
826836
342750
674858
421422
947584
62546
372892
517178
362820
528118
224002
601367
887808
537331
138049
628687
475333
29028
481173
63185
767472
688336
340931
841653
286675
171716
276077
376489
156648
387651
849007
648279
764026
714059
259322
775390
840638
248366
82376
700945
108471
793214
437661
700053
46912
298200
889469
861769
583632
587021
398765
123416
77772
849325
966634
78270
433727
321559
452238
274337
35165
558322
852931
733444
182006
843627
34045
293938
823982
847004
55993
989947
427265
507939
940024
354094
676668
393369
42108
398854
360055
740695
143932
692444
535130
368445
389043
552387
773601
703808
585323
348057
267162
146637
861810
16108
511868
72303
53286
144186
817840
232487
858567
930334
136581
477817
951240
218174
729420
28809
62839
27535
920207
493231
475013
542557
428850
426074
867672
12899
363713
757750
128408
461317
653990
118626
715811
621018
981834
667795
815251
319502
961212
994855
360162
238338
872746
419529
4405
61824
717079
321199
549136
755792
794041
873278
948488
578754
521
862633
988085
726737
413585
231721
202848
940243
308099
734975
22223
250966
868084
243898
641710
708135
775100
658555
699857
528978
593633
998357
428350
448258
239500
934375
444226
846346
771780
973398
44149
154116
140955
108547
485222
790693
435682
380574
448090
96469
934516
786129
8232
162559
473724
408821
947713
272807
173451
203870
620584
119138
978448
754693
917281
687442
253869
621857
94137
272235
416076
866554
774981
791012
368190
494141
323646
895539
870293
216466
797880
220375
665272
159591
436444
843236
64165
758899
676576
306076
636251
525509
369856
1246
35531
51431
744097
69793
708024
855927
937720
613720
271583
717490
108633
231135
315262
691229
349121
885003
372791
984014
21610
185299
210925
146552
115348
429296
935561
786466
197186
799570
230025
642393
820308
664755
748801
144209
73749
486324
551137
444057
303047
526392
210665
616824
598562
242476
136053
127642
764301
801083
957620
887604
15179
919272
240031
2180
233017
326227
34181
870177
627943
552336
777378
575311
305135
148613
137738
551936
320558
206386
789749
402442
289173
360289
300833
843593
234194
301346
379601
381452
796579
684796
648334
431447
263453
498190
380242
830232
572436
694293
980338
491432
558182
137767
952092
1260
936214
362369
323974
12561
353057
151167
233685
554345
730166
719500
305073
751462
926915
737257
468921
72641
509250
616098
282229
352534
318207
237201
210370
7470
884483
132247
85285
469329
25857
853763
414305
15714
957146
326199
225553
947999
739625
127743
9296
203200
469318
959787
808557
187251
42415
223011
779610
434144
113138
423394
857745
415788
435718
530564
154150
237678
457517
298814
879310
413059
600125
40745
771657
153824
385122
679659
4054
663279
249175
103458
914862
190055
311699
700382
514649
473525
648381
875610
761807
111612
224428
907317
755789
918431
485295
999275
70192
3661
236099
766167
742471
355047
425377
928117
115594
161496
762651
130510
681077
661271
458601
71953
601173
363488
411845
730266
790893
192099
613581
898575
924848
594158
790573
228777
109419
934203
898202
835363
625859
344326
314531
536348
886993
450302
543879
109985
447150
991953
414964
525216
129461
988963
100258
567201
416076
735593
628789
504925
406708
34481
686105
927705
244203
734659
509106
537172
296792
607178
468801
659953
323111
792816
928921
189768
256319
545717
628487
102626
257908
356051
810163
855227
292535
380154
390850
612831
651640
755519
297406
6057
35345
674840
143073
611128
745512
752868
783555
179546
970891
493410
525988
238898
917109
303477
625107
821712
959155
842704
1121
462966
641189
658422
549371
29764
259613
114736
732418
516100
71024
87499
295537
687840
639882
807078
102237
903402
87269
924418
560192
553783
11778
448674
847133
557391
557548
462537
319952
996044
327801
377010
51264
855885
899181
508974
153589
616099
938988
424667
864777
695073
79788
676771
265820
2838
219870
936605
268570
635775
409247
866468
988566
891220
33256
708351
846750
908562
583888
790305
213583
275891
101370
407906
658512
861831
568421
526228
459525
850594
251786
47224
309753
529009
112915
108587
878289
775055
97375
719958
582665
49476
305357
490046
894732
603072
684260
332293
708674
787738
129880
344227
22164
14544
312274
393573
952171
735771
631020
86707
353435
729106
610660
231648
79773
889986
773425
939831
30916
953500
127923
651787
60901
990539
765522
183096
512438
227704
790816
58025
399943
886144
559082
948199
993614
780712
992485
811583
409238
685187
700239
559391
678278
178655
404849
951864
343924
48876
869973
792389
97808
324978
690142
938474
100922
393637
379974
786959
42132
363672
948981
901734
87543
916056
382158
570121
643306
149427
499836
771398
237032
224801
928647
59348
105420
691048
299047
762342
946576
711408
439177
996595
16677
482928
649000
163855
816820
257598
27959
59901
377095
308692
703467
751515
500307
443417
381584
27735
215961
37182
205565
378435
609570
772704
483155
293249
399401
792542
582456
934843
260481
180346
161617
150597
475407
480520
195356
738816
722131
141135
638430
328735
498211
776692
840467
68367
240202
358536
624624
935510
276192
855666
623599
97125
757749
480083
978822
655921
853748
210454
487925
548994
446545
72503
998729
970460
437415
311163
360842
359601
319874
855798
361878
779987
315183
482723
941896
823222
832159
302971
522256
423474
652927
246203
403761
584115
645531
45768
481256
864803
18657
963247
948012
329892
462084
906557
865152
557652
526921
342970
264844
59863
239760
244508
463187
267756
918894
155500
64362
724658
140517
348319
149684
640342
273482
808585
976431
883459
728203
388612
768267
344109
25833
546788
541651
410194
460473
693635
503803
5253
462701
487261
562536
163931
149193
688974
612330
110417
896617
311168
640986
221265
934927
318710
190618
537949
991773
546109
664460
160693
969584
650761
878037
261692
997217
690109
139561
377711
209260
905993
637455
22888
985529
71144
188796
842768
844846
237720
98047
960991
251051
355419
570918
674865
761983
684061
144158
564455
872144
592981
308574
726125
574077
253101
228001
179887
426826
602823
487681
86135
579236
63208
692987
965366
875236
378333
313421
30578
545510
509399
685877
872007
742535
988708
189945
187857
607956
298891
914773
442608
657098
925113
744054
805076
855089
103456
18729
374643
122586
449902
880159
293975
39328
270986
558698
427350
357819
333632
404201
551344
568297
947140
310638
833180
895400
601937
930635
67733
497447
866158
550472
545951
306582
771838
172969
536808
220529
144180
386032
402448
834284
779779
105784
980174
353463
839185
975517
79335
144821
854851
849617
391138
918175
330223
149600
71182
343873
257211
750178
132253
649036
367362
731764
377444
985247
110284
974110
330417
426956
444733
12134
970715
755583
932543
40252
574253
97840
560156
367445
372751
414988
120342
504861
901993
260006
261666
380415
509954
155867
92801
301619
410586
713467
582238
552470
579861
112394
312962
862091
377312
32785
464254
41010
694894
95512
170040
928620
303117
48616
115735
863172
911045
809538
494683
197917
165055
631653
950375
412447
437375
339884
535505
3213
50056
117597
355375
798196
456587
595065
236770
305585
615631
66750
127598
991109
265875
54169
143116
717399
61515
960379
897388
325589
575838
919048
703651
352106
195828
370506
849340
531868
344171
193476
19227
260462
610975
398276
828937
991087
53184
973580
883862
944117
570677
340284
635252
393645
518816
847721
276951
231860
830976
561923
88290
730263
396094
395750
51706
867177
668585
277334
800426
203594
490057
90099
851976
441236
405575
591906
611554
672664
690393
76098
160691
904475
465214
777366
810238
22505
843221
317398
707141
41799
385420
429266
273390
767923
852218
164440
534232
349008
672402
407728
784808
217893
383950
743220
33081
223448
59938
866683
585325
445078
399490
810299
20164
938943
518533
748283
524168
464821
620134
454628
774915
100658
383927
898586
936020
644366
11880
682506
489657
790822
909910
820693
393572
153301
895794
955884
69534
135933
733480
796072
728168
363297
312194
646799
955268
481708
839007
16604
826103
699733
145535
623356
800598
498257
42577
490606
67571
762510
355083
360261
581254
171234
879687
129398
432896
875892
986620
307000
203856
850484
283873
659306
813455
814750
843318
444319
433581
856429
63903
654638
344201
847323
40359
698093
541646
614594
651651
279206
310453
768173
889195
629678
340894
2256
516355
405024
489517
191005
550852
648531
122246
305907
585286
430524
18875
447447
321569
420305
732125
161764
426594
932067
361265
105658
894006
743686
741893
106364
635730
857235
920279
103864
192759
446586
679602
868969
674299
780964
810786
571613
290681
375409
352924
146148
476684
645506
284896
796677
919583
832877
291907
481594
463894
55789
919662
324001
604878
2952
408282
81541
521816
156882
16884
654845
663460
253209
932081
243269
522886
932617
163783
540001
19737
963520
766169
752857
796629
463653
458486
546322
237150
563098
63891
72700
446444
719488
155210
134857
174431
703105
532388
997426
203824
876714
182958
373731
451641
428529
166663
94297
42444
63112
681537
307870
127955
536521
625982
711808
858875
667908
471856
923229
288668
101862
353482
913027
175353
570514
154371
268660
891929
365198
88145
419507
254288
38119
619701
230337
249834
316593
815780
175114
688428
707356
831846
897195
734657
272374
608662
273047
159147
272941
919609
978226
440179
733521
857793
531819
85932
689037
916026
273338
844290
486559
155451
861484
874958
662912
88096
130132
142383
478360
475703
762588
197584
390804
315941
228502
659601
840050
767746
496089
184820
610121
616295
143309
133197
436225
68695
393157
798320
807109
230898
102948
32678
348029
765355
268229
853202
452871
293537
636918
881003
316656
266819
982314
781176
452977
977479
92764
70781
689258
490062
220270
835070
149924
760907
426399
139052
426408
230088
610552
490932
308035
815901
988375
116417
492096
780119
594403
527781
788942
53856
692962
982375
115426
453475
792458
125517
376900
310634
618923
702119
725489
54567
474337
911917
349670
743430
238667
693772
305423
36959
706108
42909
436625
16490
912110
350798
825684
443761
969999
663375
864307
23183
571961
379794
272791
110526
190704
951195
142948
422320
893301
432812
602166
98547
822322
706908
992641
464171
133864
813267
770132
989272
847511
699837
353077
781089
440360
239673
571510
441468
959292
155328
284385
833896
215974
724828
298655
147151
381324
562422
164070
141607
917126
167078
57401
35854
229059
708129
710727
73496
662494
181796
107792
216479
346834
943556
987186
842041
602449
584825
626464
458623
402252
600707
326714
883342
664805
997215
451194
994972
896759
382974
778942
397174
127208
558912
102433
485716
228166
351283
261804
22909
144912
106073
265885
239596
866471
319902
706959
607425
381325
116875
422306
940585
985576
574721
976936
810330
602908
295230
130436
716256
310519
474128
480803
513175
211227
7739
78761
868172
132793
278120
797216
70638
805210
38808
410131
279547
989682
283375
239895
485080
578303
593453
292467
608194
627174
952058
371546
234145
390001
506705
594571
413131
537706
928863
7272
823122
585322
669730
191754
10309
437655
719075
886998
629339
703020
391345
694332
398962
817524
978924
233127
611420
124195
165979
115887
458811
370871
899859
901185
836660
570959
743572
147251
565617
106780
289423
98599
873004
346613
766922
89450
819199
538355
595109
186896
117387
796613
509876
977907
40678
892879
315385
743804
462804
209502
935216
524581
940915
258932
951310
108933
840613
836687
771599
348627
564268
784367
629116
223873
924854
805418
274879
563326
136393
893617
391559
358012
609108
441523
899026
686819
854276
54842
73182
116913
575881
838731
266823
319839
898110
598482
965740
96194
741949
311916
868266
872435
374837
29687
551302
80643
712797
79433
887297
109677
922077
165763
447281
689885
375601
140290
19295
645130
168395
613653
228111
598270
152128
582077
291801
750108
624454
110085
457761
683043
665378
804496
858339
820604
319788
147971
377410
743231
718118
135678
824309
293142
705084
598564
820422
215245
118047
15567
203189
272916
673417
680725
133957
80345
76884
570228
354768
351070
640411
799410
896581
155146
52655
873490
751018
335177
365916
255614
417739
603089
466412
308592
195390
179144
99735
158038
281674
864339
848132
728802
378197
764781
235576
137844
538145
840410
139941
277247
520528
881967
122670
130500
4426
481046
675031
457520
81569
680270
481339
509659
768008
695080
84370
666566
292589
743367
749820
94926
887238
82717
464042
128455
832992
20737
721186
552096
200820
794058
574526
713411
806453
243082
77506
28606
395947
19117
378837
924029
676426
219567
587349
285995
738764
564978
482927
574942
761122
555314
850327
273776
186177
786559
275173
538766
926606
667900
840856
506413
315175
532838
148179
711021
695227
245180
779044
960267
349300
298500
636182
638097
913260
888558
602302
958101
652739
726066
317276
712563
509331
967878
934897
490453
330931
378337
569596
401107
645589
47468
140544
887928
670571
801879
910143
783614
250847
783882
297990
747707
181990
548025
62566
29662
943167
791763
25301
777232
263692
342469
396489
418462
707348
831169
915575
423075
801042
427062
336516
709417
839700
173023
715628
755503
134263
872615
587119
608536
979346
498988
930907
534261
355938
443354
780014
469126
123444
786490
275306
450076
965887
902487
343079
505774
805692
989125
777019
273012
986587
471449
246840
364149
916011
908119
212721
545051
308224
510488
54264
551543
678823
230379
986738
631985
318942
603164
311752
656583
363202
425363
939684
934290
182800
212469
411927
586970
425151
788383
85520
945542
363931
216617
471701
188667
285660
193986
369691
231213
600064
916649
670770
406939
173229
357456
422572
416880
161823
370685
429185
39243
877839
730453
528622
959570
795757
723932
29078
203729
583159
400728
480929
331241
929127
816300
226544
593227
45880
190111
529241
115816
776400
768130
399541
124066
944415
905551
71475
945027
362077
720449
239815
409362
380348
641028
628750
624537
486154
940468
39165
33927
105698
562186
555963
17378
8508
792052
94201
208837
203972
564978
993075
39451
393904
191376
453668
976619
440565
28892
517915
435545
616660
373141
356536
363556
453177
572252
651717
660152
243154
743017
592068
606609
100958
368003
411407
405338
545814
424694
773880
991517
220012
649833
209627
579045
724229
597273
186979
665209
211849
823661
514869
250941
239431
937763
81059
405619
337392
343487
862405
847716
870905
69433
158778
956977
484364
557145
110347
337888
903424
970980
897719
508005
593578
777401
680083
560161
410280
634183
269051
954120
796996
853111
278659
398858
937844
352708
377896
765790
61444
235006
693337
644252
404477
29185
317167
284215
228434
372218
109983
388995
968103
453602
715041
2849
696867
205811
828233
234170
492511
222973
40396
838110
778516
894858
391010
765677
484162
439295
850189
335470
896088
340099
71755
156040
54867
799056
69963
308651
877634
272073
322009
768711
250787
509739
834206
356439
150569
456641
486393
514727
380534
250919
597477
315866
137824
396682
997825
613078
589297
180646
145840
658027
34298
223263
371182
234131
690250
747109
645536
637344
18875
684799
71622
427417
32356
462720
430081
436895
104023
481460
10212
429053
198444
343909
815275
147424
954948
530093
162734
748662
775651
341501
691508
617566
467702
899058
823326
535315
68250
760666
532074
815691
556925
729916
616815
685434
451862
543999
128885
297290
42722
487447
817419
431325
946707
251138
818603
571515
363346
576020
332142
205756
131987
628781
93145
202825
36837
652523
552687
448040
574220
88481
534412
550302
756351
145613
757160
185093
177754
610355
50475
370753
448228
925014
358732
906932
476137
96014
407246
726495
820128
186028
661814
814049
548275
68871
281181
317677
710821
198783
773575
754183
919970
995186
346032
788585
371739
648903
446621
417107
909321
979759
502357
749658
393765
882362
571241
502597
812031
490844
923559
921437
520076
808994
993737
769732
596761
352986
169371
843371
151710
574658
504632
886891
278269
806156
213566
805775
542339
741195
996665
148662
857159
517377
809120
757554
205479
914834
782504
896613
463910
940985
606466
344175
9681
158675
568355
508195
736045
934052
460999
249021
896811
498759
653450
606720
593152
120499
468546
752014
517883
72241
931768
572528
765038
406067
114667
650166
856351
812774
608477
86744
237929
59239
548697
946546
739366
576579
104213
595571
440206
361514
348339
205171
573096
356982
676888
832594
529417
845052
433416
951075
50668
5639
457900
252579
860736
774701
946002
232248
241035
105510
740546
773250
151344
346705
694725
388635
510174
118602
648953
921659
323482
728532
520367
541342
530550
863012
125472
927306
31209
178123
950523
200245
458425
449074
215010
853784
257206
624049
370364
140376
994742
4494
750915
64322
984322
211049
493210
423469
951413
826502
284920
811878
365559
698510
263710
608802
259477
238725
359148
887621
717779
499893
97718
242667
253698
958718
426771
286787
126658
181260
926636
274469
612119
34902
573838
346148
454222
21233
864272
885769
963183
651505
545205
273787
770688
667310
57550
269730
502318
18910
599269
492820
492391
38738
800909
87616
961846
442128
584595
928206
25670
101313
163538
858346
843258
386763
501297
514608
70389
739366
935859
312754
110089
496515
910597
380801
535040
785372
53593
97676
868647
335370
942230
38885
906122
747800
295613
475457
922681
970629
972870
468060
977880
467705
360766
549627
778037
382704
50864
333926
745096
665054
441376
852680
121001
650354
273447
288700
822504
271715
788577
786033
459560
347874
132167
876728
271008
581656
357541
938228
599636
689291
883143
153414
380640
332944
74218
933976
784533
976959
466411
248081
517678
185751
671926
682610
56412
95006
800431
97290
191121
211562
384728
950728
924887
337553
824335
183517
474636
739025
681971
386660
663256
138218
800994
426059
579294
290941
213889
159725
914230
15342
836867
218628
482498
45162
691530
512773
387213
485939
920099
473808
947970
655754
738694
353666
781907
15881
907884
977330
285909
20475
723385
359113
382616
773117
929835
537604
537958
825379
265412
827550
91160
335942
158519
379655
504305
183297
82342
707531
541974
173588
164929
579567
730600
212689
102980
10092
107843
366586
232034
107225
746561
205015
692877
787435
102572
663158
197773
206763
278513
941424
474337
728473
245876
292763
887848
548697
468696
748497
914271
544552
401135
609727
915459
965695
765833
159105
814297
957781
523819
536574
147585
1689
679574
118790
415662
79500
137613
555703
866034
75357
337275
980229
754977
326645
740407
51938
347656
178011
529501
305639
628781
413651
751002
857545
872618
579072
743072
192150
336972
446687
199057
910516
321674
738371
326844
479175
890337
360522
313900
898147
393475
528098
255271
107770
568039
270314
601688
224223
919338
453170
546671
385415
700689
876153
328603
308414
33339
830529
866917
102791
628648
307049
995409
426669
272995
498539
111253
797546
570942
853882
479563
315534
719438
704779
524889
587059
148232
798522
863260
357321
621298
286429
680537
88335
270401
934093
535150
531137
269667
230644
242092
633560
563916
464971
781328
31073
72091
589541
318163
815169
513417
728597
745910
50030
458306
126703
149011
706512
483883
126962
691728
188152
264760
384339
207843
444551
550036
272774
492842
833019
792201
161847
186247
355119
238412
839107
775043
646041
564654
799093
365766
169805
647459
703488
416247
308224
223502
51607
924762
880978
651386
903744
114875
624984
783495
189692
673837
500853
508367
25313
241814
261312
126607
320518
568595
977602
259908
648193
720839
208209
632741
422143
598316
626041
210446
947604
352244
302431
527224
944823
802818
264550
467320
236155
102832
529795
526223
621415
740855
716078
90770
731431
782673
303180
653103
335871
667961
885702
112724
649424
400506
508893
48593
131501
270696
371476
558216
337178
241685
795889
265961
300311
125745
902511
366396
988147
931762
503381
38314
582169
638293
611197
975773
351641
239878
779625
818089
713877
999947
329473
528514
309841
614770
626674
420639
726920
422910
160227
21764
328886
152623
41759
475845
135690
765141
364150
363911
96813
214937
323546
454287
707173
901879
163611
534509
49026
358237
876415
309583
350532
735195
953524
622711
217029
739387
545280
861919
140796
202074
39657
805044
736882
282520
92247
707712
235111
683531
540297
592139
853257
553576
189144
963734
124808
848697
595988
836159
688261
143461
945634
963946
519311
113090
147579
455977
911182
127042
318949
259839
96997
487787
963965
582232
304611
1937
975323
831354
803241
888897
460659
915805
939049
577466
569301
21584
395789
547858
809465
640181
457528
857182
350576
431287
917727
156526
330196
99651
820473
148070
964474
545145
606966
272759
694150
826357
195304
746566
311424
208662
110207
272410
59489
809902
338394
19905
792086
30795
607972
90942
719502
505239
844717
948634
573500
314915
522173
227815
800561
730658
583059
96893
153203
996308
505410
931680
984167
156243
713107
222500
477763
243644
925311
404187
569880
943400
900776
410454
496644
756782
631614
881250
124083
661121
331910
986929
339275
533021
511422
683394
139249
58316
61692
857600
467828
19767
444311
67879
451027
209547
253003
360035
606099
792728
964741
745489
162371
431567
621582
976049
854945
19710
642129
185148
800254
83884
801272
755144
368676
802613
596113
919607
383825
783678
203614
749428
210419
291836
655568
821387
522687
721369
181633
37423
827437
732277
196938
446778
739538
285856
750114
760239
724432
571997
362479
682970
783680
223863
550031
230319
128852
475763
54878
523550
868036
30700
923081
55727
976145
686652
444794
174360
20826
846994
306334
318975
827474
687461
374752
287405
583323
475419
407273
794920
894305
449029
174064
746592
631557
377812
992393
725865
190950
129120
745951
950371
867093
510348
931132
52115
919946
512077
26148
826283
65819
351021
531599
207802
705687
989560
748769
797170
954822
966991
584024
235799
603281
569448
676783
577049
968071
854175
799758
682420
10038
786107
443644
710321
696261
538895
293929
839624
232304
379688
722616
316157
147750
547873
838400
549115
553671
387667
532498
675820
138060
417733
981525
775437
904657
439243
64504
527347
303865
38395
396127
319687
161748
335441
52176
787750
980519
648361
959192
475818
4813
486316
932003
437575
651294
851452
750204
935901
278337
75573
344045
558102
97590
654541
110354
175140
44081
380171
764079
163553
159568
880840
341429
174041
309566
690263
697659
149118
861077
191190
107668
446872
662559
164391
947391
23313
254473
204098
228730
757683
130580
596230
850178
109398
601160
896733
828071
335858
156287
627305
156465
44075
660952
644746
111272
200229
952107
683123
994928
582361
739999
596348
1072
859207
293941
984211
417443
289537
991177
47920
720260
535288
606614
860460
685717
193394
903061
339013
314133
732285
610432
642822
891447
761287
275345
852111
652236
746456
585762
353660
590727
809051
987182
522787
785909
294026
776482
758020
122832
675922
995028
225317
646928
703446
748223
941298
980880
751448
234874
71903
721712
501906
463008
990395
15930
719638
683530
793628
208176
646386
78185
907690
592545
953400
604580
777460
235326
57423
433381
64039
988970
260115
171201
94387
24282
881880
393471
633542
413703
186337
890887
672219
117458
970152
331138
399051
450752
672207
637655
954995
985621
436503
13586
374678
307365
516118
154112
565100
815811
638632
627035
949938
214734
875757
157827
109938
418771
276304
682890
423121
256729
643289
487575
388016
848185
359639
955468
288203
718683
132625
487980
181448
421179
904378
762022
535479
798071
412307
566311
296064
289723
212536
258362
367696
926914
585976
240594
863700
347603
701881
121302
311374
911235
864184
649548
981673
678953
58351
255985
463605
620991
100878
697153
631713
961881
395963
277201
392306
672311
960517
71815
84631
326318
595896
238488
643510
916269
185525
503309
704229
286928
511619
502639
641437
537560
111326
282673
477381
759396
587878
410399
360913
662216
88365
172765
69087
625000
312779
199465
13715
209963
756531
635781
380344
613026
553235
635131
404679
123286
382244
165378
840038
874154
892324
261341
358863
205541
78081
598591
980231
690178
238639
95607
967676
203279
979031
127064
177484
718260
286798
391976
76666
925001
381501
972924
801749
618936
262246
247762
37881
290881
502618
297522
414530
572831
215031
291567
218908
651317
441228
402389
482877
566326
998994
674592
968325
88419
708684
722835
190918
916605
301298
735570
327791
544262
744060
822535
883808
963147
131983
311178
596828
391994
35034
732946
537955
948067
641930
627635
484036
749301
647040
851077
160375
250729
756237
59598
568082
839475
108936
891687
755897
293260
717846
887390
547716
696386
765777
806207
539655
587724
407874
985906
107016
542272
30067
965341
104254
983737
415221
206496
593334
750934
128834
123192
994976
294770
77621
181858
971574
846310
254313
21097
212642
291203
512071
36452
443551
765887
450586
91415
118040
322778
401259
140632
520118
290130
146881
241585
912774
234718
817827
462038
604529
753600
581440
710618
556711
846003
460222
528515
237694
79839
608145
382961
159053
88905
918636
256966
232368
585584
585465
65612
343271
908380
487932
316395
104718
239903
91589
170616
338242
656850
555428
837246
990591
300878
870886
748256
462934
100231
727205
358472
