914364
994223
662450
199085
695580
222059
379717
52125
626265
87033
474095
861246
102139
377678
28376
8084
598773
285309
836906
200502
522010
239978
93322
622715
682352
533032
241670
644824
108901
380752
730323
92973
582565
645296
910441
502436
244523
41399
214677
358680
47441
225403
678751
720381
816707
50631
613580
367268
652568
631492
626456
203868
252400
72799
846722
184568
155736
413776
797315
439957
785607
867686
778104
250646
785783
762084
343915
625698
472809
71606
608363
759973
732556
77870
776834
505267
205482
104300
600015
933401
204178
436264
59489
899535
207439
77973
9697
795005
770624
76842
309501
212666
309595
672356
68079
402919
152389
859323
33020
301274
183437
576708
5359
739448
208218
397914
708843
33340
850037
834498
629726
989141
702352
719329
869857
548798
552148
260984
192928
762503
581441
369671
430043
674971
964978
746079
317514
917319
276271
551491
180878
132526
48594
826306
557375
804775
57034
268203
639575
164991
547865
66685
675280
862601
288032
713001
115951
543780
309202
557405
187915
670032
876209
322273
615409
400548
556515
228299
469225
208944
234895
475728
315137
312512
750436
880136
982869
119017
414043
647285
521768
510282
784933
275437
558877
271912
558343
182417
703810
166050
692276
157296
604374
418827
575479
410984
232905
884139
548477
150230
258269
49216
273933
930843
135316
192926
332619
53643
617060
569004
339510
965364
331007
289694
791073
149282
252274
2474
294075
186478
138651
178807
908399
327247
97053
189646
84805
972917
25223
190213
621964
56639
826873
567541
664357
685971
578290
779900
131203
797548
148759
391722
409217
657686
610705
16550
321584
600269
943578
864858
260727
476135
598065
505266
218544
722165
4668
247759
388748
729616
477598
558883
935613
199002
806980
903316
77157
777542
587388
981481
854609
753034
862811
993436
730364
652374
251706
735435
310711
269379
776583
536379
774210
883403
321326
108369
862787
747561
704809
156711
270213
904439
411649
257012
847657
318692
214387
933245
645888
705257
275692
649864
977015
510910
885571
923010
113398
305450
902995
923608
113122
310244
316197
263664
85143
942790
550595
765413
656094
56867
211028
626600
491175
582206
501866
993120
458688
741272
924174
843204
132318
157101
960273
968605
40089
532317
243013
879726
212461
143611
791942
556204
339362
739853
885140
859527
611865
28851
57511
548444
978063
424035
377419
636432
393259
645144
965752
302198
973418
113637
722703
829157
573732
317430
371133
486046
608691
254441
338648
403597
468908
449924
872212
995640
298535
688219
463877
490636
372681
211312
934013
918381
216318
234565
18422
130739
529499
317621
879513
348747
891336
116423
612454
75854
840148
32792
47027
370976
682756
33951
92236
101020
607508
611739
937695
430701
82631
667010
60601
436798
291649
295935
163573
811192
168239
907000
419663
54531
732624
990982
34427
392879
313501
163737
905246
900823
986016
264494
622654
411007
906311
948706
546605
39128
463007
157625
580122
981250
634363
895504
618105
91909
558492
398520
151653
509384
603737
503164
484470
533467
488154
843269
681993
35866
66711
803670
994229
519835
328426
207047
278139
325835
823861
619124
552355
371288
998677
921946
403001
431404
828590
388681
652383
309780
169760
533363
141553
688036
344217
595392
957028
736283
408975
454039
256619
932956
281782
825230
113682
580321
383580
199000
141672
374967
297338
713661
141098
349480
288526
973414
285180
470889
779006
275058
174065
400814
856990
200514
265389
131900
921060
502763
164785
904300
768480
752543
658926
461517
106422
353271
295802
522439
385380
940485
370229
427162
104576
110814
43123
496217
243979
804425
345920
464291
262484
886418
808371
603781
188460
96075
143637
160749
10761
693160
502107
319822
171997
432878
440652
335213
768470
990
889897
138093
621521
649452
568165
44919
390755
272869
121200
444206
343575
406954
460208
612920
946858
608603
118114
903448
319728
817105
401052
355358
670457
179047
595211
620564
505413
742974
716184
859376
132773
865870
256827
914814
794460
42599
230694
565864
803124
164016
44502
589359
301582
427825
94401
378231
747843
338156
549701
874586
169961
13055
379196
781646
162595
710613
159743
447385
420188
880338
590093
60501
770276
925863
994820
591
362288
977795
58545
416665
123243
12989
62923
30599
184945
982130
531066
355915
367199
66619
241782
669794
370894
936406
233117
248802
409199
134707
761733
395043
72316
973667
21466
258752
730949
991620
518885
733708
378902
890975
829488
266554
210768
714727
849834
698041
961870
194022
239444
845054
141151
466633
774403
974730
871074
525828
626318
578666
345367
438380
421939
91212
201821
55294
364929
82103
88450
125985
793916
656944
444958
624002
383964
653121
759214
26478
107646
725445
47140
758945
704183
734016
868234
898175
849040
912545
410721
822901
153253
857304
335925
160691
113876
897415
327221
916629
426393
56828
788141
824650
937810
978334
16412
668259
822890
894060
879868
523260
888375
528228
557824
263851
566961
2868
847518
336982
454286
866737
91124
480002
464641
419637
426910
398019
8096
317116
342306
650801
186350
969889
685996
639596
59084
997938
972127
606593
652488
684819
445952
739593
821637
285565
934514
991774
269928
145420
437788
476973
851316
586883
834526
952821
921424
884048
300805
155267
287153
352807
796712
622476
242676
545548
541521
20069
262090
354775
513544
49976
40196
793286
326499
446825
438561
594007
116702
780105
165060
976071
57985
998631
445933
130357
504304
2284
323588
54583
961556
766886
264
489909
737032
202613
412432
571079
388539
967725
534310
943027
616950
940418
976182
802441
529132
840460
435535
274514
316598
842715
5612
674674
486858
512300
649787
684455
458666
577869
399545
9833
208649
560143
51541
504412
822462
519238
671554
282392
260730
532101
442702
277765
84546
852369
965420
831132
283667
15378
849532
242690
882555
802990
752036
910801
308168
58696
718857
22579
455821
544714
519796
833021
851465
583807
862431
947885
296608
310066
358319
923183
841578
554173
463166
636495
434059
580802
98231
302971
969972
547191
642582
303660
669286
105712
487193
179186
996700
491557
47505
622100
968616
254594
518492
564377
724973
6329
479436
948697
338799
610727
826856
696070
977063
77412
652869
553778
386036
833760
49042
165646
834481
517878
807966
680915
224726
620483
674418
529164
831891
287908
892581
278936
2734
997293
971232
291866
269059
420577
98438
445125
138234
374566
128886
719955
712178
465954
202430
107223
690876
939250
268292
346879
824275
890166
342603
725175
830052
94331
59851
956482
871758
999383
522712
511678
59353
879967
682297
631315
860435
407085
655492
120306
735423
109194
462363
520870
192160
976013
403769
185920
376519
399570
864244
553885
778091
515593
270576
575598
178807
414090
160420
133059
661968
88664
650514
300778
134532
993233
118558
46801
231157
945080
241353
384905
933312
494356
301980
351940
26483
70282
933
900379
507825
912893
83749
10740
672733
846052
620598
748665
62878
526606
621906
793339
892372
419948
525517
205428
922171
769714
761575
595196
193010
67275
640334
871536
10077
534429
314912
320335
225214
230234
193335
534675
976205
685592
84260
129719
551448
567434
220950
188115
941888
644363
692414
667859
702347
689916
169841
840837
909506
606308
835908
983977
779640
948424
600238
664295
364003
123590
965923
283870
119291
581606
302522
207613
33385
688854
646578
917019
722832
154086
807321
708258
236741
842180
18749
261638
370149
573892
627894
951070
394126
231456
511072
427951
739671
279385
604694
988533
552195
501954
860158
562522
590503
615734
179676
500834
606704
621801
412412
148379
190042
916122
675723
597152
959349
158510
603357
518594
575358
80249
299911
976016
684119
963449
841306
886262
190131
106025
857863
18497
290249
295773
395372
403127
652602
797300
65497
71641
148706
663726
193455
646466
42656
966877
947773
779782
394959
79341
56360
923111
367236
945037
111670
413312
881364
568558
222686
421992
661922
150945
455394
540389
175333
681781
509331
342836
932488
771308
646235
849370
656681
377735
518123
670687
275060
283347
244838
81822
832472
63409
510227
463840
763088
164550
371323
178034
231556
279437
610345
27860
734655
94382
445116
410675
698129
41722
904978
784880
997827
722796
724826
622482
905625
418154
747357
50476
633241
499105
765551
272520
198843
352429
735196
732822
246717
875321
25763
258297
722536
313285
384575
268885
643376
692603
626528
480049
669467
964690
13938
374889
668394
813774
691489
391429
170907
216299
773905
209198
675221
135342
191030
261739
987356
202416
836849
856296
339781
155562
685002
912997
957355
881364
215884
968155
671939
843253
977429
208114
830835
685549
423889
598865
603919
587164
717841
65169
747985
881930
28454
99210
656773
75849
431460
914469
832360
792952
246537
38809
191528
867339
171231
961142
531461
782583
100662
535750
396622
541400
890951
479427
863068
85552
858152
855334
177272
596299
315628
849486
289401
544415
419545
191648
975251
935745
688737
769722
207143
795755
360053
797333
739926
376102
666709
36058
688370
850254
843321
874018
124588
629742
190987
429797
893517
549250
821784
794985
549392
478653
221606
329744
267118
400656
614648
455306
422456
570313
810748
394523
352116
502770
415100
569069
997935
349782
179307
211869
153834
835967
553513
629343
123621
390812
35086
434174
465506
901922
60358
859534
728006
200244
424317
301756
903810
62290
63503
520457
689477
184715
739675
831081
955391
834559
363411
146924
977070
841787
197415
103955
180561
344638
127914
230467
648521
575076
465569
573910
747581
662239
455543
121547
292310
142601
992226
91934
905735
542634
107040
501539
231481
90212
248505
798975
128173
168426
820073
584341
624397
765830
392710
74196
691221
820895
920240
122109
106560
235538
254834
750879
185762
773192
788903
184598
920202
206160
310709
84387
71306
589086
369305
345637
51314
515764
696694
482379
462977
244175
614761
249074
658462
545485
995595
711360
890642
968702
901177
844988
298859
895777
421347
557448
535000
964920
648327
385886
937918
830983
108096
149484
771157
922946
252241
459064
777199
846666
715261
742081
385694
560330
694505
562913
647110
285071
454673
73526
219786
264451
611900
33484
504231
618128
889835
378227
103102
834074
537098
267092
130881
163952
575316
601471
452782
709234
623270
409726
220010
511829
509399
694361
806358
242415
860099
807296
474236
860577
940016
886588
71912
864313
414597
48045
372299
285881
450010
659706
298144
139407
860137
845005
304365
235882
646388
198609
838137
137983
480472
903181
279750
229229
107014
940568
222064
795583
460102
893994
21516
745112
764473
167643
100586
395833
969420
529043
402745
476767
299837
178738
455456
967747
521611
229948
578591
809533
432849
288911
712347
149020
936099
497076
634204
523982
865448
703539
660274
189057
659048
134601
792332
116669
261803
804702
416772
260093
856862
935585
273603
241909
576819
719137
50287
207814
912161
614833
935122
877858
865249
650903
479078
256138
545185
606882
893378
475089
407352
846344
340310
879722
920137
717409
700529
474575
249660
166703
121796
251507
181259
81556
92460
394267
957184
197623
239382
20400
706600
609645
657200
204743
136913
409054
31438
503385
496307
733061
456554
889689
306010
815380
986628
947338
795175
833904
860105
789755
347228
892511
868810
477381
940613
711146
936243
891647
370119
1097
520983
816113
54002
760564
824935
583073
168055
185132
776272
979114
722260
13107
81444
986203
185176
410190
145365
421859
90648
451377
236986
607190
761551
112524
209058
232880
430394
600946
627972
850745
267580
524774
642591
988834
985023
120268
755424
835342
818948
735397
392921
185303
548786
778355
690535
773088
85963
539276
763852
709585
503045
510869
661427
425311
497919
537107
247427
870053
79433
246931
89268
643279
59157
299109
731974
613205
580583
521602
489480
357377
198005
399387
189990
986773
575596
962449
427893
953300
485003
822561
991248
402860
756973
631953
496915
416135
638458
691418
557457
185436
392485
863052
933264
24655
264424
77776
484903
359465
971048
162885
250577
852050
574654
490360
744150
283456
697546
608264
629898
440918
515508
248387
118581
488366
785894
199352
472414
537251
685346
8182
209155
210676
536109
54542
199276
314154
627472
665628
685482
613829
587173
953454
307245
411034
247303
767468
904886
192036
994063
577069
487935
374725
494810
325924
908075
288722
56282
757063
363168
952730
97006
409907
973000
697325
459094
972666
598262
427749
830504
188202
176871
755794
630380
89127
313685
213687
470642
279844
457911
343707
862961
998975
425737
834121
224704
297222
715909
940572
248627
387950
852679
56266
972985
710831
445618
344389
500069
421649
33136
637092
999591
585731
510247
353713
736461
23521
158350
500713
10889
786524
580985
247736
136049
632414
828892
527402
687685
770939
287024
867292
27883
289094
155835
939987
701160
779555
469093
995828
958082
85040
468618
744671
830263
873909
370246
482867
884619
262785
89133
517161
825718
24029
181650
138583
109929
606952
433950
285737
676610
568924
747835
496015
552270
250073
263681
919648
570632
309994
659157
703421
64688
748898
690897
557164
999569
444790
157737
132409
432362
214192
622066
14020
240329
741180
70046
992641
30435
763734
379363
163319
495545
365597
14385
524006
234097
473899
573954
746852
539122
413166
83422
400072
288550
97916
956787
552357
229891
661109
241206
161590
465288
338567
422018
189371
691201
536914
541622
611235
589594
505140
482490
149690
603417
130614
460362
433901
148615
554109
11530
607268
501118
229653
816246
315222
255952
58382
484626
269614
165068
663334
967763
423923
58320
618936
435439
171153
298273
629223
817247
723704
54390
110127
956358
903978
35759
89760
633336
77134
359935
411362
454475
936446
492348
806563
818832
948295
63544
456484
240629
494352
683825
681628
529186
864258
40727
457591
863904
592011
38029
249741
995096
604990
238245
589225
266747
910142
73691
336095
167702
909686
813954
490902
112121
181316
208906
585263
617502
494625
165115
203098
488605
801639
63975
340323
414939
40423
803289
923267
521129
525467
814164
501328
495383
91508
901957
920120
157751
333070
633780
402075
441018
520364
474570
628454
796183
679389
578467
769820
554757
221523
217344
108095
447934
544000
222779
893207
411385
700419
191293
794186
111185
921201
470622
466523
45107
709383
53330
467446
503099
208463
368147
428615
685158
822201
98676
805176
491426
691949
112112
749027
744155
751785
603121
864188
441695
986424
321340
975178
227295
727010
339649
105317
14193
364539
232790
669792
941563
702710
622394
17681
652755
387312
522477
682591
117103
645047
688563
180729
92223
156082
964878
446307
460193
669378
873337
579505
460769
263030
602318
764923
98976
255160
812873
530834
473307
56806
778450
570938
764627
225020
896057
112368
773815
688066
842895
874976
976564
90600
154539
987707
396607
126622
750677
575440
522960
522258
664487
163274
9248
32639
959678
282265
178021
951258
42649
211092
316301
67693
828833
278557
595676
182957
770118
189853
431887
25991
778424
914684
918879
453551
990198
275572
802420
182781
810906
360359
581287
231625
978662
710800
941592
973404
519182
93987
977431
249240
809923
513666
839048
868332
965515
487722
338874
855246
363788
349177
813616
288395
803540
646607
924259
124255
230273
831656
326658
958244
92643
534167
38491
544820
770249
765523
539169
896179
270351
8231
395496
890732
718602
823817
615626
794999
65364
607292
55889
553292
851119
755977
120012
828137
283022
668522
1601
910395
873539
524909
138581
195825
65313
400408
477034
463843
194645
527242
654572
563417
704589
72307
521203
159690
824022
628684
96898
54077
47399
331027
628109
585264
813540
481730
960768
201878
531689
508873
821873
837070
36952
181977
924454
968345
118132
158475
483738
503853
57258
447950
937047
945948
417370
642073
680967
396171
303208
352418
981972
373149
261123
389704
132844
874459
508348
270199
366126
869853
45624
578784
205366
935040
402969
976942
191165
132053
6643
248739
462397
200426
551946
797213
278704
697200
876047
806513
541130
605013
496820
283633
118387
34447
190368
907887
813662
776439
508360
816682
80723
259596
103854
591218
432294
607390
219880
337493
381444
136033
750160
519998
17333
994557
865507
63526
164424
82641
565282
924912
91338
911104
76944
496290
784086
407200
893807
33130
359515
925205
760728
990728
610038
408782
786710
128734
797964
956221
695142
468339
659698
327791
718166
503082
4081
854292
604508
474210
285081
501771
657579
161373
795085
752649
101940
154114
179580
478879
711036
156360
268666
444082
772676
527469
412216
814450
939760
922181
820670
108210
303885
708686
27618
590180
824661
989409
613158
985117
309008
410359
567172
442201
974351
110511
285225
850413
677241
8530
551512
583842
817071
911889
392504
37234
67244
433740
250150
357111
902542
374991
561637
479555
32970
374360
999276
798936
562077
280013
901044
137300
173
974347
81941
233938
674244
724253
547325
488607
131256
719394
303463
177916
431498
318217
979742
962893
595747
634543
253366
998258
910282
765609
555874
49860
745855
97572
26542
131367
912378
507343
850522
996353
112073
66006
914992
664131
189453
634671
937522
460276
949662
440049
348136
529863
160304
865088
973190
39331
876272
798579
331954
591823
566596
61272
685369
25654
271838
93135
715874
313832
695416
372324
499919
930796
258707
604895
488549
42293
257719
265413
364768
109540
975423
560444
528346
929010
252409
658634
213724
619825
80337
19586
838194
521365
495491
688426
625682
27829
116177
490452
687854
223986
955859
691049
741341
252082
544587
930446
930502
552181
558049
967002
876349
187366
434927
394090
861203
182735
253657
287245
209485
238282
565950
542814
492310
313852
445170
122570
727688
363153
502382
230784
173264
921871
776857
395842
223992
327088
535
87319
25015
923822
62394
961404
700671
539052
92194
983997
283046
569993
477487
88894
91964
644536
893245
547655
788626
280985
709894
660632
703097
553116
857077
164983
962203
696781
598172
207704
366856
902074
963987
209805
275325
316329
85190
438749
579685
961077
879191
306240
182131
947774
903454
550930
94668
911995
707759
190059
760312
797295
295276
204150
199915
917809
616356
484716
717900
556420
613251
682237
270330
896831
140895
865736
461807
905276
840578
434568
186615
268084
869702
298803
683819
240814
871322
166935
905811
433426
363616
310975
176757
283343
418872
905132
79552
749450
895628
99479
161027
441390
618510
805273
978408
572876
208890
430641
367507
709984
909041
516007
577695
285110
314381
843769
259631
929455
930971
924942
541847
926455
420803
184036
390629
969706
966145
339160
598531
920866
615236
642643
316795
907291
504914
597549
901934
590122
30927
758965
674872
438971
205950
906884
57805
802403
867238
484473
536055
700437
342131
46405
703493
90255
275160
544873
896123
841542
902064
690516
491254
409831
715357
211619
882140
867641
400789
777938
155843
527987
268380
609806
101821
391404
732066
439875
43136
621236
134498
652879
776528
143882
591401
660780
742357
733039
435224
368308
637001
671899
920584
35322
254506
451799
540624
595874
649415
207535
544491
700078
680597
680361
960039
550928
999833
358069
117038
393446
422904
921367
119637
653390
86603
706419
49425
193945
395124
160097
893405
93608
987458
41807
259356
110936
911391
157943
314615
681145
796370
408588
46424
817709
953101
292292
968661
617674
964405
69693
251067
862143
47852
483684
137847
672684
127396
442595
197822
445975
594099
810118
610309
194018
906819
653176
52725
986738
906277
9572
387484
353533
650035
836210
462527
569137
940554
278298
42296
478935
394103
811607
972685
844942
87193
650265
238896
498698
165231
944170
220892
539249
552253
548932
204798
540190
58382
117401
924800
414149
563114
738220
173659
979549
340568
691164
767658
579027
306375
946021
361517
124148
395727
571234
872893
374177
680850
287395
114139
63272
408789
840461
125773
615408
949034
868124
910307
228316
215354
654548
2029
633874
699475
548282
508342
775765
129649
775608
74068
677514
792724
748760
810531
939899
643670
86598
211611
707801
104507
201350
454937
37133
221492
622803
753188
501826
629778
231978
404705
841103
59564
17479
640212
702727
671829
170461
487806
998349
163290
29031
954803
433338
136994
744680
649406
446780
924505
46966
759200
977203
18417
922680
795868
51855
466018
52136
984887
325703
49934
744748
417502
2995
800441
785523
936950
498910
47956
163536
126802
86572
253460
401075
174452
45307
961619
668378
48711
811310
809247
824450
769438
714366
423871
94990
964448
641878
962480
718961
61443
854514
721545
235563
678582
497463
239736
586650
748001
495240
854794
664275
382856
265688
388841
93571
181706
941578
943462
400721
51060
39356
438592
102472
950079
730384
789009
944404
4968
5834
69277
387797
331286
861092
547354
590488
829023
185117
702966
44208
582653
391867
861728
519346
809342
353116
598134
565839
148180
442374
146812
862746
133886
293950
719879
604951
481618
564513
620867
463601
17745
766592
301197
235091
499034
27131
901028
451257
40341
348604
525058
631164
701566
566561
359345
439852
97377
590355
485368
304051
226073
640464
240901
105123
730589
419288
906256
841815
423420
595638
83586
438129
238429
205765
126252
859337
354853
462097
182281
678742
18313
682112
942896
55103
366357
5026
843013
33077
55876
446006
457645
951479
925391
851090
788906
406101
621842
784935
841048
376466
464168
693221
741748
692017
570765
8783
947804
867656
292033
851615
37167
306921
579243
315109
631669
768752
169832
787833
666372
716073
416922
537191
485625
285322
694367
479184
770894
320056
666859
570860
552531
857907
43197
955711
587427
408401
313433
819252
412229
402711
152052
474384
251135
148739
231611
28386
59079
779622
780481
249064
667980
806186
743450
606076
15145
756937
620723
520849
920963
183839
244112
166357
437671
297380
40045
490703
368389
85158
596367
305222
678277
403220
757091
67020
153561
379320
431727
108081
268476
111742
734385
728719
643444
406990
376642
748525
792889
548055
879536
559940
515505
288845
725175
778948
882800
514827
136894
687141
918467
947755
411103
652131
276624
332449
52425
450290
32929
839042
861099
973559
348291
298200
242098
356778
91245
107421
841980
108261
627337
749980
611079
739829
928321
289133
242196
76978
132234
330157
992411
433710
279941
476809
129503
108090
87972
280463
330134
735868
399229
661244
90284
900030
636372
48746
408502
861170
775864
176820
288386
252621
680710
501432
210362
927724
334825
80214
639288
684526
219296
892565
228005
167855
554856
565179
960313
622849
714742
918030
850644
921203
631412
720658
890038
399830
340270
949222
785079
658324
361340
500737
661375
684897
676825
856272
970614
819199
904840
450292
258414
626532
408165
932146
557037
227644
8771
324380
26072
648349
816944
949722
1522
672420
487094
751564
315175
565707
816547
642890
881000
136044
540182
578631
904512
40016
719414
292650
482563
956019
496770
995554
370399
673285
287690
184321
701701
53548
615144
533013
933923
500336
988970
68572
998721
40620
156132
312336
942894
926116
838773
433873
494843
102276
808508
528105
689490
266006
482517
998681
336887
98050
383170
62010
580746
852942
382923
232170
801930
849667
733177
27492
627519
143823
200142
842464
21361
221582
217515
458316
961247
683517
246658
578539
717620
93848
897040
828467
847628
139071
101461
532024
529303
971900
888798
949682
554711
847287
608519
509181
905318
791587
568915
428918
305641
182070
531001
655867
309222
692820
39457
812455
728484
721795
937008
962048
791301
790738
823250
512302
964826
64750
768842
544066
118832
436348
34784
859367
639391
901034
812283
796921
682222
260185
585006
763060
96345
823565
269906
923367
331559
311446
817120
757610
257016
258082
908593
11045
795703
552874
657570
336525
315930
757287
727552
712820
720707
852268
967286
225196
45564
64530
244267
219601
891846
584379
115827
34592
944218
292144
380508
556911
757877
144872
70876
439574
485599
512597
803159
484202
930888
935969
664551
947140
492579
826355
461229
41994
623334
551126
161485
351880
209372
183950
289086
430478
429263
748043
336988
674690
817822
367194
338123
211256
909261
292978
959843
412640
261349
425586
945053
50454
567687
212619
516439
947480
132898
225643
678435
108523
776437
767587
965716
15239
854181
169495
128153
388407
387172
293108
685863
904323
95847
317137
888990
663323
228189
145712
85769
691484
257652
240087
703361
559019
998860
811922
845708
963401
757327
733249
809590
71785
246342
381594
294851
728609
984755
407835
900708
160598
724032
282289
357043
437295
284477
63374
416753
818288
17340
19083
790239
889616
388544
449126
511664
840878
223648
587715
179724
825173
829518
308823
935141
871155
175655
150052
736599
132605
455727
140803
187805
37722
671855
809401
540924
757067
887258
745904
271618
466153
388566
632824
12642
727434
534284
593384
924892
46432
332248
166268
768165
871468
945575
959552
179451
28970
341154
187780
749550
595126
184426
119487
174205
273352
820616
945876
595749
391937
438256
730987
286330
944126
481447
294393
290563
966888
376261
890205
161395
984979
844231
191332
829495
494239
53797
818816
514063
125013
480874
23750
149126
267042
529431
745620
151875
983699
587600
475946
185240
648983
372277
471738
420300
365232
641084
626156
606740
817793
737127
380180
997152
976948
640209
162816
784875
541307
681071
208779
189875
315366
198735
571061
399787
587626
816020
490848
811701
582085
594985
508157
42866
648842
909759
737489
501861
782181
896203
478285
888302
140556
446264
777517
500173
254672
458918
436703
730116
980311
286783
172069
422304
591311
375190
213129
879454
486564
331593
159228
347538
743107
764507
395325
964467
341870
149339
997029
341350
699562
340114
664867
180424
715907
389552
263816
373444
448009
488332
408584
506585
445032
283517
120669
790138
426431
807938
411168
719947
618433
123095
742839
264123
143811
757679
78669
459770
902054
977794
729964
693493
135240
953640
598801
605346
19086
443343
879777
466033
75781
335670
416549
390857
612381
191709
980082
196359
797370
530056
427222
988077
133380
486113
747227
881287
84212
493571
951834
409468
250487
273758
110851
864800
289499
648223
91980
820083
399563
265634
625712
758825
196616
385854
923026
509374
466330
689069
446974
199944
754660
858620
964199
36417
380109
778780
233722
128017
607032
691717
964620
866108
244428
810979
968834
491754
7082
711130
723710
801157
86802
806040
850562
159753
347609
650772
321683
231833
415109
819805
989664
395361
386005
158539
952352
668362
9369
106235
348919
835808
120129
106847
941056
404079
204425
987118
136768
397196
73951
489456
541909
434669
734027
359057
504531
557977
278275
57701
416813
65046
969967
570539
628761
672686
99437
25836
457729
958473
255451
296242
897855
582605
706831
863261
608895
112123
597859
209046
602940
470140
13478
790669
558313
455722
350299
623643
13143
663679
701888
370751
498522
394049
27908
677833
105575
223265
763384
490133
908867
146451
94228
288532
388806
749583
286651
389525
26188
961877
588658
831377
632086
655219
253356
490093
718958
876556
219067
530671
980621
406583
154598
977886
993362
535267
89443
943139
968242
918624
47473
257343
215625
102262
820071
253489
639160
92104
795397
265649
821442
495129
792201
916532
491698
522011
430257
44399
818103
567453
545391
313392
441433
332212
909778
292156
243330
206844
813433
611751
243206
447662
213292
575005
339696
665161
810252
704108
678018
397757
355737
65759
203657
37242
144606
294084
995866
492551
434415
23288
202223
244053
896360
459524
842457
198539
191587
434880
25036
583584
6802
53413
502980
157830
624863
225557
535732
283895
114356
186970
105156
815674
265629
617738
689960
579696
52279
805138
571640
550047
925489
666705
665432
140394
856521
493420
697950
716886
432581
364408
285896
580213
307966
842184
46669
396810
604
534284
959843
776919
521807
250699
578377
528861
95310
96974
41366
884757
726201
814324
722504
883950
402466
60252
74800
163483
259806
146295
553641
656390
801873
626389
831213
880077
106244
943396
469893
804926
239211
415172
363114
148136
862238
72265
45066
725579
433211
60673
132016
426658
586564
942345
255941
326617
869158
944468
96527
191476
397835
401341
171555
513196
969530
266694
833694
453269
422605
149949
951207
853679
61599
527659
328355
70744
773071
716206
176692
847778
24092
467394
280354
375457
75153
921454
603255
977235
265446
526478
356616
759289
808096
500666
266745
214385
347633
363466
748340
479334
948417
683051
450576
718218
405542
411047
716294
980845
834225
409689
867937
587716
260714
551359
117292
278387
63904
727763
248280
676781
353596
604862
979817
51021
113986
504777
686672
870756
293020
86931
680571
370416
64824
776513
927147
680544
107784
698501
768794
273127
118467
913849
385559
822875
612833
217060
877659
733419
385212
532245
501701
445509
938824
509954
193415
713768
626107
20927
3623
772989
1495
263090
709950
16637
665858
776828
340738
176207
561574
369645
860568
661924
136315
944729
525075
612917
768467
889522
922140
622815
462252
650312
637556
8642
153956
19623
500627
948099
71015
526684
5817
530954
265661
321679
292671
699326
598780
116601
422229
989509
870135
404300
86246
780608
527771
501249
596550
683257
492059
328825
747629
935161
591628
460935
808601
608743
234315
862540
64838
830100
282883
270833
948704
613498
71864
410161
29306
589488
848801
31077
731948
791270
58222
932460
409170
484167
74198
875308
921407
872500
256340
813168
287875
847006
79945
32316
675197
577755
982139
743497
36786
274764
390943
696206
544404
823583
73853
233642
723541
618317
363277
428382
157294
706613
410705
388303
452538
921347
423403
22309
411819
544299
481757
17535
132032
47471
680063
477583
806404
77963
807384
624732
534450
317060
550202
556475
620553
209100
273934
583060
157030
842782
795779
793385
539175
628812
476446
147178
857650
457457
458570
151826
147702
854373
426630
921138
536526
315604
485146
886916
388450
471826
45268
283951
273914
632217
675729
459425
957486
492421
35675
80705
145886
971743
662459
874311
84117
844828
677831
109304
45811
759605
687116
7618
905940
73933
873912
491957
425737
190221
497056
888562
641444
71625
739958
382823
637545
555018
20450
242414
237199
175132
16116
558950
667096
873139
571680
400599
623875
440707
496038
525177
155815
151556
10517
677669
912728
168438
354272
316433
731430
285857
552717
266955
798838
313604
932258
539273
662566
420322
646493
72569
95641
984447
479038
331881
440550
237054
436819
967151
553379
730876
320651
919064
413769
659200
823384
26985
672507
323733
366245
941147
459208
381552
922046
885294
491665
246784
446907
277568
87903
792552
606530
70649
331342
343417
444732
357493
922178
100240
735444
791448
281903
962189
399327
753927
839016
189296
455713
611132
544478
643652
392712
57726
725170
235093
411940
363991
939765
605934
924387
481112
750455
269609
538947
789812
30691
431376
100866
504535
355480
104272
370441
845515
252807
802383
175931
951271
996144
125064
74127
486579
752758
176899
199350
883468
980948
555453
609021
222545
62625
850827
203714
693084
933707
822800
474378
887047
175307
410049
836042
918587
694604
836984
994301
797529
107608
162659
679077
411927
970345
711146
838766
154013
506945
317559
100648
801719
206068
472354
733962
845466
50232
751654
17929
453772
21914
344118
850847
228253
134422
419922
879538
448354
765643
180271
785854
504478
348752
728890
898397
709990
106858
536628
502247
707119
735485
375192
875659
685411
650963
655776
102765
323488
379750
928986
82460
635058
1862
556038
80520
517316
813493
851061
835155
179624
188729
269448
770851
728426
692426
242210
606929
856440
394922
280093
240937
769901
244902
344720
141729
726159
269334
540195
469989
836280
460809
309979
184133
738722
71296
202779
513664
483584
827869
821185
373593
645377
402805
961634
342642
436554
509324
796173
984846
785865
868188
320451
408774
775128
664808
472144
923437
210123
397142
383348
23212
848084
131288
183864
968280
281188
848876
224650
315099
518786
403562
883002
591332
240399
723365
570301
241686
692340
850516
975192
968059
792033
329105
856758
40
820229
87040
113838
647881
554954
38548
949064
595878
662051
831829
538663
811094
927704
101542
557829
962900
216342
995380
302974
22982
916928
178327
901132
49230
33919
944192
128908
94206
418437
124784
567405
108152
978574
408583
891148
185280
878709
534424
326553
13266
810509
524899
288254
799573
847040
384201
294110
166409
237685
315342
182461
529372
185301
766588
739804
853730
311734
889677
580298
639290
953081
385315
363057
672675
418875
379342
399746
697002
605615
852461
630938
273032
577163
176868
226762
863893
572655
112290
42986
306092
57257
256578
202159
115317
722072
377698
242514
438817
380439
87383
398843
470937
124984
756390
400211
676872
551150
95465
899802
842943
707815
630127
536191
220773
18159
918003
456458
576635
130947
190863
990930
355104
202049
698192
329032
975636
696032
615686
699651
843602
755950
865366
211406
750943
943043
535177
293622
676613
543177
172014
509394
1413
322003
265288
891736
76496
756193
158860
951555
162803
994335
571476
451884
298529
157357
53259
204825
938855
580686
862988
910598
615127
554639
838847
498611
81989
543128
592
540239
371385
163186
372142
451383
271779
883149
944958
922814
435281
681545
75677
838023
695127
304553
646567
589811
140502
183181
655691
644114
518552
955195
534399
119095
787468
384422
170005
668596
742622
962822
525416
94721
58244
260493
19986
690022
15804
776016
527997
672722
775025
212802
986628
848547
72636
819291
16949
869883
644463
597702
291535
770848
321116
655717
147520
316232
688841
262328
277311
817197
218698
590215
818000
361778
546053
501619
720352
730758
458640
550893
744684
927800
650249
837872
835774
278149
976810
841238
322027
469057
298173
130324
956593
514392
528754
15254
747640
540492
267568
166461
147108
617340
177106
826222
943733
58013
486383
787649
397461
496541
634992
136228
152555
386239
869250
685911
155864
819117
969238
920252
612659
898566
55433
950863
226689
612568
411830
214091
819761
200424
584831
307461
858323
795695
146864
848856
890593
550480
539311
93212
648835
945513
421478
6776
865935
903465
474732
450731
816634
476775
746889
35744
834110
480095
422234
797466
226180
827321
676174
469249
917335
407068
697775
422222
716059
231493
974048
489977
152252
834825
83913
507196
501230
6829
392326
232097
572952
510416
719165
584559
775936
182249
454632
357825
827783
753875
850170
469787
456817
887292
844166
999787
213697
623632
284329
222059
288026
575571
345323
981362
162530
121278
713510
48245
687591
912456
396662
323719
418342
618827
385535
360803
24874
189907
527473
661719
767016
61518
498909
878521
263177
972473
651581
153718
106187
191311
922996
602441
490302
770762
218708
388063
289730
911320
970152
14256
630172
417049
972171
554262
96212
645682
914842
691061
996731
737906
994270
226535
371446
865150
412374
972051
503207
104793
52037
707312
835873
908345
579667
884189
497261
913748
41402
963585
920845
612529
743687
366953
387271
365900
798025
845219
453505
530567
799110
463651
632230
361239
524851
162960
646680
869264
253681
300556
595910
542441
102465
120464
329036
924039
50461
282878
358620
489103
605332
661498
384986
615850
289428
600444
61372
387296
162713
365430
290390
194521
991671
204283
196095
924105
133932
593414
176573
861290
817491
465942
373965
212177
147778
433335
575754
640797
636672
563373
657683
9765
205560
277472
291563
416852
752249
372401
897143
878779
316349
875329
579824
710155
253349
411313
487061
19175
666842
415126
875370
664063
806043
41144
300494
224840
388757
505038
551739
722405
719124
41331
152464
643802
160183
902587
774187
529166
896591
450900
277074
297615
653764
235686
839552
692898
450341
900728
361015
129481
419809
262654
718660
75110
661117
544047
634905
76684
206414
822618
963220
44898
217143
944502
910078
912308
488034
396294
371194
283655
188079
788231
34884
185115
836491
579975
892862
799968
610642
322918
862692
434953
977627
471841
64065
962753
667337
336662
183983
412386
891519
805780
665320
872239
928855
471097
689880
839384
250833
623968
810588
515774
370742
191884
686290
107974
716224
826533
763317
885078
777159
909522
871589
201359
576276
880330
678516
834964
877371
523268
928940
490579
843022
55085
608413
647273
265012
864957
627779
656036
999991
646404
376733
855015
444509
671267
224017
639668
24036
735441
300765
311275
136513
136849
276162
414883
626515
118313
630245
733760
423697
573778
608499
397364
563592
439578
543573
283829
30377
620799
53162
597759
233677
549547
252441
836253
424073
349505
38020
675984
31163
484909
170666
360748
413743
946939
888279
686766
923832
727840
792098
569709
924249
863060
331184
155877
600398
690244
473154
46012
684684
545874
265689
184254
996917
295960
502168
868966
464951
81082
430071
563018
42293
297009
318804
17305
450396
507481
324780
643800
870619
321685
274579
580183
786643
66572
494289
682071
438453
256155
895031
533767
346396
912793
233045
680725
960551
24706
56076
21777
80187
345772
669504
544145
30989
710336
915794
8468
621705
980592
727060
792799
657926
982481
953895
230110
356225
159450
665554
729853
884551
576593
459052
261803
915649
342806
253396
787744
15719
414913
561379
119213
191114
40472
532759
959899
836011
831743
297902
437485
793596
452263
382414
613573
352311
883402
656894
815319
887
86470
249186
81652
623520
472301
965000
314335
945452
625793
749785
915146
502881
519478
434052
456489
732871
462244
505734
918627
561521
80451
818317
581082
292125
348352
267885
877922
31884
522420
664993
877092
282254
31511
276714
179837
976208
968316
611499
857453
151784
898053
909140
278394
635845
534395
395094
630027
990747
563124
193738
61479
142907
844119
143949
565329
28118
845953
160102
463465
945688
934086
124014
981377
681539
183581
338028
463192
5966
313853
490421
596536
801143
46543
892977
299662
662872
432593
897695
123148
284269
16449
71457
542157
195400
601471
121106
6465
752243
310710
454935
976160
150936
891153
500901
865710
741638
919932
826188
751232
78035
738479
898028
951224
689820
825183
317673
888790
925789
420473
11385
847761
438594
286645
569459
897476
152649
476677
818735
84927
273413
460023
54352
138854
27818
875299
476614
173114
615379
413458
4268
323193
51739
126569
506656
324031
978985
644795
509035
361297
244487
93375
399776
818113
548119
621442
412381
680399
506046
76100
292662
655505
372683
963549
156250
130801
922442
845039
834938
235293
359979
398623
924239
229983
194857
364866
927707
784324
444202
378815
30130
659365
488226
198462
487892
956553
6068
139118
252559
225752
106206
836087
503801
742825
10946
442910
907822
65770
476674
353003
177824
252766
707843
402311
786795
958749
756367
187712
245885
918483
862457
87326
223447
170234
821126
889877
100304
968190
84851
330215
766140
337881
133568
605518
380884
728878
217235
752346
664212
330625
680537
980393
79067
53797
546740
323360
672737
975656
555174
373331
734750
133031
304489
666189
922008
598463
979852
977570
323878
429486
282236
374323
517
456503
633822
708404
934204
898196
468286
794599
4821
227699
91218
503838
909188
780523
279097
244783
231871
512518
84231
490585
848199
858604
572486
426400
628902
477682
586577
301259
34479
554876
842
195124
65746
225141
359720
959864
327630
449349
585365
457950
240563
729097
733520
726417
345150
635685
415104
969821
970199
800507
620847
114268
488667
608361
653923
425139
821027
416886
449229
515614
685625
736671
377066
785998
23637
878926
904780
617541
401762
413572
453205
991218
449097
976812
712787
826128
506403
455967
776943
323922
158436
116107
904366
103797
238880
110158
684671
704771
962983
171290
322157
696766
930460
277580
214959
246755
930487
449087
825225
664002
888807
60473
999726
514931
820442
245247
272615
846721
599607
192722
275163
611474
930241
619693
844794
98153
435391
238460
178552
307581
44191
381332
169327
858009
908879
59347
764913
406813
384645
670641
625720
449144
120182
531926
735750
178349
563813
518276
869805
867429
965007
855208
646130
220256
389355
197193
38262
483704
167433
100787
946280
936929
929453
148121
330106
851498
78004
544472
166864
525879
497192
944498
192729
711592
196178
426471
531370
408342
237389
314661
46633
966559
705655
527628
528126
465364
513266
289441
485266
648695
693559
408905
306874
572734
635794
870756
325665
627666
228075
841402
111782
932762
470214
170713
434329
533995
255984
859459
299484
482286
508053
873010
416381
992060
124308
935718
686533
954651
384644
734091
119401
945838
267158
235355
59752
322453
543944
287122
551529
905232
433708
981725
768009
918517
710228
726465
747461
928257
310679
505735
703750
887655
178322
871567
771738
209612
871755
923813
495219
97921
849687
562855
581745
84257
313413
465154
838366
146958
56202
943509
439711
791358
735157
240171
112743
262889
663652
756
480622
914973
776042
711638
108102
906773
806460
769517
263440
145973
861071
381290
234949
196138
621243
567253
373446
72459
115137
751841
684129
811413
436364
725170
396669
391822
765690
137747
853314
941334
888168
331617
655888
868190
542323
133162
266257
756213
831718
351174
583453
842698
87629
112738
896850
452688
283802
186701
778279
806964
119500
365896
554229
865497
322473
192861
392444
582147
865437
20431
892200
69657
148802
350359
385238
413334
174929
5979
406831
290027
709231
888172
751815
809950
714708
444636
65437
256130
697694
21357
442368
308291
118291
951036
606997
697025
689583
439355
373792
928425
629278
780020
243796
104725
644288
414265
539458
391841
73122
458405
707080
242979
825553
115629
771640
913680
853645
912666
436579
580137
478547
948902
898355
817933
721089
301072
919608
681771
335355
922301
926083
914473
409364
82562
852554
457574
901176
408209
560228
414746
516895
758741
412286
169387
671264
920963
449025
276858
460601
937084
674986
572856
242431
282967
298051
696155
375614
845425
390327
828936
422914
359230
75070
137552
896905
793176
281543
534993
509436
761569
461126
643518
356588
329217
687302
878076
438090
633702
161902
744406
395501
95390
34903
929989
999450
19773
409468
469076
494486
275491
239693
532492
150202
419464
791224
261589
892119
638505
506368
579823
25472
484415
403971
493874
651692
356163
247145
972591
621004
868964
514147
503334
166015
421755
412591
334173
319789
778221
647873
931489
235181
334132
985002
633972
141988
835181
603305
320454
591530
484974
742032
425673
229433
834898
615495
756134
588988
308094
239092
581649
73232
870642
889851
419538
150972
574822
523630
230891
362547
753996
785159
995819
131592
205442
125104
231420
624387
326860
659578
304224
578828
927131
568700
851351
451088
475855
865552
530071
745354
126696
800398
634897
283995
725179
708943
855767
754321
510410
343161
594591
330999
621421
65794
667872
623241
515539
21564
845727
198651
629504
609271
762850
128090
314037
665006
763718
363535
741215
906000
926152
196098
482219
63756
256445
510268
451265
811006
252426
925857
404817
797284
425512
845377
422531
569451
441336
623642
783997
574428
828900
660574
255932
57376
454367
26699
286287
244035
894873
770179
441128
292546
429579
47203
242556
21383
618160
386434
492705
907755
688070
176301
117623
704871
674437
998015
239339
166499
410319
139282
710767
347508
918806
154412
572793
879746
523194
457349
424388
629635
187418
868005
446224
532321
150944
783392
656523
236323
650665
447410
207811
318421
31284
323202
121506
249534
802886
151717
800169
681797
525239
937925
388399
471932
226706
39150
317831
37344
98671
15904
673307
561195
841936
261754
797167
225288
127053
196723
797551
710010
69404
973455
813370
774332
672752
413075
836583
973407
602748
283863
494497
989326
749020
143687
360315
98866
131542
818934
813456
732927
929871
437234
770534
321871
519201
472099
862123
973497
787795
965525
956318
805610
205632
241571
480230
886658
605097
715966
712191
118421
124015
756812
728708
322419
342609
794076
920004
584916
584616
504424
754890
896976
716697
596217
779724
13
373646
563150
661606
998643
644735
949900
356638
951178
256766
549921
587752
434999
472918
633081
551905
460915
366872
347610
990001
566163
970200
785670
822283
846280
412049
306883
616628
616894
669562
508707
837137
46292
370429
95121
884048
796261
91647
915416
228435
46172
590689
790621
837443
327232
657911
777432
136893
338664
870325
449348
33533
688378
256222
685875
612027
7195
892126
668332
597113
241515
372853
321612
293273
2277
515537
419283
342991
927923
199276
617640
450990
535006
216656
906666
178560
812387
368514
116500
931195
211713
74322
531034
916951
883355
541904
13685
984577
123638
425004
945127
671680
233344
5762
770881
361777
577771
476691
627013
300578
971424
54322
323378
234067
560642
868508
656735
198123
662515
258244
166186
701733
203925
321518
461127
621818
168121
665308
141289
956226
866251
486836
713449
504883
279151
555979
84928
251989
184624
381882
208077
145952
181615
644022
633232
7282
12615
998229
506113
663721
886114
191963
864123
419562
121996
606695
886793
294573
101216
123708
509538
572375
315724
197776
464587
617165
41633
397830
907443
967376
782001
173420
875051
607387
909377
16554
681183
116848
271643
464955
786831
269133
769932
12925
550381
384877
641643
904028
698074
698831
226040
727728
935244
373783
257383
465602
950190
506061
172683
244375
239295
121195
991886
660191
827183
582013
477373
957951
60217
65168
60715
707031
770851
751510
415877
12549
348577
902432
195357
225804
876024
80983
36004
537483
894843
460699
562330
401466
883235
209407
798139
940694
780316
336152
134029
9840
457715
197854
904527
314328
871479
353117
985614
638267
587486
628061
661386
132991
633757
904687
690090
6485
282085
355610
56886
553468
932320
954831
56265
594605
668013
340517
976664
609908
256222
4822
64091
382382
556387
808184
937274
331620
138462
760957
982112
314432
858180
229869
493853
117470
335350
656000
420954
795461
926281
862795
526100
392181
705759
360482
604034
381356
849966
877884
246867
446419
934830
834224
567481
497846
493588
823649
696522
361726
951266
889149
476525
435327
495407
772899
762311
8955
291745
581345
56915
518419
443863
890663
649783
801763
374594
493566
56742
738202
803557
113585
363726
57647
311009
70297
821543
232188
947077
538061
105265
68945
732055
588200
566911
886915
594272
104518
186940
414073
68657
249149
629356
998740
952726
846252
356229
659576
402318
672435
656511
514358
551549
488450
535890
561458
795995
259102
950994
408938
165210
354688
320794
543353
155636
736982
518387
189325
606824
441106
214494
149235
947350
522912
652435
250538
90797
132782
760500
276509
216896
695070
513471
323197
375292
923517
939524
795253
590152
691075
142447
621885
490801
549149
470174
160873
594135
174136
353154
22531
571926
264424
981984
466164
818565
807891
732012
937523
639493
179093
477039
683022
714910
24672
950443
83441
980383
336063
267897
759467
661152
615291
89126
960664
722157
593804
150296
668466
542180
450297
422621
312995
491693
141624
177774
296464
940053
749377
259147
29997
381567
203566
6918
511220
32831
839810
704447
539966
238460
181484
304771
846339
965055
336051
671431
813057
915970
402524
159408
931130
464113
645454
946021
57986
179844
379113
159148
523621
294936
281693
732075
538133
425567
846244
389139
93260
605276
137720
812436
634621
900670
45616
29762
661524
616717
694722
464976
188403
976883
225529
742066
203213
330266
583296
87604
332272
5782
268231
624898
26422
346234
748075
467428
161991
174103
838228
308868
263313
996491
510347
300432
560889
976042
112292
390061
631438
563371
286924
936939
697729
154007
444957
70019
872361
240438
740164
934946
916079
189156
974541
361511
124561
491346
309694
323592
24142
740950
750486
555162
805147
243725
600435
766725
600712
455043
133669
263448
521237
973666
428534
723842
812798
219287
954010
572843
622947
378233
768825
727305
915598
669408
776527
657673
80566
940726
441193
945410
591523
493284
421444
871152
975855
971688
178507
997878
749003
703012
411265
964430
213961
772550
611594
501
705711
28237
368955
121243
589932
623339
965525
859723
798560
285383
83490
829326
832814
694358
317087
553037
832043
144501
589200
299615
721526
234661
191957
345445
746967
831458
181629
314499
780720
342878
744996
81841
929425
728431
875539
239686
821512
583419
423424
511148
918597
490972
121519
331219
632764
528103
450447
36884
274581
467528
22745
324659
292246
68024
988286
532491
195228
270635
302465
117315
754411
89104
16192
379556
455959
102493
187402
784411
911504
761585
844075
359206
449621
357805
351676
878962
549256
659395
222429
919788
821165
523318
727571
55000
35677
6805
671929
477296
105781
313834
74310
241742
692411
772338
830760
987076
900957
972776
759330
636601
843784
721335
449115
940326
450706
24493
275196
421851
404274
96118
847311
51643
33762
474032
478217
34407
977825
36859
572467
420915
155770
634661
330058
725923
615786
443958
350575
870654
764887
855321
885473
646546
554184
290315
229882
253861
70899
406866
431620
461968
515749
329574
952726
897317
394671
789773
602861
530294
983637
818944
327955
796235
853918
39273
729459
631106
830747
627775
864428
106282
220120
125653
349043
430072
561561
951864
323081
832867
399931
822471
360577
34916
700659
199852
243912
430882
429015
712166
75590
259652
195310
338647
822580
387130
513526
494844
784689
431017
975673
187190
953971
686725
771862
564545
900434
401829
458539
92749
702958
48762
790181
854122
392216
524881
724742
729078
946451
81287
894177
433794
127391
349755
262925
416514
332305
257819
995753
803562
588423
521388
947528
184174
924046
829048
601192
486619
366903
820023
544102
863289
488595
259819
366266
437665
506948
570403
471162
563213
740610
99439
910113
811360
731378
305559
394186
238863
987413
326765
985400
240475
344902
647137
32951
593449
595436
413521
579902
16857
588265
809918
311630
281970
163038
475860
387325
86859
653223
141817
369151
81832
801025
981219
75199
903812
453177
407714
41528
344845
784507
919686
185669
965613
446913
540266
335421
538909
34002
888339
795765
410061
944604
458308
913862
670828
911838
668821
333301
673930
83567
828479
439683
383757
895706
322997
510445
540254
899365
720308
844625
888462
341316
8865
75108
389306
465181
773317
878839
976867
954879
454934
602055
650696
733325
883688
452564
255142
765732
868331
570091
832020
295175
654713
642414
123068
249180
639017
339051
696218
370283
888119
303931
366550
518624
738095
61941
511923
529400
224064
852037
640643
822444
540054
528330
870199
609906
148781
946805
942122
515334
173159
420204
272563
326648
334285
849908
941250
974994
745417
341317
841311
438885
297267
194310
257241
604938
900431
186238
433167
998836
193614
961718
871740
876676
997634
540857
719620
956316
804404
27090
370764
947445
312303
653956
7387
330421
481677
364141
175785
831810
69062
557598
909533
251524
953152
13498
30113
375361
786117
892380
967828
915589
908185
804431
66870
815552
207783
785135
859235
108031
122944
509209
622888
247251
80784
194396
696052
926929
301283
355183
295775
899346
271249
853546
538665
242071
111537
485705
969676
979316
699789
630272
120334
243241
747292
350234
13300
569297
468236
601884
294642
584954
913711
259225
153902
795328
89705
58517
991008
803199
389939
19258
716337
236566
390129
440674
79339
302444
45361
23273
200841
463176
814974
60534
20201
349590
327958
392495
301519
324288
293083
671972
960366
268636
915416
729398
4547
822028
237699
538681
112360
321951
994010
209124
479594
723751
737146
599393
981547
830675
229373
902290
776084
782574
371333
379725
546120
905470
862761
108619
850468
253715
908564
983124
177297
271229
481798
297189
50817
502466
288562
171025
303165
143830
976073
204398
330397
610477
386346
28260
416394
806206
231255
664341
943504
451164
893921
946266
22561
416650
600920
251076
171178
887459
140071
836535
198875
837318
383437
998819
812885
687267
445610
528669
417891
630303
346221
260136
458785
85853
600581
470481
905201
336554
751783
635301
504330
28662
267806
125319
661597
815608
110347
818524
353696
155091
427195
358785
660245
480006
722559
539718
808498
129514
775398
714838
745836
238990
729711
80756
653586
155276
445631
118632
733717
346544
529237
133618
757861
190879
233457
332060
96461
470788
731080
880127
973530
882287
781139
122865
286905
334638
826056
401618
884654
222482
972549
160634
690430
730718
24508
376737
319854
145632
2193
885431
748750
534396
787812
583389
366337
275661
66616
395288
945454
116817
914531
974038
22445
33455
736064
898715
312564
489618
879143
662522
843340
872259
242811
999068
906572
839945
301040
46748
379602
733105
421391
858345
897724
179050
14752
452738
708746
170647
32655
249525
248273
780374
919822
139999
92446
421743
775123
458452
424546
643811
406045
551759
199197
428725
474850
575803
181748
388877
231040
191050
33943
996679
180347
229529
844973
611933
526742
115542
520443
362202
93720
111873
281734
590342
270922
441448
982516
843308
194345
369133
910576
480834
391926
102779
274468
255061
982911
923339
631221
397137
879281
982273
794295
923090
217948
792794
26002
359870
296783
2438
44015
612474
357514
127603
347733
513456
160130
787842
833188
296360
466468
337863
343221
266286
103512
36051
637820
219847
824904
575350
468913
256763
222644
696855
724670
667194
734178
472865
146835
2525
638809
321034
723929
610515
580463
909012
672615
386618
527729
104295
710915
44071
605068
889512
65393
620791
806006
498968
479817
488286
357681
282834
828204
986664
677462
618587
462394
82758
755405
671364
535517
738315
269254
964352
841400
830009
331789
957658
813509
788385
360996
152965
354184
993543
168386
743079
458681
68867
553926
508357
400315
405769
371844
641551
627745
303990
368126
597971
474265
601816
158611
146811
664088
182052
360540
43333
933205
659103
40180
548035
637431
586995
160895
729113
517318
966064
530166
186105
859237
117401
952925
24322
408206
327703
423683
100851
187419
325217
675981
875336
8609
989262
798081
30613
681757
791342
834838
303777
207838
513243
208343
825102
503919
876380
184616
280683
360852
998609
400676
778400
190597
414786
234786
693733
94419
158878
470301
201932
471558
610486
221484
298777
955703
520415
493676
839963
737758
733710
659559
335744
374158
502172
748142
302124
150500
87477
63639
857940
932772
400589
524968
628455
19573
538176
23991
936750
267811
922171
883816
443191
898777
846028
794693
376032
906544
566
383150
945800
758566
195570
542447
635244
894212
286442
245085
95014
384938
854131
995970
591124
40051
306198
355408
487299
805143
144773
387826
584699
840055
764625
206730
162739
795510
569065
419586
225146
90615
666091
701342
864070
318240
810827
707072
464420
592991
369579
582354
463857
317771
515594
409568
940632
437344
925533
370011
168816
62211
393516
67976
683366
959898
255377
376109
965129
179987
56656
628785
175599
404628
250127
230852
393759
171590
911906
826935
162360
195187
964990
980644
808904
128726
177596
868462
897078
999097
108090
801411
895594
987004
771188
926658
511428
720610
84309
182700
366894
481023
6533
24595
295317
115101
493132
916600
420701
412672
596115
289173
83714
852816
486702
687616
709996
854627
836118
32280
652863
266757
553149
309971
423651
613355
871897
589690
406569
823400
98721
313769
980949
671114
673563
848563
867450
206866
833651
697359
62632
205804
893661
225619
208179
76694
569582
121333
222426
478184
863794
827575
362130
389775
409899
829273
151815
198753
208706
713136
25866
544700
957347
563992
480622
248295
405704
887435
262335
728355
905568
602530
902567
546890
9010
392292
842733
807934
775776
260918
755203
575953
369245
936441
517419
891828
553675
857505
190414
115205
889673
250924
299248
471661
667763
962374
45928
752268
373016
6198
791019
853185
460586
876027
871270
704167
159680
860031
804152
792343
153754
117715
197840
231184
669317
86593
438915
336074
880639
822535
316863
215748
574227
111690
141713
406214
815700
837795
269221
938854
127388
614243
163258
819187
793526
553518
63215
412736
470694
356414
712778
404787
403040
551057
119676
27501
344691
238308
920457
975627
671498
576203
570710
691299
936078
953586
847999
988916
637620
77960
748823
493821
590199
561822
494183
852153
516161
396100
500625
370651
549262
434059
444512
454261
658635
295975
997579
732830
765541
338680
186610
236844
351366
528199
30910
462228
769580
926715
507533
632048
335958
854701
827906
716195
225635
361318
600373
487614
650374
117411
127181
73845
216621
330963
13834
570732
664054
872520
997207
591977
687815
289865
96356
940855
366291
38192
510905
923806
582101
839909
716998
151037
804932
375264
617355
597264
259041
17356
654995
344233
591229
138344
562626
541859
561651
923805
35643
875533
366614
985052
692845
546814
155426
902070
488009
169800
31244
569668
298183
242129
233756
54506
853601
949809
172408
290885
924623
643062
328765
193440
215246
226221
921976
378175
433719
730291
565708
845171
773966
977844
746937
130201
92836
602171
142775
932796
405245
95131
655704
748872
28923
31906
24220
562176
399186
836398
472013
531712
911575
620030
625680
485819
981930
360024
463695
542943
949093
874301
17320
772570
89236
159753
182820
810628
281301
895888
296697
715767
479819
127168
863077
199023
401985
920467
195975
227965
450012
45510
493339
374124
778208
461451
487654
430957
386831
668494
730423
277977
377861
878472
730088
133386
808593
94812
622466
579235
83553
883198
647308
197567
672772
499465
936425
578749
199247
393599
778199
388923
578549
627599
680834
11757
464450
588234
489309
348991
219159
849494
91396
70930
257066
246387
768398
863716
276741
454669
186368
396673
633712
369628
846361
808896
852171
249163
983834
948201
893391
572927
520988
299528
305507
521569
117748
940887
822470
997838
569220
956377
632474
558902
219026
351265
691669
562454
533595
332639
883831
746448
622005
751350
146461
965874
643845
119149
83231
709452
265527
627180
229751
512925
251550
261590
640255
833685
233733
724650
875323
578468
987447
204180
302293
983958
632434
150770
860616
797898
471367
643736
260997
866011
283990
336188
191032
800180
775052
859059
901200
190629
836243
336102
539466
598069
169962
534428
756123
375085
349637
692160
930080
634862
249568
739264
922182
592350
249076
833863
584062
26635
55833
459464
498743
580934
908178
330864
708821
575045
607290
401079
652052
913218
123771
182750
125502
713257
627863
283244
297220
737270
843034
668336
606768
107672
490989
559260
645547
323469
211035
304139
475869
33928
467508
179535
944267
872384
696965
731323
414662
297747
853740
639009
126496
859925
216240
742997
371487
567162
154768
479225
152078
711171
874917
842733
52466
711258
984572
322301
528388
790612
230327
543261
474663
325594
829553
219987
742238
826700
690675
839424
576837
994968
526200
350339
893513
435411
605189
857493
317757
603492
59925
636738
980733
307606
445437
995150
845047
902328
908428
245426
531516
758223
802382
955653
898632
201943
87309
118315
257103
210595
285087
378022
988930
828445
74862
804348
543548
604010
825524
236145
989711
671035
262831
899112
707568
388961
225448
15710
883206
591823
343612
359182
825152
874580
672412
577679
267478
573394
778236
562129
164118
993575
606168
78786
721571
467805
519453
538225
284050
5300
205164
949098
151444
782162
96729
455858
909562
645151
149308
554731
403423
610867
912085
159082
824889
490433
722841
995443
148204
577488
192158
37296
95490
459129
48283
209194
868808
342204
610467
801126
682928
305847
622406
364206
722781
762155
473320
769042
58195
895145
969831
562733
37375
404604
744814
749215
914824
189430
853657
76428
415858
973711
529231
580868
180444
170304
940550
345864
312931
603131
184970
624764
208668
654188
410238
112059
647782
236141
933379
281798
121567
581169
219253
569829
761293
520193
357228
844620
563958
459926
180514
807903
259809
415978
774248
478643
604375
613422
248265
250308
417959
306576
347371
457306
53506
992418
461065
442082
350244
29887
776926
257748
12330
653774
286403
12425
267793
573746
596255
260381
141567
310666
307107
23904
687618
733972
215187
746471
604592
618606
383772
328534
145129
837056
612767
496607
974083
880418
581283
55390
261305
102656
153800
531915
857384
314741
927928
845957
739770
441922
849035
547562
544176
331724
279376
115325
792037
719202
340030
104098
502498
829679
564042
18699
764219
149539
67086
374001
122831
719708
63327
317653
459008
671222
626066
9360
233761
10574
258710
648789
2022
329368
646678
76267
839756
461331
427949
256085
505717
721966
564493
837204
880814
482341
561741
729390
465931
300422
686190
383417
461077
627062
593719
445108
367347
219914
945205
960315
685490
718377
176938
957353
942764
866933
838277
926458
397375
725811
738089
262876
145421
356582
553393
907167
645260
27901
237303
175210
994021
350010
312649
916239
309484
636439
67738
658375
933677
780543
606275
83948
134382
941680
481357
756261
246091
576932
799973
667172
950966
467971
110164
205055
228854
436063
449699
174035
715090
33778
232646
954202
300612
819881
937607
297413
123548
29551
851369
861507
469717
974691
159927
450510
901972
737786
575874
816819
751646
894646
973166
349530
652278
228308
322326
455908
836944
258782
295624
760555
812296
530803
252070
606216
549402
216089
882239
363439
879663
555368
159007
13886
931342
394059
750089
590114
800134
266767
405341
668904
723326
353452
706242
492221
631272
270019
716301
249391
947604
712440
598329
614804
378483
437829
237457
369633
323901
703599
380868
271392
942879
478256
642960
371749
797070
752095
78847
770507
366650
956388
795295
309523
769978
956136
73315
714862
205617
533002
87169
813672
769492
564390
268386
451177
648551
304677
870790
189228
877766
455213
86079
733643
995391
672714
62573
217084
813163
815219
300265
666031
512597
3464
990327
413990
659071
330191
785896
267711
841827
332392
980460
24095
816929
780011
922053
159099
12176
307309
235917
512533
281456
533325
401355
319628
656495
16439
802890
471437
235897
199199
501007
933421
896472
370287
834293
160619
349412
995365
26561
20876
10554
409330
9752
535679
315293
435086
58025
703434
291144
462279
884189
698436
228043
963516
349563
574365
981417
789853
756746
800443
455809
577287
857792
233659
470730
539170
728331
637468
708977
13090
417867
621736
448106
459664
875017
333199
60138
81262
703886
281108
677934
239984
954962
107720
550655
513362
88696
236112
364713
188121
738185
980235
276679
466147
940532
418017
321918
570882
441510
707453
629045
229865
387013
792756
588030
8234
159100
430987
609865
383558
722
753621
731196
884625
130600
888744
739306
40497
289654
45932
799435
710322
7093
113892
270298
926640
553918
327244
914035
460776
4323
645007
283929
11819
378348
27587
804012
724151
649434
943754
255174
650091
298985
522721
55580
951718
956877
886645
997171
650266
529993
76543
664878
361762
282681
783528
471145
870075
31213
889833
699591
163826
298100
178304
181603
659939
799472
918125
796848
820236
385791
48926
244729
24184
859105
250460
9705
108726
494103
361542
249749
566238
699102
979918
151196
491159
219161
972903
902655
31022
711081
198680
680338
12185
453953
123910
20085
272566
276883
739223
227420
135937
453749
587774
182259
343247
560250
464363
150802
800283
175411
92008
410274
560554
528994
908237
358959
56487
432690
476203
977913
268965
566745
979793
313945
316224
287720
757902
844925
435320
211840
840543
692666
673235
564381
858640
927600
262904
844619
800779
402910
935885
859827
683134
462036
37289
253120
491899
202148
599565
743824
280920
547795
154927
352571
197267
662674
260760
905421
328094
864858
366084
474735
121710
133803
784916
410534
612595
596802
857305
335598
440860
497184
86243
176801
682758
591301
259990
435271
127570
601325
691600
4024
387022
690201
399652
270116
610600
603687
752608
525641
738953
161556
326433
805157
238783
61806
614361
398947
546697
19122
295219
425645
407994
229293
991831
878816
754437
245939
229469
387842
6105
319529
436119
864805
468572
457492
955323
819180
111646
320871
577603
442024
558099
402315
421302
880407
898161
21808
280420
66931
808624
545518
958700
419143
381531
