424545
277084
263373
583874
892216
410651
292860
772918
993745
176424
212009
289982
434396
607798
847287
101762
795342
94595
257126
509924
848605
992448
309320
857452
836982
336328
514870
820173
476452
497480
991598
282453
208678
179375
154392
554368
216875
737284
289058
447462
728631
741143
206349
302568
841755
36722
355429
970052
414282
39184
776097
230502
985761
31671
941333
695646
390329
541259
234948
583374
949499
746097
289204
515175
619679
559098
939484
10070
100531
438775
478405
228426
961013
704719
396339
863792
796973
968877
899274
24779
566673
895348
67075
39964
809852
712895
380080
638739
257889
315468
921033
671492
588793
517319
93378
522200
495794
983707
128888
724785
403191
557601
37212
798141
976013
282753
572513
605722
830517
759127
191907
298053
258435
180208
737744
500343
626774
524273
233968
226492
988510
915323
216542
931129
881932
228505
230034
232102
37075
979098
889055
906155
714906
689003
424085
104142
786385
322192
582045
485583
110056
459764
483256
630958
277202
305073
665127
691187
215139
360877
414334
985644
438470
280410
428969
135834
380382
471971
589892
501657
417753
887507
60968
405010
276815
652087
194091
615867
131373
104423
606560
319398
472193
444174
552996
686523
172576
470576
269386
981103
676955
244203
252978
224794
763346
122219
626373
463577
427622
976374
991412
808229
953714
689131
521886
205213
315062
381331
992135
429809
588882
391210
957846
912638
465682
451983
617071
50968
156653
411298
629513
884599
572340
302871
291497
360549
601678
424583
419376
442136
278133
955076
873736
12068
563791
228964
161184
57534
917189
630015
617880
159533
69564
227986
665401
813782
109464
306719
849989
708898
114317
227552
500061
678083
340280
486150
800423
815847
260288
908363
569374
910039
453419
600281
901842
113642
158391
73160
363669
468843
498623
626222
523050
784465
550781
49161
113960
590809
765327
815635
307111
995971
202394
881100
117011
544787
318777
380615
672772
14603
928396
447006
892401
147312
754633
758705
53010
686323
265939
243132
833714
812654
615191
119045
600380
895891
304489
5844
335480
280598
527558
950476
800118
792066
740729
990448
156642
445289
491748
68994
348095
867183
567828
830406
416547
350178
369164
542285
241353
4336
447515
173113
978457
30261
32463
583561
465359
59146
74694
245994
393808
41195
485154
343717
699272
436976
884828
549746
760886
544223
903759
682134
387860
814484
808838
420334
890106
648401
562535
702552
421941
495017
930440
802109
89992
658640
490241
476655
686950
729909
314400
800070
55518
852230
642933
663137
274110
994585
757279
761398
374226
514367
423136
209508
380863
680041
625054
169045
533767
881123
83017
86835
544595
664487
869218
349037
913288
389780
255506
948416
973825
126338
383311
980552
824333
347762
563830
149685
495012
196818
204063
738388
351432
32532
725052
958582
738229
680935
175873
801416
225678
100308
735972
676442
160241
59817
620145
327762
216404
886423
857160
779523
108724
544373
265359
980547
448918
850719
408932
13379
703712
115769
355622
399309
116688
374192
703952
795371
743683
212002
663808
514679
224497
235051
913527
984667
833380
504536
810138
58242
278849
347688
256592
334975
451540
345855
57872
265938
300876
296482
651448
497206
423954
724919
98817
344134
155993
882231
183386
78006
301604
825434
872545
698122
466536
155538
110343
304431
875108
639600
515135
437222
879310
282086
358538
913546
746752
842609
524819
758477
664251
215138
408271
376761
284010
67716
152858
507890
185887
530895
698912
893025
626619
743903
114927
297063
341205
842742
778598
527530
298009
855436
968201
687727
660166
183879
486915
218312
778748
243427
538258
355721
705856
95125
900116
532668
784132
921812
883636
489656
135419
284467
214135
319067
664940
905502
359431
505094
415261
671759
669036
126300
979946
91105
51685
133250
240429
504381
524129
290122
698989
774653
143048
16844
14869
386357
211935
593683
533890
360996
832435
774464
351194
930068
900688
358393
530802
738200
189818
239953
549214
133160
743199
176413
617946
584264
955624
24839
761100
623405
506045
866769
894629
373117
418195
873076
786758
174134
925518
481166
126763
163309
670726
16423
352633
299835
506908
279496
624731
974085
732654
793093
123587
765544
259082
428057
651787
20089
799586
666626
140136
386061
798202
296885
967982
67334
567399
221222
412873
55898
929794
364018
107463
508893
631226
591490
216151
831492
939352
498975
206081
147391
672474
167306
52687
511627
822275
643703
652787
477685
607748
355004
21719
519149
237799
613961
657187
168897
130682
614434
947630
293952
670419
399950
911843
918110
792040
473528
952417
932716
425206
818016
947710
719124
617498
866713
731889
252329
981620
159838
150109
866236
19993
230926
182436
835472
279968
581270
990394
876038
978310
93370
817400
30422
380369
189275
225332
544199
742516
72227
968326
576009
441270
33968
815523
254087
909877
349684
393202
44419
763392
691792
411584
640841
172145
145603
667295
926510
886594
631795
357991
137875
81966
874842
153086
439739
377237
757473
613130
267287
442322
478520
673058
4872
718294
733605
904566
575844
50573
861997
247516
390327
559847
538922
751862
371371
746881
787241
111281
331998
931074
278089
8900
150819
180297
420696
71800
572263
649116
141433
193520
286906
656655
224705
514912
413887
924427
907616
52642
709255
188951
145975
874804
548994
182808
910611
716508
844816
6772
928155
675501
949416
54887
52732
824473
832076
573674
665383
764122
545681
337474
70086
492410
671611
327839
182562
557424
189777
932169
971020
30630
210549
529983
156653
134998
930213
223603
396872
568487
472585
964397
170047
412636
664450
889660
696731
43629
522077
888848
759080
579162
813280
994345
59576
429127
676775
171338
609014
333080
913490
385087
534756
162494
413774
751303
420890
563921
943199
215232
105245
145742
334944
61974
494297
779359
871417
150324
841571
281558
312050
775265
970770
780331
36934
323267
934793
419017
829178
393954
11020
74849
595106
206592
604899
565272
421802
47440
408587
813098
429931
892622
984370
357768
926008
925415
928296
452202
274365
800135
398230
253940
608905
301807
930346
891
714873
374849
979915
720087
514348
302610
969067
595006
911594
795876
543465
22222
776890
557200
597423
773445
203484
209514
348480
231430
398025
855645
294956
81381
639331
124011
313038
974061
77051
498021
855623
992090
822829
429583
788285
504556
110613
450829
823308
928928
183967
125002
591278
714890
41827
46984
13117
156767
337983
897621
780325
359408
226617
499040
837948
35032
516917
369728
116275
388542
112984
178714
90699
237372
490663
286573
229743
373156
510975
638138
608673
323793
213220
616460
651465
923732
463792
649302
139946
455873
930927
818427
913854
332463
825469
905793
289564
219261
281043
547727
958506
951266
102114
341927
336700
713072
416003
26749
190190
233856
442010
974128
341136
677782
130932
697653
916558
776967
590840
489533
910926
705859
649992
680681
714764
44358
524472
41999
599544
171691
43401
142702
215621
510637
621410
312822
917183
338817
696708
575277
995110
560800
271545
953302
858257
638539
748201
776976
742197
974517
407066
462820
933738
760617
832294
941715
74120
836608
198031
980917
563289
382402
83337
27392
732251
249507
824810
139662
404189
991163
906629
411561
334816
315615
347351
645570
78490
263503
264904
259281
467752
225934
787278
612599
165648
80104
862979
540445
609790
741680
489085
981633
379775
89233
211174
12254
989211
142260
585650
924741
643479
702776
46454
469879
554410
861387
48415
12510
773747
607886
498023
450805
529930
969916
623319
197308
386083
764478
922597
556633
710615
877640
195460
394715
780529
148249
593830
527458
38834
66739
757778
382321
964670
350146
668667
143589
528244
505995
817342
182865
97540
884005
410253
173709
163993
643738
752798
893383
880590
471944
283929
865226
81283
753744
185895
920382
17065
964846
238567
717400
884971
296339
543635
660050
595801
974479
157174
528004
723600
88738
642818
998647
870706
735800
523609
480005
783231
505419
586736
82894
301076
863006
551215
228319
795639
422220
188001
604686
427289
198007
648914
69934
254093
832576
120100
889072
934853
798740
880420
240005
931420
630256
815922
462791
635984
189758
551235
385691
989746
120860
171954
840755
56491
52935
116322
215858
320300
828390
171030
289014
270629
159881
943479
779954
511720
348598
495117
524170
670433
814024
304465
722319
153751
680203
406378
36090
160938
205635
699218
444787
61319
658271
482685
544925
447413
397765
842031
550217
25636
391638
795758
812750
632194
346011
779545
282187
804222
873756
411869
174483
860822
466422
267919
367103
997217
803749
153556
297047
904791
86850
897027
363802
614826
292531
257692
595077
743815
463792
77911
983004
998241
216999
268363
148667
277368
535071
444233
698644
162866
759938
680839
533544
405525
291410
577254
784381
980182
523785
390354
633605
453558
5294
210758
925769
837089
597350
648938
106396
476601
74172
195245
605080
486884
888968
244220
404677
42336
894102
440389
347299
348521
367650
659358
939205
701156
607712
123464
83360
369068
51000
793951
125020
406530
174697
615436
582317
221802
308600
854985
925520
657183
866536
603344
732863
345317
783302
762806
123330
359450
44752
479777
372493
961158
779712
468601
78617
561704
854104
564783
464319
884379
908663
977028
263502
772540
304490
449196
244238
353131
592112
96692
470985
163006
303706
186343
415488
845505
338951
900631
210465
848876
108530
772243
190845
900362
278657
626979
381796
779727
847498
553750
786714
555151
184061
580532
135364
305759
795284
463272
295310
723954
579936
26757
990386
782306
188050
434104
861399
406442
733739
271718
467592
36905
391722
659920
517024
475483
226094
715290
336080
927220
939596
611055
103902
249457
575128
605478
573461
113634
618891
330857
790410
216634
419292
124712
484051
951676
549268
809530
495325
622612
89563
135977
516598
620138
208717
76655
320224
607512
328363
748674
868866
905749
610502
151437
810852
285704
120955
972946
524265
187478
549899
703606
981401
709547
278975
445473
296478
552317
428383
386354
260530
664724
168763
93334
16804
287785
562829
525949
733414
842136
667707
741365
501684
812161
163460
733107
392878
677328
267374
857408
437341
790921
679485
524046
828647
516788
823830
228336
92094
825744
167163
85244
734801
194432
594322
716444
803918
294436
978356
576348
801545
497946
463714
230494
834955
390368
655310
38247
6534
788956
838533
139285
753173
801449
677463
134440
68148
513199
411945
289479
638753
350938
453014
544602
475406
811408
298357
31630
852861
138667
711056
957996
582146
49377
452858
201873
157550
164993
527986
249729
924317
178572
472550
621237
272637
554881
379623
502420
27075
734316
457219
228145
151053
168169
203812
190366
313830
771560
736516
278210
67984
994645
154306
990987
647007
871581
884658
308135
554820
312594
269735
865793
341161
418450
837511
13783
771404
980644
558828
842395
637449
274080
772512
646491
335267
816024
28298
370092
921485
582013
801686
894083
135483
887081
515836
291081
736652
751821
618004
122504
122890
102605
542068
130723
418950
666042
618452
401637
835515
284558
930844
792302
344762
103209
896353
827451
973156
344847
792266
19787
178487
308077
415224
677242
298648
851244
175304
397199
124270
251884
139821
900120
856535
681844
436815
29134
107718
373503
188333
676988
441090
938302
656786
943923
992280
488093
284678
839008
534986
547658
246316
328153
176214
751144
160103
757405
901463
991211
346527
851905
192468
360170
712317
333768
835175
326464
274916
9180
359374
434062
566330
108730
180107
11049
436375
445153
258119
821777
744186
52357
611934
140681
948296
748689
950140
345964
535552
610417
638038
666154
919018
148183
379303
512619
221773
387485
282840
993435
65268
619029
899692
514921
189669
414651
147757
250132
327109
183649
919247
873260
991240
756214
20592
300061
908316
262661
946507
262834
966726
620545
797321
61419
904936
158912
539379
770015
850514
156444
259893
597052
837138
669598
248242
382262
262019
379238
866553
426820
570178
667139
279956
819294
160063
600555
26635
362561
179799
690916
703637
536800
814214
128478
641557
50738
991678
44351
222581
231229
9386
419787
809828
216770
854698
681949
308057
524944
604346
511592
299419
896706
708268
248578
705786
490915
653485
143580
912082
904988
217347
897102
245703
740794
129987
165885
264151
741537
518979
129512
158864
436404
627103
639443
258694
722345
586308
115272
949607
455152
821349
179996
357635
84932
407360
681830
832902
715116
341634
208723
194307
383622
378397
192603
46866
610861
720386
928299
598987
876671
799496
152271
249786
80393
179643
380270
871581
41534
202246
585455
433691
521853
784702
628493
254730
219406
858633
642480
924482
291233
894707
893332
30398
494456
673805
181017
93624
982221
688239
635351
250766
852062
320279
98672
347721
786058
57819
434946
280918
739344
717997
519517
600355
579312
512161
981742
447470
326610
299388
540767
380676
401137
855330
24299
212408
958580
266366
256572
661565
483081
290282
554049
299020
578163
443410
464777
445939
752424
851166
704591
401017
41041
526111
52484
283658
488881
675724
708524
545550
996031
764287
813683
735963
226825
709329
445783
823864
74133
982315
545333
804843
695930
982870
991137
213335
937711
718759
935274
96872
272033
655408
146313
513707
123793
170763
46110
120152
246496
248516
988058
346677
688414
15507
687142
459695
860662
193214
493476
847518
215320
329688
695776
539851
441853
807023
508327
722721
443861
226373
563926
708599
978933
983892
747372
739730
559942
894160
601845
872113
72108
967386
932833
872128
181314
99353
408512
521792
417092
182688
396367
493894
219970
837964
197898
458344
776989
77262
877408
727148
169667
886302
318387
865336
679273
630768
659494
212357
616662
257876
117662
67520
569709
298706
798999
708822
944898
736614
902577
283196
383248
507522
189027
156198
920055
319706
422730
37643
633947
920411
327326
10484
331733
53406
830366
424098
803519
990003
27080
756338
564631
547910
858590
744024
454390
454113
933279
638463
978334
667705
686383
894250
833355
642346
703147
699914
729796
858762
712362
436329
98792
515201
398796
230798
880917
331513
677884
323400
989650
662360
440766
120763
255470
810091
802764
452436
460237
990519
475650
660579
584699
909577
175413
206583
472224
983185
695922
515411
254684
734778
773882
682742
313356
975957
379544
451800
912950
562050
190498
358389
966734
88988
950324
80563
952624
260058
873136
766417
867956
745104
74701
522964
145159
189913
195338
279090
499687
237677
278334
848092
395417
319166
753882
459560
883513
84266
858942
489872
845332
929211
367671
896250
198647
360577
803718
432445
91673
5718
543281
980409
72436
87510
251586
682712
486216
662335
775967
316479
760526
271267
607037
913792
227
346982
559032
2563
988078
380359
752127
99484
281936
528213
621384
660512
706241
335067
855561
495777
856367
652570
489845
880696
122094
632736
762394
592889
571963
710778
913947
562425
826077
577585
246482
357195
624950
254928
522630
14787
360533
209795
309686
479567
514210
156713
192953
569895
825227
911531
218305
745427
885250
676674
233259
423190
255507
240667
349151
304984
527762
541159
654323
918243
101469
229309
728361
964415
509649
221360
550264
339233
970678
48010
951789
902718
786884
866739
601711
695248
224013
679783
272858
292708
611312
485510
679964
141878
599498
244572
179026
734438
89100
738665
415632
400014
504807
585079
497422
953834
98968
856718
755905
693329
818782
852361
30311
560329
553298
186357
248324
835715
776512
945428
410704
938626
563646
13094
364435
124915
831264
946774
938134
937013
54786
262373
690512
332261
966149
104413
821004
986116
933089
752559
632706
658076
749484
263846
956347
176123
386296
150593
170503
160569
807831
934680
512908
911199
725355
508080
412898
516710
671616
862395
702483
704772
21515
839274
30098
534858
760408
424319
97430
144408
952566
170135
517380
146487
405804
455075
899316
891695
493744
810170
204762
260778
361549
97843
11566
662197
692582
600478
897081
53097
655629
746787
619320
403396
468249
402283
635380
172318
235033
805986
194145
226089
315953
764127
820155
221350
850511
839185
483317
331260
329769
43844
390448
67237
473690
746155
515304
89478
722108
197584
195526
154432
626192
328150
456862
613537
601257
197442
181659
691462
91578
647658
48657
486789
221445
216404
418541
307767
469635
905918
371369
189308
479584
29889
206943
59776
124925
963191
867645
70815
348004
460497
563301
102780
539039
158362
396061
362358
596615
592238
371390
572409
403754
684550
60445
566779
367158
532816
975519
74891
254186
814434
117727
781849
42830
30014
731165
155839
353932
449029
45641
155413
925739
327991
33277
840449
503790
951145
926600
76700
126238
944346
563643
737799
218471
832934
903645
351109
950455
308975
584034
637665
199877
171490
438377
394640
871679
411033
5562
874785
960728
488474
600543
870433
489656
937557
311091
18275
897561
387834
184460
812006
140999
593783
340739
989184
359729
901255
669399
66115
450986
932427
450581
279851
902304
530955
910463
610037
682619
787564
827023
785069
813866
232242
583845
397863
977317
559175
589781
224672
456514
845778
610447
150179
757100
978999
168714
67960
545499
343160
575834
135190
713643
240536
255818
955429
704635
1695
307137
551161
311253
244190
732767
144275
34052
821072
568870
765450
879379
298720
231853
395317
982084
578910
48221
928257
754135
587250
882400
178925
102356
681854
839954
675011
804441
530513
343735
920666
965441
705222
202419
58300
402121
614300
783381
836591
638569
49085
422790
932458
731814
655812
314230
284810
491300
811306
449931
134469
911395
669682
288420
891559
65322
435675
621190
339951
454194
932610
489513
586226
748978
923191
245477
943665
732530
560006
295102
184574
816759
522223
998949
103830
559033
547484
492819
238786
269562
656207
996766
49660
150308
928752
849386
453635
851560
304578
920227
659255
117297
643576
226251
556902
104412
891342
592670
903424
963450
382998
325885
114292
650196
482336
303565
81530
103793
825227
481799
676168
958929
371549
407196
925200
387308
657569
98120
209229
738494
33351
10892
306520
856236
874722
465279
441655
998087
113352
456107
858195
640463
83966
543769
346409
959422
679823
436221
983002
303945
13048
335259
411396
770032
851221
990262
103341
984184
735834
951077
539606
584451
828116
148574
276338
350588
734161
431628
632572
621196
547479
91687
132902
549845
766807
577781
167645
261769
348144
753814
110206
247776
198378
565409
393388
404910
49073
181963
50341
268398
103094
999647
698368
277113
779658
794496
717684
146688
686510
464605
704110
192228
472615
947597
198928
53612
61406
559431
673924
424547
342787
151227
951269
261651
67932
12214
169188
100005
398515
188877
323388
691435
539460
624805
670184
274085
139227
797938
426223
488245
792054
525449
557708
970882
644147
450750
282569
92816
794864
539582
375681
698275
556067
125010
519555
206091
55675
178466
481266
846669
62112
522900
15604
717554
635515
74025
716467
266885
8634
597944
485158
459255
412291
102743
65349
637360
742676
199442
193741
680390
237755
493945
192651
114927
747257
898453
414832
707795
622449
603386
783253
379555
474087
556497
765570
907902
766116
689012
52913
458476
6444
400095
673697
495766
169909
80087
779627
815417
222677
403619
986061
593733
501040
276294
703001
406973
543979
878815
683416
737942
230655
524794
166381
825116
195648
585592
942265
237663
326871
991991
837359
296546
353748
611069
839751
975315
759653
27847
31437
269874
535890
684662
714100
990242
637460
198076
947695
875335
278721
978295
508725
151433
980705
119133
490480
546770
572184
968924
545236
624915
275087
626367
480828
797633
96403
882078
786579
116228
43258
669765
604847
974528
719408
712231
394387
565882
854202
422132
767227
63685
415802
475329
59372
716228
909407
895624
447906
456927
204675
79581
316306
804209
839841
393089
230611
148715
627079
868319
825528
496748
683672
117983
163756
924080
815223
305878
411797
358097
427235
123539
599796
108164
774850
985604
12633
580679
209334
33898
357382
915540
333744
575105
551504
825867
271163
734243
754376
889295
470936
208766
114980
217764
868512
315479
505609
540081
330016
978665
333355
500510
970004
491184
928030
906536
27586
68359
304606
158303
76600
560208
339126
633718
980758
438687
75285
484700
775633
272548
55305
188392
385773
201095
546676
818407
248625
632355
752812
938461
335105
932277
525739
72653
531899
37565
740299
98354
309213
114405
415106
256913
780388
300441
143593
369720
912717
705339
400398
790700
8612
419037
45967
776601
719282
339720
364162
88459
21189
586284
593515
95200
894635
975973
679353
48220
583224
144977
695240
354615
555284
10657
700769
408495
220960
170445
227303
197188
247260
720728
836197
861424
77138
781177
667560
800791
722882
578300
879952
694326
736999
978802
740520
657976
968052
237992
199241
243549
354119
120628
57786
538541
360192
763889
910990
412818
777522
355940
711663
802591
455410
643521
330965
287480
537383
575882
552195
929302
440862
33155
754324
571593
770298
861560
727916
484678
509331
919893
341173
788023
18236
448488
927426
828732
565189
731982
428491
180203
415168
172324
900344
231344
238399
215183
48817
593806
826183
920043
393420
562671
318565
15270
897989
39869
437504
293203
277018
59014
513857
473573
388025
303764
147171
623584
271004
442044
134277
346082
133742
985503
621021
677942
325871
875455
38895
998032
135302
173125
199102
446045
208928
272127
305552
762829
157761
726399
28043
10740
641130
274911
728838
34152
987451
333258
766197
18592
546875
778788
882121
974419
286552
688076
464216
768673
808093
626342
503547
162824
34964
248640
582793
619106
620018
665331
582419
913353
898546
638335
664059
739439
495904
727155
259255
25230
27939
951990
95889
24692
605692
599166
313815
194322
664773
585500
698065
633179
907000
966364
66661
556836
437905
51446
658116
262737
922373
367216
74422
786669
258752
22896
676615
595036
8663
419908
423266
535222
805098
626080
603364
565732
531835
137276
76854
519913
308789
507467
245528
298492
766413
133769
241958
503977
772517
173971
191200
603936
450263
781688
945150
421064
276348
337627
78525
865334
704389
499352
213827
473084
684949
42176
665616
131462
826474
234529
203111
851936
316353
789009
601506
40839
850920
32549
765571
584151
246103
52009
462757
826365
594299
492295
330094
361662
995507
425751
323595
503375
30173
555041
326508
235210
660586
565349
986189
144473
795443
438035
680125
188866
868244
342880
508935
863773
109007
405002
887119
148376
439830
590163
180385
87187
314879
262519
298484
272770
101028
871671
146630
934254
790900
158652
736609
223118
949435
613689
216021
313637
868545
383676
87736
624909
230623
976928
728442
790425
341452
325432
60090
786099
501916
612844
392853
362451
838436
24238
466434
105496
300981
868424
693741
763193
358715
431374
685908
811233
320716
164222
210624
471607
139588
408173
504341
520135
16308
884228
712691
674992
952523
157518
981355
192927
224275
569281
322328
602242
138815
869436
132958
674438
434040
490592
503632
59041
878904
905647
650350
112302
667518
524038
378840
618934
816578
812434
329065
715837
121844
292236
646473
222673
581053
572599
268053
889412
328103
487761
301281
674838
76698
516622
685502
131211
164505
846155
63838
772679
117031
259110
959339
831589
947544
49073
171409
590723
482760
390024
585439
226322
688296
447943
996043
217020
107181
660196
143625
368037
81497
166623
815561
979523
995655
903913
491622
729501
275979
274081
937490
334509
537663
32420
184104
340119
477093
249053
809225
355107
226934
273748
696452
356804
761260
500347
549825
633276
1655
303100
526374
235763
366812
313236
793459
514640
497191
896419
877081
949544
816383
708570
463587
235621
651424
663774
53380
748585
7754
818937
767621
502827
623429
348395
44570
691238
148090
64940
986541
40557
357162
715237
613819
281603
607880
905980
521501
431079
997250
855933
513004
335326
609724
374579
202239
196512
819740
148455
750896
758815
683954
499154
957345
68213
33323
701579
696021
927382
260650
951266
239335
945450
108298
385403
507943
900961
61917
141535
475001
66289
353029
814082
318064
57571
354270
24
643280
146419
849496
853383
696981
551679
696588
243446
683600
572187
75789
807386
394227
62149
444598
829093
702407
203184
554618
145950
157999
489328
551739
980963
985962
908802
787931
919177
884431
550066
710000
207111
822183
631088
387703
707789
70887
331881
890985
435803
174580
351403
83785
667328
841074
366008
717599
630128
842501
957891
861873
882203
780054
715309
611155
140542
968445
865876
21763
956910
147762
106328
487496
925180
708901
556021
179940
149700
438840
685406
626828
406399
46192
516804
455488
815117
886441
409579
998946
732757
684629
817139
390496
99128
611707
947678
273109
998103
893829
377981
114754
142717
980768
752429
457414
211717
80003
453714
621404
71628
138161
982259
606969
77567
913458
922598
830470
397742
342478
367612
949003
594663
743391
422699
809401
276224
889034
977161
478951
65603
454123
971012
284296
337513
891714
729567
311196
656349
77509
267830
44496
176107
440831
530228
220893
75966
302378
669000
377887
966389
253602
20480
989445
506444
944373
142046
833964
887724
548590
505868
574223
977955
856583
51637
105755
888506
781236
357688
191642
746758
98330
903507
160031
179873
824737
682279
759798
120077
414237
626525
478803
212502
93520
628829
708950
993658
620873
554548
568787
338522
959917
130661
274115
17442
233876
783702
133420
13071
638860
89495
843234
788979
429694
409658
102597
250944
832471
542085
421103
243998
386195
849178
230989
512902
530430
924822
474492
268287
491627
46288
495156
328769
423105
268311
327365
620576
384064
410403
57717
239662
691467
318098
557324
955788
59724
58475
346672
474618
846211
182587
722802
663923
441989
713948
656309
843756
911278
485472
675851
547737
660635
806304
871500
425762
919584
641657
256737
618968
861458
359286
40338
233983
972744
983902
320152
519228
489356
525413
11653
447102
618871
55604
950752
671026
232224
786478
190310
730006
877940
317698
915767
946180
193716
253151
699173
432664
373758
907270
720451
291167
466834
220939
555433
169261
251370
734600
819038
843669
896368
212246
608766
732864
391273
823722
791447
585556
507945
430960
881897
740664
342903
869661
410223
550649
224520
547813
120636
394545
542765
860839
880546
286461
593839
505824
118870
233800
94976
511031
750147
858866
55901
247820
340979
130396
770840
891249
990250
443624
784928
728765
872196
998030
276859
301713
478161
913322
905562
346543
423443
216647
535569
942810
310355
781539
506088
226547
233751
405396
543768
138832
9525
957912
866123
71156
626183
721924
444130
304951
720088
331818
667723
683026
493643
491248
768880
377576
958230
322963
775619
335161
164636
242159
561638
896082
493936
41471
256948
395189
462611
517790
958148
108868
955935
279981
841277
907041
562358
317559
830399
156839
880805
738620
179300
249238
396301
125546
141827
334330
519687
465149
895139
501081
234852
944852
496595
836083
335702
110808
977908
804191
849616
981258
632236
353723
198769
856465
143190
667254
150689
671961
50026
98985
210417
880113
283234
74997
80400
898002
53990
919376
70557
242638
820132
487366
412760
858448
44043
773939
256295
723932
839987
812685
184165
199886
632960
920048
761372
317881
442913
336512
282036
36595
274280
334323
788252
29637
21651
368585
529465
426565
660778
202841
919805
520219
229041
68448
826363
933820
621295
912513
183535
730758
48086
377439
794525
529802
941496
132355
985009
919569
581896
700862
500125
230828
460372
350661
670197
452667
659245
571292
587634
275886
583036
78885
59578
358508
830500
143011
569126
410246
831666
31281
914146
310158
691388
996778
46250
731068
599794
684351
496397
751814
64615
441972
483660
700300
568290
233974
248650
314283
440798
237256
960554
644807
667367
268410
319755
328417
45244
246083
596477
533133
683352
918690
602745
275522
758053
150405
124680
644013
981141
980661
487354
717282
970524
671726
578805
622636
688963
978819
609083
391383
588648
545807
191745
722609
540689
526484
716058
44487
816505
941213
561379
759543
774757
746027
467790
109668
516791
815481
258980
254283
465809
336961
212075
555828
856389
236957
962280
873996
298796
880061
968849
294792
939077
831190
659840
306383
97966
282982
486201
330329
734502
783649
819044
290935
896652
145194
295104
40133
491893
867593
536765
154199
244965
584427
889535
810168
848807
409274
145808
903453
618595
416930
471172
645232
32706
704914
206274
617150
893755
103178
299094
162347
477019
773733
332196
322995
192308
347642
313356
301939
483536
353291
408303
263743
7106
720891
933306
461653
320833
234934
984622
588161
848084
75082
945035
921071
507650
80145
846118
968774
538579
4180
585180
374195
649379
70240
163627
93893
390963
375958
81486
690447
503946
300004
652786
318157
795119
689522
534074
139153
790849
104198
10464
929487
723560
113507
367141
614435
25090
516832
815821
608319
226882
316777
198929
202777
856215
127133
701111
157386
787014
935840
308512
891941
425468
532011
768240
685232
125586
147338
852255
585847
136137
542750
834489
372463
114284
554101
627807
383391
667254
72665
275810
493275
344975
373779
38964
160121
256338
759171
32301
418073
77611
1909
816588
358296
783156
863371
266528
282552
453970
401216
698031
71491
232895
32197
344758
347119
189685
949067
620022
959913
35729
956073
467094
405212
588998
316583
733284
189878
74620
514548
324666
615869
410608
199987
608733
687795
80841
672844
305321
643938
836091
111107
994984
793493
85844
4893
859945
51648
516062
759889
934799
485024
589520
468143
259884
866921
922880
965817
502221
604955
462664
8031
894853
120098
432962
568396
405883
216216
961278
420996
567235
908026
700717
797120
289429
856051
589779
337748
291993
948332
676823
998541
928283
758707
743335
91811
386979
157575
498597
954062
118897
547461
682528
259207
527810
869141
219342
483859
26883
750916
830899
54716
506189
166000
686674
429238
64508
483529
862746
483335
321798
497667
69408
835735
620075
729027
233316
53019
145071
265479
192191
922933
869858
950420
248142
988611
885777
114286
680027
752730
799510
831655
468820
353093
680266
324704
753375
911750
80010
341836
787578
157236
214496
652792
831584
511623
748007
28432
263639
487673
873294
798658
102329
924190
791964
124136
867229
521802
131002
537239
896292
275872
857712
719554
576638
976014
60281
302560
409475
414782
793542
536440
52280
638866
28327
955040
176087
414502
210473
515621
131803
405781
562529
292431
966717
767781
540801
388695
456924
889138
489667
271861
682309
214838
243237
314875
707860
11961
917073
370362
786359
284826
623417
587918
749468
422110
269129
903733
108217
481107
238301
842828
646047
58101
260678
423977
591050
633
446875
499678
138261
192289
509831
425891
671704
113715
484228
214716
421497
203661
798988
806387
368646
263190
984522
991412
321476
640423
331187
42395
233927
221023
81899
470638
67144
90613
101368
829750
516586
269601
607107
357523
284912
640476
804591
787686
809108
875124
560616
809502
543246
992448
389267
235995
625558
144342
481057
481902
844207
560589
72221
125365
129875
431459
391266
198700
655443
507900
61298
141057
527175
845227
916806
91613
509864
20730
301168
805640
460520
798510
179906
724067
392216
760915
495267
636851
474512
198623
551610
775533
713838
402688
768035
57105
261806
204142
692169
522155
810543
761814
821714
86294
316270
428528
489169
637399
219822
527434
582350
834375
63744
26189
455009
547156
998623
64725
13648
23845
461175
661353
306312
454299
845392
601261
90051
813608
501395
382792
836679
145092
928687
365201
192274
903131
972912
927446
495429
433673
704297
451028
346914
393638
599083
82859
263199
462276
311508
843979
705994
46406
311156
87424
647151
483158
472994
770705
708321
489985
809328
844224
621731
10026
381101
870054
948019
563781
568784
758653
436720
449788
817877
374685
744887
934359
126462
602521
258989
590548
727662
193003
640272
780556
597635
516378
132997
964676
278501
579879
411620
896090
743385
719826
763761
632717
302607
521548
813757
402389
567090
528383
195297
444560
655257
655359
16079
317984
2412
469359
992260
91427
727612
569840
248389
911556
79614
907829
333783
962981
197570
868571
618277
314819
362741
948680
326498
264483
290138
54985
18708
543455
264556
242139
425219
631789
245449
291366
621855
743265
829418
968922
688653
523526
182275
718475
880454
758190
26189
117817
849886
314744
872249
631991
964210
779211
155741
110159
153126
492349
339920
914971
788567
993
525916
969704
899452
946838
429374
684034
856831
49535
799425
406867
331314
115206
516526
61749
817733
438897
307927
36825
638276
199847
934226
170458
200430
704227
347464
696089
992984
582029
701936
712280
381606
54432
112514
299121
712828
797640
401287
335764
888508
452215
682782
426257
814725
361111
314168
640670
497102
508168
598532
120106
980529
525933
807592
696094
255329
662466
606498
95258
94097
591338
397460
841697
257729
791050
720324
886367
623863
867939
598808
727281
782582
987562
617863
925094
800408
569672
855103
240689
374332
338642
126223
320697
479165
370351
335011
181194
981540
647069
853926
140882
343131
395099
489258
663437
917513
606152
511535
838164
360569
102275
844789
182709
789662
741258
744168
772684
337215
619566
641295
318911
919302
760860
686013
512057
366496
622198
543214
965043
257603
772122
770442
22869
55990
161927
907748
883306
842066
796517
316093
965895
65791
484277
523598
951984
761447
145757
732309
504808
943305
905748
450047
732028
236705
882078
596931
136464
649932
83195
57958
171986
380991
480701
22367
714732
954098
469011
430509
499568
456583
507115
160740
83689
901770
9551
949767
10943
279711
206683
980368
545592
47814
324835
583891
83999
870481
835761
869772
258683
810950
201853
879515
406718
286727
381960
297220
357010
484586
672088
937555
837152
911086
402735
57822
962804
997410
483743
967393
163891
648006
996293
119532
975510
987873
501715
744551
639783
4672
421730
260911
727002
661936
345217
624390
884336
225269
650872
846286
112085
879482
646189
638065
786829
477760
255929
148246
201092
364459
141182
488903
167505
606933
886931
50588
671839
853542
770712
304747
941319
305056
636517
704102
676546
68256
675548
814795
432935
530796
551913
140364
964020
959218
521408
555026
698156
230197
894912
730605
290275
269660
572196
519162
938390
999864
216654
859521
460417
650650
49634
452372
584873
356520
230312
963183
916420
946256
474791
7199
732017
997667
983276
918717
403815
987743
577963
366777
25521
934632
875459
573927
947286
378624
382060
283131
38854
661479
983165
746213
242964
548323
802240
666689
957004
645474
226991
558653
747296
343721
121584
400629
540674
653957
46681
198999
804192
242999
855026
426064
152583
198165
933343
118540
989997
15867
346815
806788
338558
449059
801274
638440
993688
329506
349214
74395
13141
688593
310393
674603
842529
973098
78686
518244
66358
855724
879662
519255
716422
574447
335828
142544
876906
868436
651719
774233
344344
868279
231320
564910
154014
855376
993138
975697
322621
863307
234111
360785
100187
134768
608070
126420
727981
916131
654159
429970
114082
625220
210850
577662
312163
82665
410244
615439
840735
671305
314921
165730
909071
262716
703553
2749
226984
687958
527730
329526
557256
21290
780544
19250
675569
172651
613698
748106
246340
597360
890770
355084
700634
623211
990506
596122
702661
254101
361308
268955
40997
650615
710856
862202
966536
137255
998496
940513
58977
501082
407629
212302
512174
193179
590214
482822
567894
284339
344462
777615
569007
438898
496224
666303
270733
878267
414115
478611
201136
689308
125698
556115
380293
824401
365658
423613
195131
43124
861313
193117
784089
158989
23669
320607
622885
66369
356390
704188
158840
747026
455484
99536
948812
199173
328873
638292
222601
535381
664376
69495
514466
340883
229002
715252
288957
497316
257818
823474
206031
384045
497087
818947
647721
468724
530742
142890
918632
881516
7010
307593
730507
197377
534691
638801
588159
776688
80443
367791
782050
292420
959895
636881
645154
372260
86492
367551
669707
229183
90357
454007
192063
540689
357102
95765
647165
215445
455465
200903
575680
39119
118764
98559
843010
620499
705928
617024
620913
95680
576233
360734
197631
693814
66538
543100
131050
817251
124082
95823
687715
428203
11821
880752
981336
282513
191241
28814
645293
874212
422190
127521
384008
267486
851588
171220
396483
835120
428753
869024
871846
243671
350145
452336
294196
523783
335388
903096
711174
979835
778541
12423
322530
196665
539472
927983
159708
392415
389911
666785
744790
309487
88421
690036
998849
172737
351279
585117
725364
5527
843913
599534
683819
833080
437332
794370
368545
762760
83921
10647
173265
620354
398896
911415
649216
254143
669825
283852
945292
323026
62264
646061
910255
135890
546849
973246
797436
117781
130809
24650
966259
969971
238503
66855
795213
542454
28164
928767
775154
176312
399289
664316
497143
868901
58801
264530
574780
875931
285980
328130
302434
460838
941880
607131
913523
106788
288974
96188
316969
566579
167498
636097
221191
346676
787302
73928
40495
657343
4434
40945
737455
234259
863114
101037
94098
887966
256921
556328
961879
290861
86866
231068
117703
248700
727688
155561
166062
70489
681089
674901
707311
526116
149796
791343
803143
881255
453123
923090
343817
398074
173249
737370
138004
333059
718439
286444
609703
676706
608980
712803
231579
564923
957386
918166
132232
853698
952852
90435
931780
735233
647305
561352
373643
476325
59394
347854
291036
97508
771870
657281
458995
704297
29643
449707
760806
443778
233260
15743
301128
413861
919917
754619
78639
156866
568346
994595
625456
834113
234037
635487
674660
973972
904871
730015
325466
437056
241391
629290
679021
129443
775391
760101
963914
160346
33317
932239
617426
204930
614304
250524
16691
431921
289941
969015
42737
835186
165675
459686
398767
993775
238259
135931
226042
98438
640445
532157
732139
574411
881310
149971
205110
842731
8806
244326
212115
21003
200455
15273
561599
400883
698818
675114
830977
297063
295712
826733
15240
485126
267478
472893
709628
420549
919824
587102
509535
783605
820936
214887
629
66683
958698
842131
840341
982086
317039
860119
675595
398352
202413
259471
420359
807202
360167
695507
747780
599575
471789
553854
766712
149780
321735
891030
982140
291129
417074
718083
991304
397362
778342
238687
686954
579186
832348
398453
578584
745869
744895
909826
590994
478164
663206
454583
464849
589101
346943
392636
225243
707535
532807
846036
978298
376659
673711
530255
138676
550158
841073
606796
380253
619632
420939
197479
582868
198325
337638
786865
187992
161851
904765
511960
781122
641629
956257
327253
869731
21276
111665
500609
541622
251016
292852
391996
806378
689421
485388
540114
69249
579113
607319
940527
768691
581772
969228
336893
164734
623178
376959
255254
659012
970720
335696
562837
745539
226947
869613
96365
89304
643107
183164
948820
161372
140674
539144
884095
328731
389702
651907
596971
335210
308061
665134
33113
317580
820195
917785
770192
96831
376160
832551
171234
71432
705578
470546
238572
821762
523939
792032
25985
484232
288092
375079
495120
839366
110079
316923
426915
229652
471374
860125
780556
250873
962178
68436
952561
722150
950995
384746
218570
36262
730482
204111
706893
720496
259206
451958
875389
378673
234680
577119
645520
942443
267938
687514
351311
548333
256425
299175
564467
496956
367297
338306
490019
464326
339951
406497
864677
850439
587713
69513
921616
608364
898185
862705
625648
231604
910522
554510
319202
216713
16956
94158
605601
689563
830349
597967
705284
708178
618336
458573
958535
103954
358554
156959
873966
175069
590756
967927
977180
248686
961044
248123
972231
201438
64469
479810
820981
172357
609830
913547
978448
435502
279021
8820
372988
90650
871874
443974
497350
277284
72848
720300
452153
350721
292252
491080
844536
624966
445055
23214
725853
464289
815396
957233
848242
38940
213610
310807
664820
82633
235054
840575
637346
983360
602604
484412
320874
14310
76250
666239
457833
172341
692683
229644
910163
34881
488311
862427
935494
732094
599602
142292
352083
457981
671827
860569
502970
398799
989677
333497
136970
591546
721331
922675
216421
305832
464309
491993
291732
577795
276756
751911
542727
647471
406479
535967
740633
437565
159754
962881
98640
616020
457331
129476
661956
52742
776235
562076
699561
305105
141601
967309
678635
993251
53763
187690
770645
659492
710249
212311
453399
784855
686401
665810
511701
620084
558538
788819
939984
152174
176527
155196
955779
615880
904145
451560
378631
63081
696166
49076
723723
637931
133099
216169
60320
615735
324017
379256
8225
808137
116968
414592
935668
972590
900405
833508
86728
401475
539851
262481
504736
708527
372400
682743
578260
871
611827
802629
342000
125690
775085
730822
646936
52548
477380
119421
132841
661171
270468
500310
923657
990933
124778
246162
964732
350260
629376
620048
853220
970305
287518
228938
927264
602651
329905
937068
259780
56718
977733
167371
991886
919285
411471
903722
974879
293638
622958
947066
138992
712187
997343
757965
958143
99404
866879
897199
298452
53161
599980
132903
921871
52747
995799
47451
916550
634611
9080
22999
594399
499494
209143
261651
15069
911344
661388
186340
973038
231290
90014
712549
900988
922025
813702
879698
772216
520038
371346
573512
192048
469939
315003
359579
960481
597125
539001
280254
340997
729988
185291
910975
629990
850304
93294
76779
892963
886380
141476
470465
331120
300948
984452
403030
823320
151678
646745
945406
329239
543599
358298
529077
853502
656485
892132
884478
772921
138612
347554
697932
868779
524804
310667
155366
321316
643970
25088
707634
223874
152362
434472
37394
175438
300387
533718
15113
795204
705140
607812
443320
490385
573979
476013
136007
670919
689702
661855
13909
825001
675666
532926
35313
780732
428063
579191
619168
181729
4732
723420
313114
468403
370980
593543
623937
990931
825693
57955
23200
572922
352862
716597
762655
4583
612636
474686
933152
46348
165827
196688
24545
618641
897068
535611
185255
860246
528631
175841
100473
343181
480080
618205
528981
365218
283875
946897
271040
245006
447837
535707
363014
160093
421898
475994
807821
652901
337466
423158
939362
715615
444175
930779
320983
641889
429099
315613
675083
878144
733514
800178
996513
183622
518846
217954
347801
130253
136614
873518
209689
601448
452288
943360
491238
236494
562646
643164
802722
585153
620062
243780
62803
298114
16645
205
994587
716027
167613
683012
945252
676655
748914
482025
853596
625206
254665
569295
804319
905648
398844
987283
118919
674031
440695
43250
133635
669594
561658
239370
40536
722837
595543
551805
195899
807031
526628
113459
312672
451897
349221
457148
940507
34015
96551
552011
47714
210730
823297
393873
603665
535941
108079
112340
941357
211877
114452
209147
757390
514624
474099
712621
571152
71702
236654
906468
635586
313150
923440
478204
648250
852234
704242
133639
487845
670320
326295
353302
940404
539645
958362
163134
535451
287287
795962
283427
415472
954694
271335
30122
426366
991951
584094
342752
928688
584288
690083
23269
587037
721792
996305
283947
69940
123470
452424
738814
916991
994685
990845
874355
499325
974781
496794
107685
231065
880093
328080
175580
976381
269105
482559
355489
154520
157904
155069
523354
838704
939461
775035
868083
60013
397075
500346
465405
445435
909001
255071
291340
881414
619951
769250
18892
697949
1534
857337
245491
561444
429597
440132
561103
853032
961759
156792
17804
719572
795544
519607
829780
361200
236304
139253
326207
844444
493763
472357
596574
12873
961012
378306
483559
330130
817666
997635
768265
40805
556279
422703
189273
546213
903238
457027
417062
974244
346892
502583
413847
476237
193575
987589
190678
35814
59393
223057
599347
224567
472245
75765
244415
396209
569291
498843
475756
475563
2867
576961
614547
705151
995538
303237
326529
786740
568377
443728
42406
456210
488380
777175
768190
322918
505419
362439
677743
577872
68090
47568
515029
85756
806303
372472
114584
61329
535070
698758
249181
904867
878082
519727
417807
614044
42128
140505
821724
348918
27446
511597
299068
851360
560092
705612
934502
482160
560215
442781
634917
86877
386369
996638
249719
211296
719825
659044
853446
829163
286378
896088
796123
956708
434859
508063
728495
285689
690309
782850
929361
627580
358860
15285
596639
434268
910531
66120
611087
354770
963438
406017
877275
675059
798911
159754
586987
153362
860610
705896
610229
361480
159371
92404
203878
783397
727752
15361
715030
379540
759185
450369
181260
7890
613226
528320
617469
376849
377809
482768
679570
947359
421357
106412
122123
89969
846166
837331
226889
61161
191417
668204
730608
681720
976560
817840
4039
709652
946747
553210
450194
958919
248709
548389
902347
470368
65189
426702
41185
451838
380333
590737
76500
12976
820796
752604
456203
692671
140975
320602
373281
110891
596285
932180
571888
525763
255463
789616
576632
125825
171666
468302
14938
908354
341741
841427
692461
471066
819443
468093
61504
499769
167163
406914
351441
197796
278884
507336
27270
538658
116044
748352
825980
951610
537916
299689
522521
205279
681662
581613
960426
655341
282037
718481
570541
224134
968275
666134
365108
712173
430235
978328
186212
332564
933120
325083
369678
799672
295721
950840
450871
657140
242581
525270
554680
937093
651313
160536
692196
679272
952839
619949
926163
619946
356881
382975
851877
602324
902082
128256
988443
501619
225508
285592
413623
32752
725413
903171
111228
501286
993243
41007
127410
824985
809512
40031
419530
53349
457195
442221
780269
337870
310509
907604
993070
196175
414600
420631
920236
592083
498862
355139
461883
409554
518231
235740
634425
899063
643640
903168
34769
197969
783459
588878
272102
426461
137836
582586
127470
464662
984696
828362
8422
958980
298655
336969
954069
496806
437634
613337
810951
523322
644399
332927
783129
665169
237643
250519
858371
237904
664572
98049
96443
439502
486804
570857
396445
868393
935771
20225
176706
561134
623407
942999
274446
859389
391559
294858
448287
199357
218258
745574
525712
70298
311564
318898
522278
520626
386268
998393
318005
133026
368169
356852
267711
767432
761654
804715
664101
428869
452971
775156
321565
796310
714591
623144
339657
15159
607465
192651
604539
426862
645292
372055
568924
235645
757654
232697
439583
639989
743318
12386
102493
400666
439469
108911
777903
513531
996797
862774
490085
763956
926532
761943
269010
585798
166941
494282
46885
439891
346976
238564
526244
827328
148841
232849
534115
983655
653503
546099
964205
258186
755870
454457
930297
727232
213512
526598
357787
428406
67963
437518
808693
167517
755500
53830
119964
897755
423345
540181
317217
93286
561809
520923
369662
270531
161315
194293
788864
374877
959989
377478
688001
641381
155284
484957
693407
71577
409228
360348
873621
54336
856456
428852
206195
361683
16914
628044
148384
151356
516420
226424
275129
62932
855003
689746
780719
880061
697589
99152
158808
855399
116958
928463
979158
989022
23046
275693
934446
876657
912837
695726
658568
359114
83621
912934
219251
445717
845126
234824
287354
686715
514826
826551
291681
761840
557731
108522
403037
556395
117412
804947
696098
27232
271140
816868
77891
961781
408478
425222
805940
135914
285759
148769
459592
915247
401242
26843
611671
328820
814929
808420
331265
900021
313276
981520
916642
563338
594089
564675
550528
572105
947082
444011
840823
154725
741695
90737
588949
643912
987053
482440
951649
829000
844175
331676
948902
647494
124141
369250
135225
308688
859221
556581
933427
469222
879297
849928
142901
443942
364838
306507
858750
152480
25292
671359
398577
72380
910903
29667
631057
832195
906275
61879
648797
574396
851986
404336
459667
742994
244589
975485
191623
137398
454706
311598
776911
923440
473330
971024
564251
275034
61500
643127
348001
577056
978716
611489
36137
508209
982497
345069
2700
260582
219093
272306
287832
753873
105667
119505
398625
709167
542015
238751
382412
640915
107154
962285
606736
486341
665226
480352
414620
900098
571638
66070
453188
703299
140075
880460
249256
137441
930069
37594
746963
776454
362837
258899
286022
564847
941027
678777
18421
632362
562214
53866
629404
537513
507809
246302
652749
490201
504781
823953
202778
720373
611291
371880
596305
742878
790503
753817
12918
916506
70428
770070
831169
317533
71544
695388
441376
568015
508556
635301
132701
444655
317906
390660
97983
104954
753737
766552
332141
902152
830179
525238
222730
775687
723269
804500
31715
329574
827488
973979
544134
313264
573200
222867
457750
166664
739281
788777
412407
280433
793142
25026
246291
418935
325910
416010
89873
204621
264142
19426
251175
811213
44704
723403
865899
278735
847218
155397
452291
732444
93421
83897
88675
690536
734184
897379
592992
652788
598177
702715
670023
57559
169199
7688
245109
239132
856674
448290
109983
642571
319428
661570
593295
947681
994180
824579
410709
806843
909018
239782
781512
913341
95498
935767
726524
473891
758401
917324
102086
908421
418235
16914
496044
593188
489271
856165
250318
230850
430149
303339
265421
112286
383756
636461
948325
773784
646066
153394
686243
597193
375321
410944
827178
252421
249346
57009
37719
408913
306180
23819
955561
171923
637254
997984
486221
847380
827105
942766
10594
146365
828858
750483
401072
972593
172937
225860
553350
661227
151513
200830
353231
876983
240091
724044
363409
142685
513829
839934
992000
464580
192998
328364
123438
994088
832709
586535
678400
778488
739920
6205
737302
313808
57741
108859
551073
252929
332172
324028
608254
806918
353639
565873
906130
714901
539106
300549
413667
450046
352879
171960
446669
952910
751346
108835
994718
933617
