553453
7211
463595
107267
907883
991829
160467
541490
180207
869868
996854
690871
739646
646615
659989
455315
693463
651496
432470
943621
203965
279734
353913
123037
221358
785068
410675
821441
53425
256406
263276
111048
673820
877125
705840
107970
242240
912227
679161
916994
919933
616911
544338
799242
374705
376021
564828
230776
523714
279718
804096
959347
118472
621574
7391
765757
362136
60487
320154
626234
415358
180637
699336
245247
663110
38614
518558
232255
581594
548634
490748
774665
195889
50645
415993
327193
823725
730635
731324
193886
439293
334142
803677
895190
710527
294535
451003
466714
212493
434157
393152
745927
762860
139802
533247
570951
523249
652872
707824
829503
855208
825684
107642
732057
619612
239842
939996
402980
685454
930353
444607
504090
402579
294435
480411
295433
710703
841500
143222
361602
664102
907827
152808
417779
550167
303
155749
619300
919595
395208
375894
879173
521120
442703
429347
722251
434217
232664
374918
235538
3728
411375
258479
717296
653301
659014
932318
597143
360799
199607
620751
778373
640656
131969
325935
309617
233978
408378
612905
243616
437832
687676
293833
404344
549763
400185
649353
278620
105173
208834
105122
665735
803291
816186
557880
645057
240459
42541
375692
541601
382089
276828
364369
626077
161723
352661
351522
293356
689997
516245
622040
879440
767753
455226
126793
436411
654881
717673
799395
244986
592561
363061
981135
780510
253574
608153
498838
681233
484741
626129
764991
401472
944033
696026
520544
502021
282207
974318
647391
137510
880690
428513
45662
165562
884154
870304
73503
865603
294541
989793
891103
320487
428984
625673
757784
550085
710713
771029
767699
475212
911909
286018
246713
390129
696770
813080
982218
60990
373887
189681
662966
786272
440945
632975
35610
100507
191738
317230
649863
549006
806401
867229
640400
194309
395363
959584
392475
654983
425620
285362
573095
804960
56166
527645
570909
254763
145678
913963
341248
341043
367957
330371
149716
214463
123132
216693
864665
454197
960056
241844
11529
407544
745990
334699
292161
475428
919995
190137
881504
417531
664944
569640
540522
96472
104648
130793
527440
71703
911824
407510
434598
673110
770818
455934
515694
713008
86164
205674
998500
969493
263332
707531
400998
286450
537212
975353
793001
259920
602848
117635
968150
828170
939122
741911
356407
742075
946400
228492
419872
545535
293226
122921
717397
516550
245904
885120
587277
81822
677497
694975
565463
131649
612019
22964
344155
496403
554232
433046
770493
31912
442139
505824
397506
243936
903442
30550
569931
770364
291229
868009
478954
888787
851963
199337
678192
527337
943346
257315
87674
623272
430478
714195
697248
706704
486038
961356
520363
361034
707399
843200
855903
801692
398866
978854
189111
492633
12596
284575
837650
207543
147945
580534
362640
919177
468832
348345
197035
928670
490915
161531
703588
511496
427779
361090
187408
203611
682415
40965
780347
390063
918243
821782
907628
422387
478873
33724
665556
891641
60266
371427
738224
819064
434604
974358
980276
19580
273105
856233
424908
393613
156638
762116
343581
415763
812935
654116
779305
595820
460944
157297
256255
870346
772308
526929
420289
599076
808218
359871
707347
146196
9836
255996
865178
508087
481850
787050
762621
580926
884173
7434
808794
652447
192846
394949
440517
948853
418492
904802
466443
2706
22317
753342
866968
51536
512435
460838
151231
978300
92023
546172
565301
608238
817885
307736
133440
995544
390359
78224
47459
265898
428596
556112
815292
479851
788068
850235
555175
815824
628045
921355
524864
324270
858638
514245
77062
938176
498270
555000
205457
172422
642986
395760
65312
944410
230978
708845
724746
348390
217964
759688
317913
5473
490787
808814
894048
659570
57968
265492
71108
954653
533711
562520
562845
109532
362883
910534
350771
875225
518586
421495
141024
510080
618336
799625
422978
763335
885265
457173
401018
458651
845927
274557
103097
542061
164699
409246
521321
667486
353348
871340
100852
560841
673549
852995
585691
267745
79015
47833
766901
531695
156099
329980
417009
760653
496819
672027
631147
266977
834478
405379
397738
932272
786765
577407
88799
832904
78024
137203
303588
129814
480545
79353
309715
929353
456147
965905
514962
392801
513575
712832
398423
478872
278814
361599
545053
105242
366195
459597
182567
677357
892799
558204
136638
893128
572753
912420
955392
886955
411606
416839
338897
755617
314412
240164
330966
259548
122590
373410
872243
860883
342953
816253
409352
472280
374407
563099
905778
195674
152828
620597
42756
919636
289498
714598
300660
466420
59967
943848
812500
518827
151969
572920
898913
751414
151429
850273
340200
407056
974249
801041
85444
821198
333936
49213
886292
851446
967220
6431
383950
433878
720313
393656
932189
425738
950478
643291
900308
395254
423430
240986
277886
883022
117025
547712
785200
2711
505650
274468
789885
455033
28032
117801
972126
148995
452075
427139
281307
625102
558020
170769
584500
199551
493368
52288
37110
766481
727185
338762
228177
355809
780797
420790
229587
378012
356021
45418
834248
509289
302645
584955
264161
656568
270632
507454
572137
909399
238381
575206
666984
330904
226695
818692
358825
491807
563062
370636
972872
873802
30184
352622
772775
764853
228575
405180
759539
7841
648727
593497
433647
604617
247609
336466
377541
260697
222506
536108
684771
663498
73658
560736
937079
494114
694472
513947
471592
84411
350164
215570
743500
596691
913755
116586
301975
603223
879443
153563
548809
19930
719454
859376
868394
854424
431920
263249
14971
876293
77230
301890
582017
31508
643498
881953
950448
799635
891147
567308
310694
951369
181150
134447
769078
163087
242096
819775
839903
426067
298515
22557
510843
16670
998748
880291
842719
759345
835791
917807
752068
367734
504087
140690
64560
216690
12113
83290
568734
849353
892078
759885
235138
223105
480860
45862
760430
287562
833653
403939
854928
585218
328696
422286
177764
132722
284525
33229
540120
381722
102861
930299
574183
539664
215455
953152
72136
570816
707599
363755
811432
337818
521318
10377
521292
917049
462689
577721
168610
461304
893350
385630
924599
219974
296149
400574
282171
322056
744335
518516
760876
481761
907318
406110
816283
518409
782772
699476
389310
749925
188427
796094
264957
847821
900429
752726
773377
137741
613452
159418
899267
859898
226656
651724
570576
652796
130794
428150
697714
791954
179591
211755
970089
73363
280120
564934
171694
148234
766786
977492
537483
624755
597408
254275
62453
579235
442905
420627
372870
294257
805000
892996
304580
671063
574477
975223
905047
193239
762881
967875
889942
274978
218798
227341
309828
411511
247934
449547
372430
704488
613951
133064
413114
237608
197113
257203
89615
496117
621659
834766
132117
312035
486712
293214
318990
748580
416351
669973
430053
820212
301017
819969
469974
343997
658062
432179
962745
184483
449706
451197
123450
141628
339270
488661
412549
730114
774143
550834
170889
208686
389287
943242
127227
223070
659303
890399
244312
860248
764930
241291
440821
734017
532006
779590
455767
431881
26694
985034
253720
413534
533423
365835
272970
753815
548986
574148
310156
494232
34030
360306
798329
305648
968591
274952
203414
739775
859680
542965
195055
113826
242563
4210
828140
594993
479251
428509
453637
439406
48308
991918
525130
325485
897716
125004
205365
421491
597707
596377
394521
853510
25728
9153
64653
220054
488952
878375
841870
899354
259956
462240
353923
847237
53820
354696
683280
631922
587648
687189
356981
444349
60583
3860
412672
159515
980011
300905
924650
566203
197043
591349
651771
73704
473669
825473
282405
736432
167655
800715
793619
413295
626144
175473
829214
959674
332689
156242
784666
981287
735838
243746
205156
845972
959537
965670
169214
970096
771320
259623
889250
328896
353012
354276
363469
435401
220103
684972
272973
58264
132688
10803
721707
811988
864750
824705
700325
93871
823780
173785
134999
197861
253648
574605
942854
456622
543824
751573
648770
553510
803758
909277
887779
902925
873710
665594
425031
910851
29403
574689
464491
183910
576742
531327
447182
721970
900614
128503
24056
419421
59808
143758
243858
547689
965356
281357
805790
192076
355910
90208
112933
537081
766779
643226
732121
278088
433396
844582
304804
162832
524987
429142
396423
191688
865091
253154
741915
525079
153414
970577
216087
737812
333876
183705
950667
850299
275649
224541
471349
937286
55472
207689
37153
819888
56621
387968
714758
363656
236386
614920
816498
3110
92268
721998
367049
976698
430381
895397
717095
685191
966080
173078
466411
19564
707032
412547
57087
450826
282765
710723
970243
462303
669692
277137
998839
75639
445412
193943
65419
750977
973341
829594
503308
827716
313353
523339
413143
417679
164586
651311
79299
80459
663775
914545
930165
130233
239401
791406
199397
338619
681285
179026
658826
977625
783553
979261
187156
158393
309800
495650
485540
118014
239895
188556
518322
461290
43029
285354
160523
731900
655857
560649
751689
566666
873112
580394
621615
339547
116196
532074
625703
536651
185929
934768
308172
77590
199473
895756
103643
156085
996797
564661
510624
99991
867878
913960
977860
17640
977348
161455
17518
29526
212326
618576
223163
868972
624072
732550
560940
46947
459995
856347
104748
564422
70583
43713
308603
47557
138528
516495
449483
933375
759589
45874
635774
451723
415335
137755
129391
72656
487360
463079
628520
125902
488467
742384
419927
797921
572753
25926
79926
802536
906173
883015
109543
891901
944765
938286
841151
730438
967752
151016
334714
370084
644857
525177
836734
988021
282613
859369
138449
455073
210362
743987
534405
953770
948100
38799
894943
537717
719586
667648
558637
263549
689298
275195
104647
667080
698162
580895
917077
10747
722438
360265
894297
32566
194773
950481
142802
73146
457974
782955
219177
81346
943585
249771
450623
639147
112611
652915
802112
538576
449975
863345
64792
184608
457106
273148
182072
237973
27229
669531
30908
704093
855158
57163
670016
184449
410365
539879
637430
997880
418673
923825
726016
58186
374083
5555
166758
493421
101025
685606
123645
773052
851776
886998
881610
797272
316117
344966
805342
924685
754194
427478
748106
560790
791586
334046
307438
65537
856269
880051
924903
817296
481015
887868
837514
128517
904754
933523
983624
229645
976801
223268
441100
415851
339736
859162
679853
180093
248202
495112
2389
319669
187562
964503
770486
335192
910691
909320
25792
531009
529166
353427
98456
28006
616859
504978
856469
374873
129611
752700
732715
919722
86902
17216
970275
217587
511947
911583
842653
645494
954147
59859
94536
386169
191269
60794
880018
104060
790475
820280
740775
283614
450720
955958
943740
953824
937630
354596
192733
618938
395225
654000
407874
220893
709046
556362
750451
563800
203750
786123
13356
828205
622945
971972
473211
201530
415662
600753
728000
383044
298363
57414
933942
494540
16433
247967
880521
612725
473556
31031
642234
544982
739586
838355
856247
923988
116290
741859
506386
320362
267722
977918
532350
842006
82217
655318
297497
506412
662756
954630
315912
256427
255175
34633
14631
90898
226660
325494
17719
951996
432617
462534
288693
359657
780593
873553
937659
211003
336258
658478
897708
433052
368888
325029
885563
192978
290268
197933
242170
483729
763732
119231
718813
300967
491358
314245
438812
758722
796685
644763
862450
196972
371675
362887
599965
655722
275377
808539
891424
329700
364918
302926
183248
664791
674031
54432
221587
749561
514619
401829
156202
570624
366270
707193
938077
561250
198520
875938
19969
763613
569988
918021
975582
808578
427898
412606
669101
410722
706031
128115
811929
659422
962682
139463
787892
419798
754022
50698
720771
639314
689182
855573
404013
497998
701429
885949
344805
445111
491403
294585
281291
778838
403289
681361
631419
180744
556768
464608
214758
698939
220916
71021
993883
39291
936089
381016
370907
446594
970685
387065
772148
869243
242723
860628
244104
66143
297725
591123
614485
370741
624784
832675
248148
953446
105126
614630
122609
785848
339326
655835
632122
860126
285754
586096
740447
674926
772654
527371
830032
402597
389198
639521
986697
102874
149319
301430
460643
507023
188781
671874
165643
871093
10225
244765
669011
752898
641789
201658
708915
380200
505312
805529
723419
76034
2100
528466
150721
248464
830284
445519
117622
355018
559957
839256
942399
860907
503133
896547
544231
897759
880351
489068
434649
257392
695462
243934
516292
335328
57638
899902
887716
347241
186524
902555
478159
93758
452055
867259
133459
548805
487765
54943
640146
207906
207244
594680
708514
667886
178660
926597
198537
512302
722802
921288
16266
768676
699525
947954
862895
247839
719568
316376
323104
925562
537150
208527
889681
230402
515835
650039
586116
341614
485963
374117
2733
608539
16207
665940
819503
471634
915115
714851
951357
566358
99062
771617
628333
460126
486214
455666
23639
896640
379850
728016
218588
652819
739586
26487
605671
157228
459417
770775
474301
108635
637515
167820
483591
72061
395589
398689
928443
822484
544130
959309
377990
459706
195309
558152
957206
50827
240147
42988
234104
268858
838986
863326
187717
181470
264584
919627
174058
622210
535258
69330
505303
886113
529884
741436
868304
813317
733021
786981
40190
32256
320591
41852
534375
218497
746189
701744
653572
745946
341749
418332
122007
852815
148346
782426
814750
773562
228065
931990
285440
27463
57660
852504
861368
202936
328722
132966
419181
747727
878511
934487
778675
428286
521072
386181
790017
647113
127888
33883
229709
294812
709486
859106
130147
472092
801241
190094
183946
223728
97372
855030
256449
812781
253687
531607
190040
933925
577922
542932
203425
411854
764306
196347
299676
971822
283505
302020
497990
757245
458745
142792
509678
720427
88810
628013
988690
527332
28480
69416
103734
663176
631506
330891
619931
530094
52540
210646
827254
814705
715189
173059
213122
927132
968299
264531
307030
77270
729096
639145
563393
882527
438547
935523
978767
798463
248339
734661
465672
500141
594317
194131
959465
815560
211413
812941
540259
273346
550595
815113
636374
663289
409781
997394
439875
824921
320117
314839
185042
356700
380516
455745
693522
547903
670124
149090
788820
292657
447137
122983
284222
272424
191641
241120
17440
886528
884650
355776
490482
516312
184054
853772
598008
963782
437535
57328
958190
610898
504268
408983
147018
743571
84386
667909
270870
895625
9317
785221
271717
217426
493053
970137
43122
529465
412883
216144
306944
386776
215479
918907
162238
129309
204471
652413
741360
363367
631299
830863
501654
5749
748394
421808
920559
446486
805635
113687
836509
862121
854563
137887
854200
785471
395688
180251
290242
51686
681902
751428
433979
657244
689889
595697
425047
802521
903654
427854
497495
157797
754400
963266
549764
545671
343101
378062
446625
473903
827583
435220
532840
650194
983126
877404
278118
719755
925154
356754
894445
65141
683322
233906
394385
940190
352540
922896
44913
41603
370684
493982
883207
898625
308402
71475
460775
45294
969794
892415
500603
434422
604988
255868
884080
607317
667532
697185
282500
502064
3934
843419
591113
597038
532605
450652
149734
469886
84698
470138
487083
848577
471124
208818
961540
314049
895104
788016
382422
851653
612129
213802
480488
409803
968026
109920
472010
820182
98340
496619
989366
387765
769331
511155
853036
618621
209196
702450
840408
612634
747421
347877
14270
280298
822755
652723
394205
282835
246036
805525
973663
957660
363551
927027
401610
582564
651529
771696
722211
849918
294900
993316
376808
703489
513480
535386
922890
325798
54824
674069
64397
988405
276709
159862
142144
574915
49599
669656
511866
70476
918202
962862
374232
406446
369359
857072
115846
659461
790781
530675
697563
470611
55626
573661
900753
627615
54246
700810
455586
930164
238682
246152
109831
230223
982456
82049
975249
540570
263744
31545
258411
347133
22714
328173
919727
957239
398196
899104
136633
347891
838820
421330
202900
604814
744980
894328
738927
731120
275511
293425
193717
396528
910339
579609
959271
790781
661189
362929
17207
888097
395480
309574
527274
65233
432277
251572
84191
206568
511089
897159
329673
838519
668582
439423
312800
603224
215762
843563
724433
428475
223168
121790
257991
860620
827830
210496
55754
864879
964703
514772
755264
149098
240395
54236
474307
45157
725573
582214
724128
767793
172157
35582
462013
410591
338570
773892
346579
218736
40480
691174
706248
339967
525705
532414
419596
487731
322167
193006
448096
978023
246448
800785
320745
881825
568040
535172
947082
594100
891597
76727
274265
613499
346055
590169
305144
85391
937975
563946
974458
275347
867086
649874
489659
7489
697877
197806
165161
120489
342409
626203
663926
955173
345413
206695
366259
827225
354272
457196
444814
43172
121417
766755
318106
838489
745331
951268
587841
370467
609403
993152
400405
211257
996874
811096
398725
663679
838621
466781
161267
403943
268215
449319
45643
941259
741753
958972
900593
690728
196803
189764
237166
627563
59984
34848
108833
806126
74467
636478
315622
505292
67151
484561
429011
917135
734093
389902
601316
487899
142077
727151
219172
85116
289122
5245
346558
427151
955185
490123
115830
248136
232460
962649
723010
459893
547947
646037
785269
843658
422549
610733
854741
689745
579305
478771
192214
588888
567908
257777
525241
841190
908219
20900
733436
293011
541218
747663
452632
966995
218230
890880
813156
80726
11168
318959
536565
634170
815293
709845
927180
503975
963869
563343
127226
917031
799387
499293
470636
541332
719966
864300
959338
799762
511498
614470
41630
891745
93675
785064
980590
12778
965179
656674
230021
588262
660283
661853
24092
150937
101898
541979
391248
841016
571062
577483
500034
794543
489431
122635
5399
396126
507212
678189
781654
967502
236735
848783
444893
35185
268421
989545
503008
585742
157583
564024
74948
565059
522928
257258
656953
553033
153659
559483
657320
544156
726963
90834
155041
449407
329802
372055
362549
445934
25447
604025
899983
887226
996353
560487
54324
146466
317975
297527
490098
362943
8234
887261
700018
946691
316780
775080
598897
785836
234784
948600
876256
620695
888007
884986
826707
130038
703477
576584
310911
774370
522486
750284
532488
783178
295162
968016
690539
138938
849341
817533
12547
467616
819903
16136
456739
581622
119746
491809
432646
258543
466797
183342
392198
392742
340677
5893
546670
559198
155459
422447
73478
195161
382033
66551
738226
687912
667476
213
638049
474113
526029
632161
609237
161521
512613
107983
543124
645161
327606
477209
347154
829594
203028
363193
608395
89177
944341
775603
360339
23363
361459
825254
941943
244241
755430
993247
643379
179349
958464
998769
452089
265542
973838
36709
993274
151936
286146
747293
632645
549632
972433
177483
608008
913019
176215
67664
618113
652000
435106
956016
854108
804158
678200
357309
1718
384887
943322
26323
501028
97857
605957
648374
327562
542658
826706
134892
517419
728964
288034
791243
464397
794757
385551
426080
462846
148910
543846
684015
348064
152341
211869
936992
467574
217589
727178
995799
218485
659380
88070
738483
367098
535416
586555
920902
702928
933517
493052
940537
539553
400315
947748
18375
744191
358545
465219
292708
61152
186046
444529
859998
81689
249912
302297
836031
875968
505215
250303
569529
780844
7233
742553
199600
611533
442192
52245
296591
851977
443456
829272
806318
258597
802408
842488
331163
908153
595772
680516
608423
966342
38381
728740
719230
856711
32213
553715
238870
646350
22400
134835
727002
247542
29432
905436
508045
385527
690519
859897
147667
283334
239727
375848
533593
688288
745191
835228
630214
535895
858193
635937
442574
43967
366547
134955
917855
890799
601094
994804
282335
656042
940158
220742
173798
560965
248252
378094
939169
367748
116460
411826
837512
58759
123393
176278
650233
822240
542555
490976
669046
981592
20453
463317
349792
863324
318853
352507
877778
950573
468661
57868
410879
338310
229052
715849
879516
955604
742213
383332
120510
110200
866166
793803
992951
522008
850201
450918
96539
610000
319327
170356
699681
367657
818610
504050
418823
246902
301805
648328
974669
679964
694996
250169
516515
771153
413742
398123
601183
193042
764356
245865
587575
585242
247200
789054
872960
377946
659271
997058
878474
590164
856763
34667
204217
183730
127
895143
352984
802300
681535
931712
993814
786771
64892
901914
236946
851854
100911
560079
696963
314930
640459
833738
17687
191009
944974
689767
459853
364394
87623
465779
507106
955367
527059
783086
368263
771739
829437
51064
299820
456042
230118
489359
152746
292864
477486
941910
542252
393693
849855
329960
268489
643320
645674
250440
931811
745131
454477
259464
427609
952814
720712
100262
638745
19927
144577
615023
589089
488877
767195
25392
695117
760793
908393
20143
391574
230768
149646
438280
822957
917841
889270
45249
220255
797117
936921
158116
146741
771330
855895
604505
203376
146849
952742
352948
954673
69143
480277
89763
785215
66409
875151
745551
772415
964557
667361
478955
715990
261902
71907
169028
687628
414567
186788
367545
617068
419647
819561
56087
450904
143557
322446
249518
242268
913700
310745
270107
747192
543323
193867
153157
215249
518987
627202
794011
153255
307239
931709
83776
945990
518998
609663
782947
108151
925702
795191
641162
35695
674897
751035
991893
233809
158833
778144
489644
85867
622159
497273
657007
742278
464777
664657
808078
769037
737918
710581
744380
591472
947819
869365
755831
858153
98597
983885
752750
559025
385312
573523
910437
653309
100684
147106
183252
744264
310007
988413
994843
244617
591141
708788
854118
460237
517738
737920
649939
480740
261241
8401
537404
876874
54692
719379
830193
268771
379276
516033
594815
397613
304590
528932
110141
655022
161533
648791
463423
635699
778490
504914
209372
701202
981371
672648
890082
571539
544169
943382
369375
744104
731978
987769
29779
12267
996399
497093
41906
725470
841539
537672
838861
323414
410831
552861
643474
465605
820448
651308
386078
596961
593743
953294
29573
973819
631582
506037
19582
928922
56701
55499
357831
987694
619921
147022
171993
283456
405581
204983
233064
874871
86171
560816
280545
2287
790494
579271
825813
801736
544163
106351
176997
382526
807082
747326
148657
127904
953639
872230
37289
902327
234242
468736
125420
131694
178254
899091
588648
203492
425866
864263
885806
18253
217078
526443
449266
218826
412004
355091
541086
205581
453724
507927
946722
53875
832930
172429
341797
838437
31245
751264
214302
483985
683616
223176
898799
846183
377641
663905
357030
499337
518226
677164
568250
949825
934174
42033
652677
824041
136597
168312
199245
753302
894376
807448
404413
759965
34219
537840
841516
146254
715920
405851
733537
881895
540530
407821
295175
684725
485398
279690
361294
395597
179474
527941
807353
152984
715824
814454
593345
433854
957039
234112
286919
958026
630376
762369
424864
160298
669630
169538
396636
770494
284757
707875
333491
853879
781280
758286
39691
847427
931409
665358
131263
461716
531852
849969
700172
593174
156197
267710
340096
147428
77736
670711
399105
889600
223449
878723
221766
693807
704782
641314
292622
761845
160829
754211
49155
802937
601696
695226
589753
149862
324482
862365
167846
948089
523175
127706
262990
776815
882555
133705
903248
641959
856938
855098
723792
844716
826222
385385
958630
698406
624254
887809
990220
930762
531989
918692
36135
508690
431011
156006
886452
522956
471106
965607
522954
617384
959006
761268
108810
980854
726010
147740
198929
60085
1747
575166
95465
408875
911647
558997
813483
974463
869556
608463
435025
267992
545921
694673
719150
973605
602191
584266
42514
883144
584211
995814
538539
262224
733157
561497
470139
796971
906788
372723
748869
854402
1709
444505
397717
113734
992621
590182
846810
938570
913587
901917
515938
332177
214985
63234
439834
647725
383220
650285
198908
797661
721163
457492
79802
660128
996049
966096
478791
779130
161889
590514
723910
2040
219761
542588
179437
823821
760310
492917
11394
687232
366025
183828
29837
625529
404880
563882
232852
77302
997022
239926
549316
865290
625895
218697
352660
68183
505765
739555
964517
382324
987337
393825
338451
512783
336620
296020
584351
