961858
341247
991189
732706
691951
522002
887189
317520
67028
546687
165695
349136
517757
828070
107695
336663
229527
951969
273140
155026
212187
439759
296664
893053
427674
8607
119477
516136
507031
57440
600363
401175
519769
907364
383344
312862
281283
802769
566343
440814
541689
559402
261714
480631
226290
107685
575807
797777
317941
505240
693874
388461
173979
452159
281987
578113
418169
587945
883111
681229
244102
62974
836188
212359
548312
850565
998320
285832
63460
974981
738273
829201
463057
507731
830265
805870
726487
545540
624328
512613
566311
740061
188452
663867
513727
740348
916106
393887
671310
646446
114776
667120
612291
26967
85827
4779
944382
924747
897467
113065
51338
153370
940745
633346
70553
337061
908942
408466
512020
926912
695143
510830
636021
722655
225595
109644
113349
546805
751104
222428
701880
847332
411162
96895
620202
880214
750897
391167
642521
853167
813253
171097
942320
295069
311088
77410
427909
575768
901289
671541
299134
61052
829496
456623
786711
885371
165147
790669
69396
805871
160595
609877
290370
452408
293607
48385
884277
37833
962055
144762
996214
840233
568519
738025
414702
327716
626495
70044
440759
590998
471724
665117
756674
261359
706783
149015
721068
371079
997087
918472
363058
842872
499295
392930
379593
736418
817294
932480
574542
144770
901845
583908
67011
648220
164802
889412
169064
924643
911049
37926
86090
830573
205459
842433
363791
369367
547306
663546
35782
752918
66521
373388
468519
488147
563543
740820
901878
909254
960143
205630
349798
171998
187500
523419
174889
712722
263437
716418
77536
147557
905575
789165
958342
79552
711749
225992
378945
299603
753186
594957
490681
472373
445558
393947
332158
528680
550144
948779
461306
606292
383063
49282
775116
886238
858128
45991
987619
235695
232008
555532
67031
791688
197614
706527
283505
401743
253378
52239
519285
275327
528899
21239
266071
710802
668088
273018
636124
684458
45023
92977
122122
806723
251540
676960
759602
853584
723031
101532
817074
112052
128968
767083
878807
914480
947170
487084
928901
579641
987234
449415
613283
756748
497834
595622
760467
955422
510134
584628
276581
968657
754888
46266
482974
847866
237914
238062
266941
111906
541401
193646
788112
618348
503812
956359
43302
883785
715111
612114
944466
485350
922252
314257
807699
228345
517059
406657
395964
636612
565517
639624
622275
46224
391949
351683
480489
489891
79411
238407
269722
418779
280188
689871
631888
476445
828234
934405
981517
505109
607538
215125
416061
784285
785721
48771
968062
164575
617758
391480
346221
637746
490553
924551
40231
981826
121872
804084
359838
54398
380468
953118
693280
786656
165125
725859
38706
927604
98480
136096
832696
165655
789235
666824
279399
528186
197514
119763
220715
646711
702631
146219
815641
900428
27061
518149
265367
992679
951100
693638
28552
565511
842162
126098
83418
991352
645758
762943
879143
8783
81268
122304
569133
745522
801808
333001
645045
634794
980056
415768
782307
59709
200094
617644
162
621727
770026
996349
595426
881625
932811
665218
839641
497385
325018
958482
976172
290196
173942
638890
900734
172006
389020
186516
504641
980614
377799
599110
165852
150117
756565
818041
956217
389385
773081
119572
767202
677803
588780
98273
434719
103778
115178
333577
88632
50789
829537
295892
784893
561065
449552
28822
458545
368776
711011
404089
813061
289846
201159
47114
467018
59117
544416
508165
384400
634038
545164
616509
849746
28719
120329
658423
644106
440351
947346
911183
390650
84833
959718
877109
925116
981017
409152
358922
641646
709758
648308
913816
915332
460204
13781
775422
813377
596826
822863
32528
159547
227466
190774
739908
110392
379081
477856
773617
257110
823887
394054
724334
211527
991029
764343
829891
272636
534230
415139
918955
634336
537202
720347
24262
563521
912348
170426
287404
738552
926660
315052
565325
825957
179028
477534
498163
708180
529606
361502
736125
484849
968600
377465
54753
905871
544911
460903
19774
727243
786103
951705
49936
877798
455656
890251
108919
522725
927098
943747
818203
451915
839350
700197
967928
624861
489848
699278
612642
390171
452878
438444
706475
221254
486381
987954
696068
479248
646880
109554
272421
443146
400499
546029
359888
656648
192557
140819
243773
803920
521341
688995
327567
106165
898310
113833
803880
172558
313046
813400
294923
133640
478433
760560
677089
73269
448290
708542
883734
909666
716921
117289
207121
396593
541519
524146
507450
982066
957725
303285
191088
601107
120983
464360
272280
226260
47610
384813
138269
296496
481243
663260
623824
854467
679195
237659
429987
499174
578152
492269
203616
915294
341814
20924
960405
282080
863941
198884
982974
557965
983836
9556
474435
843104
484933
910225
79735
557058
711546
26074
20732
744626
361863
227522
984399
343705
300900
839126
730784
998219
588498
404251
417373
554060
333222
396094
1887
339192
796420
880801
422994
743541
223638
640993
452448
989420
387738
599769
450131
781253
490176
928915
459865
868240
734336
555232
397311
238592
607581
59808
746373
262986
289233
394188
6038
685837
997729
871759
192783
965529
730080
41100
797251
684374
659828
925039
431404
331599
720323
261623
766614
477404
765976
479462
396177
595183
641056
921071
803192
805947
997419
344713
287295
94328
467013
68243
507918
20161
611276
569984
969812
20118
739160
477806
52221
599656
253001
901717
462063
304965
403544
668758
57999
670781
547610
625962
467638
94323
421547
319230
856505
449230
888883
217394
281322
467670
877394
170687
971251
341784
912898
671759
466608
85781
531325
679555
861064
996852
829540
992590
424490
780315
841801
266554
617967
563732
679087
843328
175706
516709
30329
529737
51881
711936
298002
597894
898208
988011
56290
335126
824960
566979
442622
828645
501176
829535
155890
183915
701971
75693
636851
204806
188841
764122
690245
444583
914391
672516
523157
900295
362927
498412
32713
137776
763383
383477
308645
963569
86449
447288
876028
205148
383365
503463
592141
703939
879016
57901
546755
421537
532449
857875
971060
905663
503231
981012
669970
251812
870651
239372
310613
144550
103484
301110
507608
650390
940062
339592
704845
318342
96346
44088
938586
60006
244843
448055
927139
845616
517922
970552
408179
418556
604758
447694
72851
447890
817901
218490
639112
79785
208042
319119
309607
719332
535321
133423
155278
938771
410865
691035
298203
556216
309594
292833
630368
542858
885779
626285
170737
570575
862404
336395
515809
572704
110670
36376
359854
269760
665055
899374
179434
437442
1621
456559
684642
746044
750689
300651
407143
571643
503404
268462
887415
770713
791543
829385
140624
665974
484423
918548
999150
376337
481491
110581
323429
433862
42764
747859
438261
238997
492887
898925
542898
384044
848477
668878
853028
278930
324377
965678
910104
902526
764997
977335
132984
579787
771403
350483
232238
298752
757307
415573
391968
937647
555480
75852
757504
883137
743933
644984
683851
893670
22412
449650
596814
121761
970318
953783
926480
899691
926911
677739
278641
303577
382664
385914
753415
12243
138316
489716
70376
820356
522978
590074
558457
281582
679487
221076
580384
26262
427954
986805
556062
584167
642747
685278
856238
514956
656678
295073
7913
152211
899650
301520
908035
614240
831795
584450
70322
445810
893201
802652
304362
583840
659960
912607
535060
451689
227916
173702
951396
22134
234583
663907
532203
738815
430808
253954
379468
863661
673871
714654
833055
560837
541020
998986
349174
621890
615522
1229
539652
20195
97243
800877
443457
349599
463110
935809
630214
279385
687311
958608
687716
884125
947647
357718
855991
12999
363616
341687
329645
214206
691419
305621
55122
790233
420471
839683
712096
999670
53977
305668
884622
62592
530256
679173
183125
115019
827066
814947
841157
770362
850003
30971
960689
293351
592878
923698
924581
54804
879064
597456
551153
668395
143395
779720
695460
729459
881336
115290
149932
785532
196455
533674
388343
18705
969864
855569
437156
933462
318556
401784
961530
850195
765458
634573
349556
315434
756616
904518
742015
190379
608997
572793
329078
635468
902074
677743
982200
637193
695495
701213
899370
852108
443922
778700
510800
814865
868325
549867
415301
740653
329369
684054
445941
594541
749673
179332
914292
712750
560136
125916
461508
796451
229550
538641
25942
402541
478864
463819
748319
131889
656199
157492
53360
80528
805155
400712
264072
135500
225879
784105
152746
24634
649895
566924
699479
418069
490582
250227
144181
708084
351624
557753
357310
613691
525593
672117
328201
757113
389747
243347
886428
340471
394083
516281
916167
323211
638278
542871
66832
251419
251130
416918
627555
125156
817242
50807
741339
934522
393662
198692
852350
274799
303338
134881
359279
596526
963886
590894
332017
230203
363119
114878
763875
630027
184632
289613
591152
923627
117028
769634
641215
284523
157761
606578
784027
460343
502386
90027
818476
240724
236124
553486
911264
976681
594611
430932
290785
858825
798172
976745
559622
978042
222268
503943
667587
449675
252084
229264
751825
796480
849239
181611
334273
504032
260613
998147
532521
16145
241104
322642
786456
384876
192791
817521
900444
538390
529969
598468
427491
781313
905820
112681
953759
829230
54030
232022
544122
130422
45964
935886
638911
48397
545799
582386
233443
428301
205801
103236
695566
550082
967608
261943
31155
178807
650670
254154
83629
696622
935919
204121
644569
937411
447713
219159
12221
202285
445173
663785
668608
594864
267715
332003
444400
628994
785801
383034
127317
806779
748934
699631
954339
365385
39379
612527
180808
787596
320957
825156
403024
851512
607719
735239
550402
634299
411937
134523
967463
146197
165045
879037
705383
253187
527986
33924
776468
177945
767901
607407
299398
141450
366236
17432
291805
971373
469563
500719
869132
940045
206673
432361
824536
319478
230653
837085
608823
534482
510538
962242
942377
289914
867591
291340
808897
360309
779298
751542
326525
590380
200735
250850
651684
743007
4306
849961
201485
398277
921625
113915
942988
15521
459417
694798
923594
211473
791973
401490
662428
131099
425005
209871
610443
723837
478308
988689
834201
443979
557927
245782
285009
76527
831889
709283
694549
831255
968792
21668
630970
773751
265521
452892
256138
876047
922063
191689
699787
586485
614023
256658
764483
377654
177264
524188
876798
694331
918178
670060
708680
435634
710313
210287
476979
153358
238289
762788
869363
438468
605281
465123
380860
187113
290812
813411
993186
377570
620048
185121
914859
388587
873052
711348
240629
433128
404270
567106
725402
365764
208152
232615
286720
237091
878601
840583
908463
608384
635446
999692
141522
157601
200182
217359
45750
509822
475007
286495
639925
511164
343327
15159
10969
951770
463211
849756
979702
582505
860359
173331
751915
401225
928860
574105
398043
862783
967807
594932
71416
422037
920128
225550
199575
122352
444690
659818
626294
976884
425010
319542
592880
821477
773803
873661
347259
93930
986986
556248
330833
192481
66873
789916
374693
947309
620489
242812
747843
832903
40363
577243
868145
901201
628836
245976
19138
57854
999849
576200
301882
65287
204177
229326
906052
17749
714795
156284
707381
495342
929837
965555
720292
433663
449550
105548
958111
612901
364531
953914
127024
433218
902877
434853
761946
426224
994074
438299
391782
80971
388178
397241
510639
525727
231801
132044
245746
161308
882739
900200
283849
42404
470522
101410
157632
106010
797536
97041
516658
369513
922760
774590
243073
532991
453064
254123
340197
144405
256579
43238
905609
942245
808165
148787
645648
415987
166615
182731
549254
40777
320886
149630
426770
746748
229903
381536
677747
742624
371101
846880
895520
883369
144673
801796
274588
565396
30573
567205
234937
860019
51966
329091
207447
926134
230006
296685
127643
456435
771179
478971
95096
533578
387409
977509
174233
603071
896910
437132
248827
567393
744771
971047
607887
532642
287834
332430
747241
669484
937365
221821
856407
86088
669319
584204
960010
154520
782383
15369
809941
156089
275441
347170
408298
820209
361087
1910
138681
275319
465304
635273
452548
688545
596478
9679
68628
99964
341498
136628
84442
754267
787664
405791
745210
102121
524095
85450
756501
954743
818102
416011
450485
750856
225938
256732
143349
395934
926877
72060
773635
560616
612562
594613
616830
894709
751319
542233
361506
690992
265659
866382
776425
848589
461061
541507
135380
897422
148345
927475
368687
808503
465341
664300
193083
135442
777490
731923
330205
125815
478473
565897
954308
952841
932920
103703
236216
831539
547001
520751
611839
312097
929281
952950
61494
183295
441058
140982
255462
937631
345362
46230
207407
898906
87663
97679
215406
842748
728404
772380
653012
754369
966306
734691
585690
277885
613876
697790
618583
967397
352387
840171
463564
358173
866369
888192
828838
507497
906087
179518
864890
860919
681632
632106
20591
22847
222124
249180
165575
734690
109325
348250
617330
483414
469129
64295
866333
505629
421275
635262
959562
404770
415932
385024
641398
738419
108454
318606
993769
577600
268975
854572
272165
249438
949636
606242
869308
238562
82568
325319
691648
655730
183722
815673
754015
430917
348921
228754
842776
342446
157578
158014
791258
928268
203932
450452
141851
252624
31161
187500
975038
494329
961736
279171
558869
36022
498731
827052
753375
556348
651818
979474
130164
567529
587586
754004
808987
613790
139711
647280
350217
586464
853197
565156
604574
224923
583831
525338
585549
413456
184948
640201
392120
640230
761663
195532
638722
823609
246623
668686
281497
12446
769807
272993
915787
761901
481431
957202
123142
946942
927854
220607
143797
312659
58191
842354
382492
836289
645276
579005
919190
877570
899185
524981
842810
363429
214862
105324
449317
764218
628905
896834
297693
272357
640411
952179
235214
81746
64184
300061
523264
808139
818643
948714
390577
972973
764394
310843
310980
217426
922974
1998
139819
536120
455210
755138
123214
7200
380309
837201
433512
18794
298094
211151
238130
612963
649571
417698
427266
366105
927875
653339
933621
766201
804086
57455
296616
89859
183941
583944
280296
796658
351102
383536
197320
786518
710741
972895
353297
7989
183054
752784
29042
690400
993142
728404
598867
563959
729487
275054
342985
855562
377296
404564
743367
842857
413931
409066
886365
629676
380536
403520
340212
315268
171982
324738
124516
77906
723780
859977
539159
795048
651704
2273
806820
325239
314717
154899
445361
148065
55796
892486
244457
206275
388660
62788
376726
555520
44207
749305
104429
537277
550563
713998
776309
750606
528468
807922
859110
442713
328447
320814
656659
711786
700455
458356
105659
838669
234382
470013
927493
11199
5366
879593
501964
54928
392319
939024
568665
863615
851228
365639
337923
103448
371539
983736
661352
512870
121162
464710
550547
219338
998013
932908
808585
968821
566557
430770
323532
854783
268670
94983
405014
769766
644153
46706
800694
368405
796546
375662
261946
684124
522296
993934
776148
41635
546372
52259
572241
515658
228601
988353
547099
809129
109612
308444
642077
902130
652054
406459
126219
526495
390778
592523
480657
435098
486402
377349
232936
805369
651788
605327
870764
854406
907760
153605
288901
300725
802160
310576
262036
674982
604010
925872
150066
262012
83001
106141
59602
313291
235467
978120
49893
940666
211539
119771
417482
576744
744016
643778
751630
243906
337395
741518
107547
290474
40929
424139
700401
453220
252006
978660
50913
355432
382634
518405
934001
619812
415015
271355
17859
262644
146111
223252
85138
416423
864106
142681
502336
270911
514450
240954
590943
884600
820977
444777
854686
517864
954617
524697
655320
323782
167024
277503
750045
792392
252439
264787
684490
84695
280838
813299
325761
882231
400343
910368
809358
719705
951707
349080
171006
751230
440565
959390
962826
460152
823492
572445
64878
368267
766497
518237
312675
849064
827370
737470
619755
847898
812341
572930
870108
937019
688602
349823
495429
826587
788850
503478
521049
874071
424988
272955
182191
131266
935319
306367
719602
383595
772033
692644
840513
973106
615998
93204
440100
978066
705943
402031
67840
700157
166650
786147
924994
563040
378798
416501
791105
938461
496672
803880
407041
388563
77984
695099
844060
338009
527422
594027
55284
487014
874427
794180
96593
82406
124072
724527
544439
203056
939184
767599
273148
101400
439573
786724
280321
672947
768826
807999
889838
593519
441568
396612
881187
810652
517394
389886
7848
523203
472347
76919
94554
99314
386408
106507
524349
655018
965416
772797
312078
597798
627087
158995
387099
485619
484681
16238
506828
125459
821623
510511
636119
746422
166091
450815
259818
62071
822939
624073
258302
185388
904703
610893
253608
814634
651171
511471
822436
888530
151750
523583
850517
838679
436485
350662
236018
943174
49311
491078
375856
846941
545000
170257
918049
915894
735973
724847
327483
62130
408895
115712
496531
674650
807739
826481
392503
335053
177514
341472
655778
894804
453073
563384
227757
648543
538940
36092
8660
846961
517872
921020
734984
452504
30700
354678
444751
60787
59900
561320
255982
939437
606102
492994
557161
706636
605433
113819
650792
952870
653268
239882
120434
244730
410788
343216
547134
598352
699451
966149
416496
471774
397379
991518
562353
52666
937046
116968
180661
513721
785618
85216
431713
695480
597929
680623
822275
189573
874839
186163
774894
785127
977539
227085
836181
388119
899306
940926
305594
644798
184511
870097
93651
187913
861631
905980
50943
758064
808387
441460
863853
844767
760708
498686
738909
410366
612005
385557
200943
423410
897791
51168
658255
172905
790662
367473
903025
423505
990256
468419
278547
166765
490707
585599
952683
975389
375110
364494
568420
672344
426205
435072
848595
206445
27499
502635
879612
217435
273454
136649
151142
528157
563616
746966
407882
214663
836059
224264
421574
240712
247988
347905
945650
227172
186539
753846
22129
37437
314835
519438
849721
496060
505332
112796
429080
602062
121183
41596
109833
521300
532854
574815
183050
978601
639617
772685
712001
582586
381590
547967
42217
27218
545622
206506
630270
92730
408280
74987
997792
34344
993006
19767
942564
981032
253062
496070
458156
916398
757292
632413
693440
421188
314452
258515
302399
649481
926234
512294
385415
125538
351101
564763
488458
544898
533651
61868
958655
532248
965134
480516
92813
448002
194707
293780
677763
99453
969686
55386
841278
744542
751360
785864
546112
24675
637807
20552
901069
568143
766142
408363
41306
200621
765529
507215
321222
817141
872782
356240
239652
295719
715883
858469
522785
182378
162770
714804
71262
971440
532401
707020
139801
512528
905450
439304
698190
940755
420025
898346
302220
772022
834228
221752
779924
234928
875842
244087
382521
551630
819268
815070
520247
911552
200749
527623
13238
166001
97765
109950
161117
231896
961483
720595
841734
873307
919848
495891
524404
828580
166503
275559
243280
487195
426331
525260
895949
396943
770070
671256
575641
86674
777422
383737
253540
485624
718224
687322
265723
535307
607044
745702
688669
662747
591903
131066
855032
823331
706014
627162
590898
147135
912352
171389
600945
937497
951726
575799
64099
514684
876685
966883
489369
651676
361223
767165
612069
142574
688456
364871
930525
521919
113915
834687
483681
296175
771120
639285
370525
591943
790513
404077
228476
512670
836059
376177
578951
95239
166423
754807
55541
482756
659533
54494
531916
191070
952716
607440
162545
92038
231815
222639
961832
497841
933103
432227
897841
25688
947616
425476
416913
633990
12187
322999
463564
512769
388820
271600
296004
952075
979964
945351
205566
892434
136365
58175
463453
716269
500760
90850
146726
775954
720424
38692
974698
247564
99938
886740
750391
970204
499939
742903
693968
758985
377989
17542
610383
772645
552065
210083
967329
710937
999370
146768
575953
783698
353286
122672
58758
645888
781148
941527
55575
900637
395166
171980
932506
835082
114263
129648
278310
236420
847301
62085
312655
967278
561884
648936
942270
143946
845182
528253
808313
170343
299083
70656
722973
595975
153530
805383
113324
674322
499556
374914
895337
300881
649464
10032
716304
674696
105604
322982
339741
304274
739272
444506
652057
79869
285730
8269
330940
436395
843318
196827
768642
910596
921316
74667
305554
35632
188163
190871
500773
821141
354319
535472
855621
251910
843148
681302
922377
140384
104354
753529
941183
625832
139786
371176
951462
74089
438366
358475
582954
779056
802946
100475
674851
47774
727594
578188
168162
404174
252687
596503
771343
390639
723615
659739
805714
389680
430023
333933
550911
83327
428569
632339
365977
940107
439388
137
807896
820821
908468
973113
94248
664020
436210
263373
726294
752463
683952
227795
393171
876940
984202
442868
731559
329848
526344
775590
236399
225785
99738
670552
640226
384861
705426
430891
48292
936455
820420
53131
294229
433955
310550
332613
637620
894238
260077
89217
281988
397983
159369
985294
960507
851159
359362
924173
82200
764768
575383
281030
373970
654086
914355
632547
194083
511206
338148
346033
994394
36657
552670
670549
350489
738064
622919
965925
37553
558313
393197
526667
989711
320188
131668
442521
713301
990024
398902
882943
736712
292373
986486
16388
26149
472577
636661
567984
888995
839842
691008
624742
811682
860888
386175
68506
623777
639424
592564
39780
172552
529081
44673
222987
978981
96358
424113
675598
366950
588132
432904
482321
382191
991477
718870
481361
281881
337138
349432
10588
497278
12730
107261
788652
86554
412088
18036
467245
973289
485696
889910
132689
873133
594334
702530
750915
233035
816341
809203
738990
663526
411009
293282
444124
578998
532383
62809
169424
683412
794990
796628
239411
259954
401527
722090
28893
498277
9250
501489
784416
891672
689208
794470
482097
67626
993025
763150
463322
929128
454590
446732
63513
16897
598471
965938
340130
850564
301832
957260
578594
954276
320542
771237
270989
79418
587074
486384
465843
697941
599876
916375
673895
892689
801675
384809
386765
704559
266929
116464
959842
673666
219763
562614
968413
878772
60006
806148
219122
247251
194420
899190
554911
247941
786346
108027
681321
63105
478035
803663
113781
899993
861202
251423
707460
396212
71210
74102
664244
309232
193234
748222
322327
423474
300737
696800
905873
962666
587006
207326
818624
363587
961178
555873
214081
413010
411230
590874
285328
824977
502468
985069
919953
817803
827864
745141
338607
194664
959004
136197
354665
89467
194628
987332
920377
891938
830283
178612
549884
232962
396105
175334
941575
383961
679673
446796
460547
727547
589061
236244
511796
557722
535492
474462
382758
941632
53722
153329
563588
753344
630863
845266
372391
726813
633034
746399
177135
496183
341868
814824
371768
304821
842187
452955
326981
540398
443688
340174
70202
709599
153264
822733
620335
264443
122610
387170
329512
71473
652857
716016
800881
342602
811963
637944
928044
650373
475494
439265
252266
272484
449405
351472
871097
391559
365024
215729
459554
590486
439785
257680
604589
653722
575710
429980
419009
202685
253966
444399
650934
525181
876452
498036
553857
836060
215674
404524
508565
675357
700076
481800
642973
915249
722288
507654
821766
456181
562344
990218
351326
200420
645599
789135
374858
369987
972727
345856
97556
675746
810591
600707
992231
880524
315166
480431
407240
358992
129064
377798
399291
214693
540383
130174
759239
636345
597060
103899
379270
455460
655512
997708
714760
295996
35335
22526
440687
569653
391208
822817
373224
66027
403951
848684
180685
888335
644985
602307
230420
868652
23858
606276
410564
828020
195030
763208
433053
157750
303380
702155
491733
956580
752055
349702
686351
383939
506032
248040
984335
799536
220562
258062
665615
219280
962762
689610
984850
679406
276813
117208
250173
379662
671692
420398
790024
399382
511871
791111
163565
266770
217297
856983
814144
29003
740786
520397
206434
82337
136674
301941
907270
789811
346328
71802
773323
990182
461483
492040
387657
860481
397469
345329
823531
993224
808912
204356
38258
739915
93916
635193
89711
223141
835214
554103
785246
395342
310475
177004
760236
107511
848618
371130
565016
504208
970821
261464
601901
137683
828980
146057
899261
863827
834702
54552
695238
872915
917795
511012
135011
462548
601244
329098
812340
681973
437142
840842
693635
814789
385252
288970
351165
423819
29613
547976
164046
373851
565927
820754
525339
279109
564140
203971
84602
533533
284795
769086
943001
157024
387678
904278
370138
501893
910461
405742
878646
195953
169400
144415
53697
28503
570473
703214
436930
308739
883496
553173
596475
418209
609680
949087
134329
63666
155307
653658
914824
26174
512950
209138
977189
705041
731672
648220
680733
685386
85593
500503
75746
154585
751039
909054
208426
346820
733120
107459
950827
702151
840307
396011
308054
93185
807768
334055
231775
610744
786412
343375
887421
848216
448408
194627
322328
531252
956925
445338
471833
421475
732627
63649
279302
967447
437949
833033
688765
889890
779811
394856
512116
574588
30058
506537
47714
110905
818388
260488
794852
985203
311853
245162
482755
293188
204553
885612
155152
837844
971842
620536
409713
507776
830163
643118
797672
476603
918057
143690
913185
743087
718361
969433
847177
889643
35181
332687
719456
399826
48003
916293
346686
738212
30653
374923
883716
398643
783981
98859
710792
484558
346316
750643
51523
774353
314927
934979
997571
783694
19361
595047
58967
77740
983404
500926
416937
438776
919277
650928
525041
863968
125307
931473
859923
40516
666459
237338
334328
153579
829064
311650
477185
509050
840012
4666
533285
555113
858193
620032
501041
135187
383790
249997
209810
7384
242258
168354
193396
596811
863775
169679
652624
239107
670629
704231
413737
270726
645052
970808
26534
934720
20351
950567
976769
257930
574099
225905
100658
765157
253884
502138
764575
113250
696097
393298
289956
286136
512809
810529
135532
911107
772269
31504
645080
611939
601829
174283
789028
981807
531413
562008
974993
126136
160390
439011
347752
810036
697194
833991
562756
407270
28857
440458
540856
226843
76124
692471
112378
699580
619092
126686
616683
924828
239002
932830
220307
456530
564836
16449
291515
124309
106261
881960
271083
152710
319385
78198
810887
416650
101443
195847
906749
700883
743720
751384
32519
866989
535691
767589
228783
671036
91113
717172
536953
930741
49162
723222
126331
49358
86086
382231
33524
931240
36157
846640
108367
772052
386715
895420
170536
137919
821477
816494
379271
834530
50513
326010
164662
406159
384664
726562
1197
103031
751083
324677
503447
804975
521100
904279
590746
761108
949089
979032
845444
264059
463454
481090
227485
799587
6632
253513
464290
438922
697248
836084
696443
270344
685716
182756
163074
404265
672118
549294
427959
380613
790529
528501
452232
634662
734006
675076
867120
840904
382123
872383
37284
112136
373629
408056
757586
96476
596700
589356
89061
382121
213545
930449
973355
338311
968611
253122
202166
373878
621976
737734
567770
848772
112404
236023
749987
77606
804970
841563
315728
711424
672069
798953
804372
312049
130790
247231
853711
888750
807607
633530
725274
911789
562469
105192
47673
915970
489454
300267
260201
905309
726792
835773
580383
108001
251980
319774
285046
943912
249596
843009
314343
169738
873034
883167
848616
552054
93712
436916
88494
852954
169107
72598
573850
131475
251951
564496
421057
371675
401664
879838
226862
444246
510015
981221
473243
989776
912672
306653
195384
721255
347084
888349
409082
832594
732982
176827
300367
660796
704854
754286
505072
902603
521809
772171
614148
409950
587251
556570
425723
487564
913822
922611
643554
13546
442564
172161
767235
31722
835295
358093
808932
775541
428471
22904
389532
385977
369011
182792
73678
625261
488611
234529
65787
487237
66187
509273
130023
635999
32127
28153
222769
966590
61087
662494
867347
344047
406610
439602
473650
210025
253596
758378
614388
416923
701127
174082
857216
670746
721535
962360
598236
366339
632571
634725
410860
204926
419859
999332
41222
591509
32314
948127
96046
972827
117913
411980
559707
260957
277769
306378
188260
750474
800387
37135
586418
922846
677453
170880
564462
883108
484872
660006
993010
228798
134408
800345
623963
921050
946102
700300
138798
431579
400965
559310
767999
354662
70107
871198
250231
403925
719478
738450
587117
24294
853207
226817
922602
880167
46470
415026
524405
421995
443844
367428
791031
651887
182645
632519
807579
992702
712077
751864
22764
879040
390467
837578
736130
494676
530392
491947
253004
723515
289227
215267
952373
677359
4553
317069
454573
328495
779755
868637
194208
510764
88662
179631
550061
674414
364003
816947
496973
196221
318807
153634
913556
367267
700113
440691
808236
208684
990592
916425
171453
557084
688612
508737
733777
647222
61787
367634
884236
519310
793695
959903
497841
253224
790608
478493
809900
160688
736146
890834
851826
872322
285899
994479
240610
415954
545311
94084
339729
972981
40681
223658
629569
368975
726673
214046
352329
992539
792410
905847
748222
168524
847705
332155
248267
931211
379826
121518
796154
146178
657
407090
121836
748755
250260
540367
432291
517007
503370
477588
236663
659348
294140
484105
547770
62640
927141
264512
108162
187496
549692
689931
545212
108027
797905
136220
477082
600172
799799
438408
918924
344297
808255
603449
470961
454057
354977
943468
738686
537989
329532
185851
996718
990378
682769
821075
539135
676775
485904
74114
482936
84548
859395
276645
138642
15199
693505
224189
608031
56496
80237
294015
37283
46608
991949
386144
805795
74969
848565
342237
35190
742839
468556
215186
355392
621526
712220
644501
839674
677553
60614
125884
278311
740843
805814
340646
194675
714640
5843
864004
405703
484046
441966
230903
664811
539470
308854
892176
315297
725555
150673
987179
125145
812672
579716
502707
921758
365244
633334
867620
534719
838134
988109
108400
929743
792891
332119
349089
196286
948860
629464
586006
23592
429594
901961
244338
911343
469687
246039
20118
359527
829592
104200
2316
257986
112423
673105
467503
96799
670080
634102
350803
839527
505660
403584
163407
301448
986816
542337
939460
225348
732515
587567
671499
693433
654407
107614
528723
458624
761691
397878
67559
411474
376121
887921
240752
890527
891205
387305
446701
941079
110195
355767
943945
553991
575510
16120
787658
870849
597239
256134
983784
198016
233819
997292
635480
290688
372271
593515
174296
871707
153212
643493
844305
61716
62603
149007
260173
4215
918191
146090
20144
825457
887505
563479
94784
615242
380511
282112
416498
819613
241629
791660
281453
370106
752496
379561
568634
260604
11697
88852
670153
425552
622825
38245
188569
181359
733822
431692
949606
21655
237483
63460
804538
100956
122738
880245
639003
989514
541444
703451
506868
275330
762522
910472
477638
428907
939799
745535
484041
349626
688176
719998
311951
130825
151858
134807
533784
152673
914883
342952
453016
330037
863999
615972
550292
63760
787111
45722
955222
950204
452681
969698
670978
154263
832884
407580
230502
231732
500416
363160
622790
180730
967117
760931
739340
630165
646324
944696
450635
66272
906264
861539
225110
50671
815070
351578
495413
878246
370017
678467
344346
494221
721967
467342
492567
346517
651574
651140
945279
291973
55592
28547
707320
291131
490557
440189
212174
660388
188783
596454
179985
939677
174756
356089
764594
205332
735834
548138
965548
958107
250814
908952
561792
338246
74593
761394
914325
999049
979408
176694
513692
791679
40375
711786
341771
302987
296459
234328
638786
139101
522430
72312
624958
71490
267339
818615
1280
173334
617081
370740
859449
916122
477664
611827
319732
978647
626841
774404
365051
127622
675968
651135
739546
64877
915687
911580
268933
963068
196152
57519
240475
528569
910616
891767
564083
866558
770786
171215
667572
249570
416009
474542
520313
136415
255207
421693
545417
732216
391481
524467
463286
969469
624650
523499
844264
829209
697559
987661
90313
996129
754799
747265
891111
712132
394179
668007
172350
524697
632174
592983
768224
137912
79994
53063
296013
142382
491429
326989
535472
900823
638012
51047
819960
789996
483917
186848
962734
120367
615829
155450
180802
715068
238349
484028
735887
590669
813414
707
785907
344821
599933
486326
954338
411565
862496
269084
112232
854216
680715
513252
233420
24802
123456
862384
369493
734332
315934
338395
409614
162575
519627
572342
747316
331470
353975
850747
70879
182729
743192
73536
830467
813213
713226
174453
102239
742161
665771
71722
908326
991558
728118
148921
169897
732225
101384
43206
434424
267151
633410
995036
39863
859361
145135
830000
959785
741288
268129
774973
472147
927132
733286
322015
534789
426504
775201
405043
565743
241351
641972
740066
164235
753936
802147
38835
178438
504040
899948
825060
629858
717874
205943
914174
422495
739397
462851
359410
163020
24593
782745
326357
384012
168993
506672
834227
10990
352274
533264
224809
504901
23184
168539
69903
428957
963993
206055
442496
775183
878328
78422
723834
631323
922791
769877
931756
497484
251981
506434
653181
184736
311734
221010
606663
395577
693262
769077
326836
780328
595665
375463
70774
576901
627379
733490
734702
830071
339944
599107
152789
834597
814214
713726
18315
979595
374294
656317
921722
76886
195479
559847
241657
912738
936483
458796
117470
129413
205340
449079
227502
748098
395797
7097
425594
469017
663871
235465
654140
649538
619303
298569
56447
575523
735314
985476
308493
867201
621645
138711
248085
283654
318148
329073
630319
642529
798277
594077
862361
376539
703860
646608
72372
671602
358465
544696
346915
509402
134050
178852
602504
987397
534877
390280
471007
93539
236337
320151
198105
34127
680429
681001
590737
360224
581225
136263
549417
360619
143299
738181
999359
340532
548631
140596
632887
541290
203060
113378
245684
859709
105473
474296
400221
442514
44349
492360
975525
860674
982984
249582
855095
167432
148531
518305
784881
995325
353035
738442
708579
434967
47393
939754
19132
847124
991652
733277
291141
656111
189939
661351
786003
124095
86908
85108
885388
967442
611139
544319
533760
699185
511078
424622
496955
966707
22964
514250
358517
657212
187667
792903
387471
344168
219458
52917
541207
287529
474838
717771
464611
902740
264022
713939
774921
114134
986182
307753
884043
513141
455319
512096
958844
565355
154809
50618
160159
885684
702074
888491
988692
508351
72641
97694
136752
819065
250482
96727
936263
623266
966626
528462
649721
973661
581787
155389
81747
74019
176262
900996
131023
661980
301400
99064
707969
75745
931076
273741
621680
873217
107026
935353
272420
766763
205185
172109
305404
131802
332680
727387
967453
371375
241904
686474
730663
752293
348479
960512
922340
804678
117337
749770
276294
452763
531858
946192
303583
6040
285726
205930
261457
783349
186162
768199
521737
300773
718610
442825
598515
686267
842683
914826
583101
656856
230447
960505
823386
358131
494847
450821
402255
485508
173147
611482
688717
803711
67859
802734
866825
277010
981860
580159
885427
661896
252241
556892
905563
129065
324250
633769
836922
850245
997587
604593
36277
482531
179148
317247
52168
838893
9488
560118
374109
50926
289045
269829
443412
22767
796562
677973
33457
866233
223702
555608
18155
875369
327608
769361
152191
553641
519621
55703
245787
448297
374404
277672
666788
446495
770681
350428
360334
909649
313388
426110
190035
802869
303832
491775
514630
573329
699379
454428
267796
196017
295281
745905
227281
440357
348965
385712
131634
97094
915738
896972
938824
837923
317034
694705
805683
359830
9115
924807
734618
778581
228744
334770
862380
14400
231029
253284
53995
621044
221667
476181
208676
706177
606468
804205
107102
450994
88783
957573
67461
62524
2197
262833
424624
192522
858892
681891
938199
966423
505433
161853
922808
435115
399854
556850
219798
555977
258815
476708
426058
109464
408426
879393
822550
109601
441796
62866
129752
208066
514264
251218
696333
223511
265261
268909
54237
291050
879279
513287
569251
609921
221673
478431
415680
56016
968976
439516
836009
808633
591855
908428
418716
72972
195188
276675
313342
572969
960298
774970
706783
374445
753935
224149
620037
131822
878018
939185
598422
52512
17861
755559
861403
138792
939745
146064
536904
783151
954920
641020
984381
906046
367058
138334
754884
249698
892304
733237
433861
381062
189640
937428
470160
482547
950204
892870
775312
22289
151415
552553
78351
687308
228113
81276
730702
754041
340970
188856
160066
333762
704641
848393
680801
75475
411281
27410
80651
908193
395882
326469
212888
885518
759534
85496
178331
420854
949005
89083
671512
781993
577961
835690
304525
689346
376758
118251
503877
321810
501879
503672
586762
360288
921741
394730
874127
999143
887235
20440
25028
971462
503024
728765
659734
53505
273912
497273
720318
717884
461060
755419
996749
968813
569003
244507
189831
441764
14855
731468
459250
779836
715446
804960
913115
397162
615908
197525
692140
370636
313452
127005
78866
382073
804562
525267
672476
195895
648095
420603
97078
368415
951313
600011
181448
921458
734296
488119
862177
450823
736841
981153
765141
706916
459132
213326
502006
426351
487403
841490
198045
547988
794214
847672
816379
947117
417733
569032
359769
8351
93464
682351
68346
108571
440526
707136
423982
72561
89712
900094
245569
901101
785477
557390
655811
303822
43400
762455
305248
290493
444839
917606
858462
652156
292403
437898
408996
103316
824748
554668
430556
868294
611686
344164
206392
417019
833789
886238
915718
512813
941274
773396
948960
561822
705650
436084
452745
480784
246879
339205
737719
935322
347936
897303
178991
90407
456889
279416
35532
552138
42215
141237
149897
938415
222155
140021
66751
726140
831003
687952
45823
114406
668582
908911
987278
806403
660751
949236
595826
656496
696664
209707
306935
913227
355031
452976
236072
552734
321411
582703
215766
866259
680630
204833
523203
675440
430656
739477
112285
412458
383534
871148
688592
501570
971126
415904
185693
323043
736263
757730
869109
713386
707239
760599
580516
380086
481932
786678
392835
68402
974879
952275
310544
335562
730
164616
518956
54141
713642
885395
704624
713616
631784
717858
275387
705402
705837
920617
325228
398254
619873
743829
921489
75705
720840
542801
266071
557397
488954
86524
22402
23442
499421
81142
956614
617660
229363
528343
897899
222846
970098
650990
434993
726755
865981
212618
354809
483595
667616
815540
868196
625601
622994
293353
274296
243287
993867
455702
408139
805077
554836
325998
429274
382700
216444
982534
891062
665538
658024
420044
656590
950795
238615
999196
90696
659394
481712
141392
977127
55783
865849
97454
582918
553166
851647
941644
612370
841112
60146
733853
659211
377488
366822
521928
144583
674055
178655
575708
188035
485209
840315
997989
331807
123629
632418
461160
29719
545475
676419
899980
975628
167749
266556
991623
147283
961037
710371
788768
180075
99982
909162
70572
602110
263771
649177
440043
835414
739104
294173
441983
892008
932106
142228
144713
178927
99774
238085
701972
968
646534
943533
61089
858891
106222
933534
151184
664971
10748
842836
876108
594584
33100
546
373530
51740
772519
88842
658186
136337
212200
720977
703264
460291
327359
703539
276323
658153
524212
588294
716176
658466
118930
110776
458942
803045
851319
967382
473405
213581
27997
999052
114649
193767
17257
566339
509586
588814
25192
222429
778943
878467
239243
395910
173633
525813
407417
290150
759385
147775
353984
31350
373861
870110
29713
902392
298479
121876
219633
765981
536115
563744
873095
527065
700576
436809
860037
392474
218837
743473
233418
916762
475711
280553
734668
527950
762634
754613
500050
266633
130548
870951
166445
862784
758588
650009
431208
609919
16929
902069
800620
884337
141899
989969
150561
895738
399787
154962
69635
128401
203216
499764
137788
506201
701405
215133
932797
105826
549506
470173
231457
783477
665130
922771
476964
390014
558758
380949
969864
540851
619572
444003
154368
145494
62893
533468
692331
98286
497137
205246
118667
446020
120016
220624
842733
784765
2579
190663
992509
933267
908389
957716
633555
981819
723028
223694
656197
480933
537104
890542
156115
490279
450072
291467
681570
488271
278824
341721
334206
761344
178867
969724
841565
237554
686748
382964
258100
809922
821382
988618
11741
492590
797754
675294
855684
149369
137628
371721
47012
28954
805390
66688
426139
257960
411139
121665
631158
112733
459486
594099
516113
607389
191167
889714
615164
580685
616074
602185
332107
366074
181412
661355
605312
239554
567725
803030
614361
103710
784067
484532
517903
847262
58263
864336
33979
849153
562451
88891
728763
238490
306234
907566
120947
820784
455534
47923
833680
993886
553339
271057
55859
802024
264912
781231
968449
275479
217523
227777
11662
887692
562744
324396
576987
12383
119802
562730
737125
441766
92426
898970
311310
515863
716755
581877
199349
890008
6007
757382
629544
99019
819048
839990
127542
193848
43128
722442
951452
220986
240110
685111
48339
481499
192110
352299
992379
593707
480689
780657
810280
131405
544495
539734
381148
838957
824777
748926
489517
41758
280212
360192
541310
233825
116911
378353
389504
342290
827909
739081
563680
340838
391435
724216
959892
505176
832117
293260
409046
183903
622980
600706
330802
701245
248614
895962
811367
659340
170201
743452
669250
537694
593577
260081
524518
973149
726062
136396
72464
913131
780929
733768
527967
935971
789991
990416
834340
566898
940362
238271
78697
176193
299484
312120
75861
932328
867289
662229
340947
96808
262498
697585
69728
7480
800045
535582
28689
280506
508244
336911
904017
538555
292232
399469
230020
925118
180132
359395
840569
795498
601138
716142
84626
66347
383633
628479
143058
974284
107566
223347
27364
456738
125193
532947
688343
981366
924831
276743
4447
74106
173643
132781
173076
995522
435857
105051
334902
719550
911539
22777
483067
763573
615735
153343
445606
748616
327578
284343
568070
165729
702538
590123
83059
883943
189390
174311
140872
545236
235680
736573
832096
964374
673637
343254
614677
31359
912515
453091
277270
475725
696810
865656
856410
407096
290617
829140
45974
186667
374727
709365
139842
730600
95245
350264
685717
180302
156191
78179
465744
8376
807111
541648
174245
735562
334588
631395
740414
507894
22784
726169
984399
144686
452501
48287
451895
521116
479796
298670
117939
419397
952187
762576
594707
652850
703301
494466
214133
53293
709485
208029
101611
219398
991899
536302
728350
6250
519316
328262
394920
641460
165526
450956
862444
266240
264239
622374
197226
362960
381007
388659
667756
874013
779730
131218
198218
447646
338245
610632
367061
292321
767296
450757
682549
625749
50598
435863
697214
112743
652799
146551
535405
154751
343997
575377
50809
384626
674441
697592
838416
448940
304083
652152
579771
789882
732637
101507
112293
591220
272468
997682
107115
574507
142949
3247
537167
343355
436475
931639
373030
444694
102010
744996
68766
237021
821232
335215
544827
114398
372750
125136
697023
346160
537964
45366
728299
630927
272630
946731
872393
25881
627892
160645
874443
325819
769596
169694
259774
25632
347873
205653
961908
503849
178960
438494
186800
992726
24605
223364
562933
837636
61010
842569
698868
790168
189861
206972
528921
728227
430057
225959
203919
640589
553926
910165
359721
528135
759629
23569
178253
699785
863194
456241
911932
481643
494034
764891
66145
758885
235551
90989
45609
930568
869373
302406
418947
191520
881350
231723
737928
962758
802561
632924
675258
928665
407661
577594
796704
857446
164987
122293
152317
588761
473226
559615
874562
442001
881483
613156
352451
945415
528798
471588
360018
704459
150955
914548
484011
660450
378554
517462
386804
267249
923580
305481
685209
858309
289554
135493
41350
187836
228502
306152
579568
653923
132313
966198
607070
644581
790241
578662
572240
904350
940316
873431
536457
886337
895235
842421
54359
58508
662077
235523
58430
64213
985691
879010
651523
310549
987127
433788
379704
127977
874261
605953
801936
695307
108514
839648
825700
333717
464888
291011
555495
66690
363216
849756
716830
559848
856197
735897
312067
677732
371302
71848
70889
342247
690572
725258
787467
219535
489008
632149
812793
477195
321169
296879
592450
466053
939625
811427
456710
829415
522877
798841
985301
317311
440069
751655
969890
4359
238247
982005
953966
942137
834470
301339
396729
737878
665084
678074
85326
568314
885637
172292
290363
243668
309534
938783
832374
14612
677795
301124
918824
177371
13111
412047
320701
497686
662722
269330
234714
162136
448807
600647
201977
914351
4826
738465
950852
936512
777796
331868
281845
163406
824411
295022
919918
860487
967147
989799
740422
92575
960477
718899
155201
701111
34612
322899
187719
138307
483834
788490
269817
931406
266742
988229
503345
34510
339757
564835
714595
693764
837984
166885
579188
247561
545047
601930
572411
252967
283123
342567
204872
964821
95705
747192
648070
951182
719583
348124
909294
973996
109528
491536
59519
171396
453095
571775
466370
258340
320227
444533
663972
481554
94312
107831
286514
663934
116087
709377
548934
563446
45079
962992
793398
146738
287637
353895
645800
237125
720097
696882
803473
908383
863607
28532
676363
382195
904804
963181
117900
1160
889157
210176
38484
607243
877224
532518
255190
731169
351470
590185
395035
431646
655074
802088
962012
669434
401995
482550
724305
218135
859784
624860
573188
904242
307060
797368
972285
797126
68254
160495
738635
240888
968700
682257
429940
408857
265505
618883
939140
202187
418956
239093
269764
764316
664287
748048
577695
628576
790348
340210
446431
185691
80140
404706
736904
810933
233947
734038
864989
40984
893887
539518
711713
739066
604239
117847
985092
258944
998922
793724
128144
747657
566085
513298
940330
11262
27659
445353
600198
525262
747572
436281
666166
720782
998940
393207
169904
566239
5084
274190
334426
631619
774704
144162
989066
749463
11916
543168
749015
222109
927589
878241
720123
410792
457490
740825
59632
338275
935802
974405
998337
391953
748085
132699
458803
523589
354354
485321
688911
156064
611691
592341
149738
802464
228954
547492
766729
790953
531075
356120
197158
811284
338446
439286
568084
790146
646923
767334
283575
17564
262700
100636
286565
606806
767546
931823
562932
721988
979073
68211
428828
851993
573812
594107
494258
988
406726
771517
170249
614092
816463
558074
452337
548668
734049
252938
226638
262413
488370
138499
52058
98456
956968
156052
378500
59135
441228
700756
253205
854938
939578
717801
657557
401934
84840
637115
997715
298965
6409
156074
893831
895692
362014
154236
922269
58224
646662
27958
197559
503953
325946
593799
91348
625161
230762
521480
535552
772470
694923
343119
100745
689132
6710
597176
461972
124357
8594
776488
590900
452949
283935
180903
772229
941762
380012
457530
405465
169228
825944
691825
573828
862414
822036
59928
276834
488198
815534
786159
43651
838701
164210
121290
520766
454661
807003
874982
773189
544072
164080
339819
464076
245317
932236
158341
497658
632845
760481
270035
668268
716161
926417
894501
118134
911364
542437
966822
185962
118065
39777
383822
529167
99086
259495
974306
207402
255835
312224
211256
735890
630783
14556
556645
390562
981399
165902
369235
187275
582122
370655
669176
767374
146438
669070
427536
844513
669515
555142
447762
197010
484504
640703
272564
447955
804918
860120
134465
853538
719077
499092
18464
419670
649155
521959
764288
834395
376249
213192
537355
973882
302974
834097
717023
757662
514042
651159
468186
617989
288946
696978
120392
319318
758126
975361
484258
618832
699249
517889
905616
664089
669693
385882
480415
878841
939905
524391
28845
150086
41538
26930
818815
368996
414569
27346
449281
911848
213458
936915
868868
968132
934092
438026
831257
713898
133664
86420
186910
940901
510696
898885
458123
249016
155599
789474
412156
927688
800763
508468
796750
461758
548358
100694
563802
100329
606155
808875
940925
890687
207422
279830
336377
372649
964284
185508
517231
497653
990438
690093
95854
329106
826591
940671
434387
119367
246651
893912
544888
557754
63768
879144
189255
481502
805000
33714
267228
322407
516449
788287
26660
293538
494486
876813
866749
343808
382200
782424
412150
816168
682026
339537
250173
558169
215429
316527
243929
206066
163197
459838
22775
562441
895422
475295
187171
332455
32722
526520
244206
793792
499164
625762
716145
975851
184035
573471
407209
281964
104510
328555
16305
405687
177722
275087
522630
943813
516623
15246
474390
794624
223535
611898
547056
710193
79121
805850
488713
973882
560188
252057
550188
532523
423104
895255
25669
993433
358056
173398
46845
490260
674218
371608
501576
355063
741708
291683
37137
169535
181112
46920
571080
442218
161564
209786
222108
689993
672089
938841
461936
215276
136215
970171
314317
887375
1190
40391
483598
526236
584580
484147
7288
974772
334930
821136
719358
568087
570062
882307
354665
919191
226098
275654
580824
995379
251555
234584
261373
400432
29661
908494
822074
362638
634964
121923
940199
482814
482528
645256
469173
720346
344088
71883
422194
458229
201310
318646
987318
862976
760965
190209
261915
85696
387612
764960
824607
434012
133417
268291
503519
260743
863085
892777
337253
233144
960401
227091
790737
689020
649639
193713
872708
221577
895910
29687
507179
984348
414228
494450
283081
615244
998363
272486
947865
490632
268312
612268
622896
708257
898618
495994
982390
939861
115776
13494
611136
529838
248310
261455
785779
699772
310354
589328
943041
290358
703961
399165
16465
934509
243395
288885
74940
644822
791357
235801
225056
191942
332984
290809
790140
253993
160883
86850
712303
634176
524366
290157
707178
54528
683081
373326
723657
799952
276079
42737
746269
675161
427305
531303
607608
250783
273562
398892
632152
561952
281807
570261
808731
491860
778026
244375
239322
7428
405195
783512
666942
963316
813878
241052
695264
601528
598402
67544
425276
797334
515845
765922
400309
503737
277918
932757
489712
159117
754463
589781
739391
342688
519555
898178
345242
708506
230815
928453
365838
59639
709791
452213
686566
127322
258684
465453
870707
448799
559789
92317
424580
861448
6073
553565
185001
100428
338943
307520
359556
220813
243925
691032
684217
280152
462266
603152
570533
821024
560698
701353
6436
815483
76588
533192
544865
147853
768137
495964
548623
113499
637345
237848
910835
837752
856291
818886
909975
520853
184695
867590
342234
943814
75908
812538
23667
633812
579619
449217
682117
336900
936738
354067
493923
300477
658428
815970
837469
204813
205314
119331
141429
829960
247911
311792
681504
265796
457274
714328
239345
55231
292187
924476
695639
843220
879133
85183
239561
228875
249149
462647
601988
673732
325370
863898
251858
924449
108592
589074
791015
420177
855112
297135
822459
343881
691267
797459
591690
957953
571067
982112
193243
644992
79516
64399
998856
194616
112556
228106
111472
358281
499686
16398
489755
305425
490717
397523
288996
10782
749471
913109
58507
423110
948966
172483
104661
222259
121466
410931
276811
875615
337578
56233
53492
763833
868426
830265
869935
568139
838201
874785
38209
308118
939136
789078
880766
891761
612160
696982
757642
1762
766733
937998
481317
427172
619757
503195
501109
539146
479943
875147
500828
849137
759516
29499
312471
769567
297215
132477
719584
104098
198798
264984
720490
815622
90300
812652
317489
250577
595019
825759
946091
757080
929909
213194
921430
913132
98576
479953
322196
238793
510191
261344
875628
403629
448311
570283
550070
946723
536929
103677
704343
93976
55321
20618
166761
456393
558624
471907
182557
543791
861177
5304
938257
935689
83469
381092
922392
718508
625908
334365
656514
120371
102947
377452
787939
53620
573464
116005
279137
857415
223383
656829
326361
74925
340733
100971
641797
675894
895634
828959
392060
91218
528733
447658
455302
340780
542173
818216
510252
183284
844966
111177
662969
237841
163139
86987
963551
456022
510045
817197
175887
109592
775789
821869
847220
184912
941986
664718
864250
760931
370892
993236
14194
882020
725914
984404
760951
65723
752150
622639
209359
373919
164839
581625
810541
719295
928737
771652
790373
291006
921960
300160
57927
362499
37090
271738
549062
932381
574736
532111
963962
765664
862041
559646
333042
666625
636516
764108
457057
115584
983723
604692
581224
348969
875276
914925
277707
324778
991297
123990
865122
665508
187935
707095
512485
638422
41195
67040
527229
946484
867062
382836
943746
198673
169779
482874
31921
627121
178980
495813
66801
395682
769638
63610
909691
76516
244742
721400
94200
812497
363002
772881
360655
749055
538942
932832
486598
992279
751358
166418
744712
205540
456467
984070
57026
770855
874626
576528
709843
541380
807824
993644
368108
929874
592365
508644
638666
457003
353968
150104
759789
303
556083
147181
550919
778298
292922
109257
557594
206647
785627
363981
645824
30034
215642
804886
903432
559957
541968
786256
292437
892585
77260
261381
35709
435624
516490
97126
335827
960048
423803
234579
112809
204110
61610
99310
638459
874584
925347
717451
339594
21552
60728
366324
5530
494885
200508
131812
426604
250015
480295
289036
530243
879927
297941
234465
309310
690757
681320
875084
509658
74262
878385
157413
689389
709609
790734
464527
894242
781064
560801
681163
595732
3368
488355
928950
949698
302414
117553
598689
788928
627102
987412
178381
184835
133399
959472
237972
189440
891614
445625
174396
930508
542764
917817
378877
206043
564192
774608
396031
862711
831023
489912
455262
722552
36571
432469
144645
606018
867099
425567
759626
876128
658289
771597
786070
585996
591589
988790
319580
627876
276180
783587
578258
703136
232836
322687
615174
197282
864082
544178
184993
466100
494791
174529
721820
10322
622136
826525
87479
967293
828415
633371
69426
935763
788412
794299
814234
22074
247030
643907
954253
533501
174698
962304
194077
26094
605877
648276
309762
482950
704350
717163
705152
101490
962416
918026
602916
310757
492786
753374
271271
364084
550261
389098
732308
228168
172189
388208
717510
549359
836509
114754
806886
644961
118005
245808
405937
624261
764919
399482
960421
261448
985574
722826
373867
399450
313171
145673
709781
3016
854080
972485
911548
219315
485945
307934
826503
352381
572901
225870
576157
49875
161704
648594
155987
435166
738504
323603
160574
863535
656856
709509
160448
629515
289834
463201
223470
459940
795987
345189
149764
570706
201726
202692
262328
533043
952449
814049
816701
750764
622032
499866
561670
758979
250026
828481
595620
229271
220906
582085
941406
259144
858008
642278
286308
179853
74583
544102
275125
539824
306559
202336
779778
475287
359161
324035
86389
404396
227870
94123
45639
556784
433049
506078
76096
598324
37404
697600
213843
977378
620660
297949
603017
806471
536156
133496
973707
524847
331085
817295
78487
836165
1994
308928
107045
506902
760593
717932
704446
885575
800754
273323
649472
505512
839389
976126
954572
158938
314224
197873
65168
102427
309372
405413
533039
320058
374728
873543
446067
478737
956460
182479
510825
304460
692523
292317
988624
399444
861781
596204
696058
837076
248849
132428
738993
880380
725750
262341
199220
973557
164736
594074
800631
433014
849200
734613
513362
352821
921389
586665
327989
393674
706924
836918
560271
243082
14094
453552
160770
384492
880409
546098
187562
275936
456857
733136
663880
15465
567993
416581
14595
296195
859690
964267
164382
271265
917252
183544
215920
299613
157518
599080
696913
14600
101164
255550
800029
572879
884411
141404
404980
311030
943815
721353
675590
354970
933360
745277
935462
367723
669320
205412
593697
355543
388201
231488
579761
779167
291060
997883
293506
238622
433493
778177
891701
260167
159823
547151
856033
311417
746286
978495
643766
189364
95361
135497
452039
966504
709707
931743
198746
138859
985570
871758
961224
800851
861192
668639
717183
431494
806174
530910
276193
125020
202986
752528
667808
160228
485983
645148
869334
815611
26289
215701
843384
10909
211521
630950
281246
596649
631938
176256
124523
455483
435011
949865
640044
455570
939955
295247
629750
917178
463703
388244
711576
500394
472125
166677
348010
95130
206662
165201
306865
200715
839698
474864
267337
76806
325185
192661
772522
994476
502392
468945
69362
74520
26432
701983
468609
202897
263379
200318
259653
128591
921055
151475
481450
85253
878410
904543
128072
822207
707711
835509
78261
233168
670820
629521
793032
713367
3899
259976
51689
464518
478503
844580
526760
426485
442695
195601
115998
824355
781489
170430
162021
393768
87187
240204
252604
450217
784976
809330
742162
16191
635957
698740
113701
651564
69552
748429
361580
472746
229499
770021
895991
367461
455225
267673
367735
579808
332472
721063
932225
260510
359570
930403
280283
480758
735652
56778
898457
857828
754892
161359
657118
437538
555761
415257
967105
588342
922133
514602
38742
589995
173353
82184
163510
111436
861206
607785
721537
638527
927406
794341
409728
170932
141929
629024
705678
563352
271422
411435
117804
243906
741138
55616
627151
686397
770385
93983
408530
975440
74405
387632
252488
154466
494673
628812
72070
570125
864523
488255
766979
233601
253062
572440
631997
771753
32734
62330
153507
263793
930443
145228
877789
254953
360031
623998
656901
791838
711113
167989
977487
347282
184538
817877
407745
77954
200982
593340
224427
55491
161443
988683
116525
521038
907955
285280
811717
215018
333465
982576
755864
346053
480886
903050
600729
897653
741638
504776
79864
358438
897753
524031
818656
134454
277878
79544
476336
714969
153584
732060
178909
199750
589629
506115
307636
579648
604395
234782
849092
429293
522638
653604
247061
556231
839631
198306
206168
583886
401729
607205
809577
964221
925539
894392
95894
611425
876096
410516
746167
222564
845661
443355
484912
907697
431251
421873
379819
872858
773320
825711
309625
731734
260300
507330
224498
145806
366406
272253
128622
922508
501257
155564
626627
245597
780303
947856
824573
157243
73456
147282
117404
115899
604485
761516
738929
471169
160525
879349
774691
752911
645677
990137
728123
702175
438892
235226
420351
890036
224691
884250
659542
145594
166084
793825
796136
49914
639614
860310
162801
825698
463770
758086
734499
87477
154183
869403
9083
721563
878733
975751
916515
11050
50582
861965
943095
505166
339043
430932
531290
803210
254173
913061
707281
180835
479747
638148
383799
258376
160996
237076
400571
530614
65062
466078
491639
296728
595358
380941
85408
587599
261994
709779
242498
655267
421886
937280
605965
352470
607217
134056
994946
777919
564633
430464
680099
318319
607002
990097
886362
145317
88717
725567
125359
168089
265671
763832
351550
353937
749101
959445
243971
163881
635286
725801
895999
404909
370593
270134
265455
698668
158979
966758
176126
158804
495346
78412
329433
342859
960331
114190
303574
697514
814791
565181
507666
229256
76443
359919
78432
782890
170857
850940
308332
1986
593904
140502
616673
261793
750985
724142
813679
997810
880942
501769
80294
145518
307753
287935
562649
688120
313759
694429
32450
265876
834513
229701
247213
569955
126926
583317
967500
646103
139334
410956
421992
813831
953423
947952
275613
719848
218116
802765
684321
319372
462169
797881
983743
233917
193435
741066
928801
644330
621498
716571
819160
264481
118550
988739
540259
382747
121269
554039
214407
882077
514449
954511
719551
301736
951150
444572
12394
623305
558847
984678
485644
38250
431717
800323
924297
626757
617780
340614
521538
440662
781448
683444
25704
394620
367438
116491
641250
517434
284334
763781
81179
526571
42209
433941
644758
787082
609539
78439
833301
530781
456827
684439
50954
141319
847198
800713
769537
456884
169027
698299
637204
775320
327235
395619
458155
206691
5554
875481
917299
175976
32230
30546
176244
398828
884615
466889
302705
351062
447302
5866
759206
334060
558106
546002
397136
488681
386826
828324
54197
993224
492391
655780
565171
994883
537030
911709
791514
863807
492227
634883
193468
138250
75525
468785
112074
400688
689233
69249
663044
784946
673404
703020
48922
86773
124330
240911
233735
606372
876335
31915
155381
454861
221299
872094
610302
61940
22545
530274
772563
649088
531834
270177
588141
8083
899725
825538
862990
548303
590133
651152
644763
320301
986538
595110
106039
221257
3609
15058
51986
915743
571602
691113
508556
571646
429625
485893
952322
337202
206466
207855
698598
50681
617381
532013
56768
333694
92558
578587
111721
281748
636819
804516
820800
842172
312290
431351
93662
152352
559432
93411
119038
86961
785603
954581
820482
55850
174350
185377
282615
79768
668884
591878
592527
140915
873117
750495
737134
364527
927760
536464
974690
722995
591240
557724
220379
855457
623314
926774
341937
73526
566131
867172
490159
482347
947218
408131
258642
667994
15353
736330
772030
4626
615560
519486
28804
339281
956759
346106
730235
202256
383070
622957
72299
393551
496063
889265
342480
367514
378797
672491
226756
290434
407835
424324
360639
915813
814394
64042
693483
287671
597596
779192
720653
250267
356459
191230
574745
372725
861200
374712
226281
122757
495759
654255
906190
865698
782152
957992
18769
647313
14755
516182
597063
254526
680268
996647
234941
459639
291760
581456
143646
311162
175824
344549
104204
343052
592177
698396
171862
27102
35878
604596
927696
72311
318330
430280
170726
314505
819802
647560
951960
990882
132356
906602
418601
923822
785167
135670
943307
787236
762730
851625
883346
588135
59174
814657
635214
804940
453420
308234
782282
93993
666933
323762
248634
159389
241952
236366
201486
250517
340073
419596
428453
166242
563837
284794
347294
867963
941491
545792
919445
789465
232917
171266
859032
587512
674301
190929
99152
760156
902832
966463
663188
229477
2561
1367
111859
456096
656542
840465
938129
399473
144450
244705
844700
166168
600087
539981
746807
927501
82423
225224
792865
28954
801372
98561
585864
313631
208440
272606
377327
939650
555092
487197
854825
550622
880345
11266
713400
168443
498325
799049
75442
424272
982304
539147
111299
815686
780223
452194
626136
298614
361936
978554
668994
675966
284493
707830
134056
422936
506808
609457
744939
469711
763051
480028
4726
420592
95151
191520
550954
496959
184350
664950
671825
218289
799291
880610
869583
959446
28321
699815
460479
630129
356588
628330
64311
392464
559853
732062
255348
32090
765647
791087
134282
830824
901551
967916
68824
392598
866267
660829
155446
752187
645123
515576
736202
187448
87470
478965
509733
877149
840691
94367
40114
284050
982217
297926
471575
469276
248385
522070
621775
938906
994106
110903
109707
82050
400169
28404
101598
850507
754429
440686
106784
47604
935660
871992
634071
151299
37345
276674
712059
387755
860390
499668
28877
986710
950663
930196
863670
129694
217517
175622
501626
888930
799487
412811
106056
116091
89668
659682
904289
470492
997551
586596
65852
325379
416185
118817
836657
389183
4835
139609
229699
934798
95324
804513
53470
961522
692861
398526
692203
321905
790696
664056
694058
321030
922257
207213
941015
274226
716527
321518
164752
961246
468760
446761
771456
237693
32812
710097
398977
342044
247717
301553
15068
150662
401242
10848
200949
442796
612667
621472
17064
383723
377649
90659
434122
407018
950723
254605
368745
728356
365241
242732
528036
62496
257121
289328
879829
832441
59682
386796
445957
921350
832041
484527
368839
243489
70573
326690
504785
378829
782544
464187
991608
537710
998919
176593
302087
534275
483052
631971
55329
169937
953138
68409
858336
759122
427910
643100
412650
769927
812931
724280
970249
275768
228112
127262
699208
633025
987146
880882
49207
177045
559742
385777
918788
107256
931518
549496
967105
131210
20133
264655
549349
758899
62884
501564
997740
835475
814557
588893
392333
865804
742656
533179
26323
590453
392349
150282
302760
651435
43269
625689
154723
752092
527846
458872
284683
663049
406835
1973
917136
249324
29237
695867
21510
369129
925432
388604
136812
355318
621370
629294
606155
980802
491213
273265
989965
313250
317082
605992
825007
238006
796779
40924
331072
527676
318858
337859
889482
797970
262939
236214
240156
283803
156697
874296
769779
671823
239130
472750
540419
109329
984024
309013
651420
784210
541502
336144
204091
672089
739424
392083
705967
540443
94536
724943
658734
122552
161099
58258
713221
763247
105342
839789
879565
764696
633873
198293
741362
581575
910755
409500
780601
597493
932925
972895
126921
440986
700873
16000
139343
148496
391206
486756
382745
657226
893966
96188
536019
823223
930684
9444
32460
338820
488524
660505
151680
392045
253890
244824
259800
102008
815949
514637
223738
838581
438054
274271
150411
132428
754130
654001
851191
645829
668527
218528
978978
833955
650664
415457
516539
611811
269580
310299
365287
156535
732006
288605
203015
756610
9506
96100
363605
202659
747989
856967
217884
148994
166773
876048
703951
828922
27242
604954
508182
198974
920478
600334
657882
261737
117765
676040
992956
909451
947528
687072
819532
934504
477644
905129
874817
504794
701088
669525
7059
649676
171172
714355
720755
704940
973539
615004
551964
176684
680903
538467
206085
783579
835289
268119
587752
689385
955374
461203
234488
822306
285632
591702
485278
995143
448908
204081
26823
774895
801860
849409
820549
920694
137616
43333
467080
631622
232728
894752
932754
665834
422062
721214
748416
770740
163296
694359
908176
758681
114051
171148
621072
649036
328532
902896
455879
684955
611114
189919
627466
295031
532168
873530
14909
104681
423380
50290
951779
496127
128452
718096
60924
114444
859124
261973
738474
277393
43919
520392
375618
662106
400515
519429
54798
733033
526536
81302
907930
623076
321795
248236
558185
592176
727241
967726
784394
430834
253782
512538
253188
27458
366655
154632
524068
889970
614461
68943
47526
81748
624711
914625
870133
372360
747873
936944
651569
299359
364804
760935
667080
67582
140729
430587
122217
52237
527668
693338
515463
161747
309552
869711
539199
298750
543597
184232
664144
457925
327984
655199
717854
867660
616362
76837
733091
455859
720142
562632
417499
926283
798540
957425
324407
516647
110904
42234
814169
726908
984664
113490
364
568540
797068
995791
339461
305309
799126
38814
542004
866128
550400
155889
74340
395790
497040
926056
366266
832204
338164
791445
981708
178632
643327
160161
511860
140208
684059
261287
108834
127194
887077
282912
8290
913913
111985
893618
683706
331223
798618
229361
771831
650268
617740
929578
907056
504332
606473
758235
863842
412625
136853
49090
213752
269674
784268
939648
929402
653294
308050
882061
936325
372560
425005
64083
460438
66181
361841
831578
517469
37526
665275
361211
228848
795189
31745
966231
75515
787429
933308
693930
858674
950143
709902
479775
461890
21632
919450
633166
895981
169955
856966
931328
115323
493710
474008
209658
140909
670361
814146
220139
642625
432570
561237
798626
763658
92835
468813
314452
200048
765644
348267
555387
963349
612830
46305
703320
189681
166678
899306
325964
537598
186085
518827
466814
988189
921824
998192
967531
607082
558615
269511
715900
558631
136517
319634
50732
881248
33219
511999
345121
221924
400602
117419
244193
121933
421040
870362
911015
586616
786068
576590
843962
521181
609462
788431
825350
911318
785684
458510
83882
318617
820541
666158
160869
272845
779964
10648
653410
893413
798373
899219
158127
977117
681240
161481
375881
544741
682076
542796
242192
140288
469962
569622
747250
408237
694850
624533
198674
375455
171269
670455
482549
556498
182609
805104
233848
766929
964997
739880
965482
996610
841488
679018
130755
546918
667725
947036
563721
504618
19645
694808
700735
851455
817462
589323
700580
66176
923190
804702
393605
551745
797769
320171
397147
305688
891422
310586
327437
568073
535173
832454
645989
732218
324062
15461
704828
238449
758356
605166
890584
490762
697385
718329
571470
693455
104957
884095
101092
204475
39327
646718
599196
905538
307898
968656
107287
923484
151686
703795
949959
298660
676325
834193
852770
511059
433632
650575
579315
146416
620547
310031
39219
239556
955872
27663
401135
200148
496323
490802
761984
900150
510675
728849
936609
723815
285070
630640
582325
867173
101496
112010
241661
637785
632275
664563
596441
211108
825611
751011
254116
241019
937914
94752
457657
66848
500825
705438
566950
496926
388553
435177
758391
947744
576814
697462
161443
362994
486275
794251
847564
510898
802832
159818
216033
605605
83108
906832
447110
895195
298594
898415
630615
233353
974679
61665
267293
493512
302380
2590
230275
747811
872773
600327
71405
59016
252088
725028
300708
609505
93381
250020
167072
839
532944
163724
774526
521276
806248
105782
822808
432295
389851
905149
504154
775081
866094
292400
418100
187107
516835
