429587
957431
738780
186563
367832
478838
578295
817201
293562
362876
523513
790088
545271
96762
376588
353782
689263
349325
959186
843315
336586
525971
172467
70171
245820
645031
50169
216454
916960
243540
260590
407215
210058
699711
477273
439404
109268
35670
721730
685574
629012
3285
708502
758605
879127
41585
240704
309731
874556
349932
761790
656072
729565
484365
892676
994978
550284
234177
243422
862688
778074
541198
133877
646360
834790
374048
670296
148561
608406
690118
6422
830295
326637
562724
301503
519899
16168
188458
471454
276041
595784
451976
543385
769023
979760
667669
50250
581402
383406
138164
424077
804851
451855
283470
563062
486761
716278
77563
550342
94374
142699
811039
645579
562084
740498
282457
748865
208672
248860
611456
472199
195473
34070
120147
646050
354885
651240
89619
92999
554782
383112
471255
714585
187856
828620
458463
656119
709534
491708
410313
333862
857894
381839
953317
642424
452120
124231
19695
220669
538486
792597
452411
657830
827128
288021
563237
956733
756883
151783
162508
552685
588343
540212
75319
271134
351389
979239
245563
679737
641401
470788
680772
631748
802125
546146
834899
239048
228320
276565
439941
939480
586770
906650
603341
823096
114062
413832
517784
956925
60742
872726
765727
151963
976655
923484
972505
265398
821660
72510
837904
638169
131432
279613
157471
125157
347733
589900
122055
703252
161420
532779
17692
471472
23924
686095
219827
672725
949112
754426
920312
890352
218665
992507
620921
757876
775918
609916
787098
500955
932662
212133
886670
244204
971507
151154
675115
548667
541321
763162
185287
273823
776980
145410
441881
970294
713693
536964
554685
878170
730963
692771
705744
524561
93499
59131
608128
647662
646114
135247
675510
369916
40155
351483
405568
850429
159043
587809
394934
469358
204762
901567
873807
557546
80815
832777
474970
625530
748992
131851
542397
29721
784341
199878
616452
482223
717123
160597
956078
562403
556201
22370
182367
900403
579896
706685
498791
889589
201672
386945
51719
691851
450239
772063
921480
524829
153490
209143
742417
168892
949861
807844
298686
913681
758566
197192
33077
676228
759056
203344
413341
88366
535213
523103
776175
695275
135133
114937
112158
159855
737306
462559
559401
548912
343667
500897
424197
465247
103203
217479
127334
643703
670731
185159
514662
937268
958791
513390
413272
771466
922057
314502
797891
19959
321049
106295
551854
656016
355321
172559
290424
327831
370514
457861
587140
859959
73308
431490
758234
643207
72657
311127
785433
673650
893573
116050
604172
734474
486012
63042
401477
636723
573608
305848
450927
190882
216305
271875
765903
527116
657481
363155
992623
975876
258566
67055
442047
439789
431748
941319
395615
757758
365539
123577
378432
945393
490682
978807
956847
509818
173421
180272
806209
743353
86929
601986
905470
842726
935708
107895
81903
108693
958530
686669
346230
716500
413567
1095
571836
614924
289432
898587
508445
500675
482609
840210
185209
301228
776103
209542
795761
824258
794101
435589
336108
516302
530720
121272
119116
102343
124624
362530
225916
542188
345752
784238
477786
922244
895769
140297
780048
830600
922713
943792
910209
216712
213735
693088
117571
246858
504877
932484
742189
262487
945310
754035
773056
271558
932197
430592
845017
776627
587422
560020
808419
391531
927199
247702
738309
13378
920882
319338
551987
183280
377318
326647
327139
682923
188182
48759
997265
832149
874734
456685
387289
335845
917608
809213
545736
510582
913929
537145
296175
590715
796287
168314
170350
174698
196948
861612
612386
35743
33532
312997
987920
519267
228363
636002
445568
422761
913500
593079
318023
219281
962942
13827
839955
94144
644964
297430
733846
785713
404989
109398
98843
296765
156573
961010
648976
582510
435342
668908
784473
95313
842524
759949
280315
975177
183502
242603
712468
38630
210401
957631
927316
773615
948285
735437
286019
699274
867380
189369
666358
257011
891306
950750
837972
122845
313292
979465
922972
415221
947329
847393
934323
700290
944297
444585
579521
790980
56409
585852
703729
806482
58147
992683
197407
866969
127364
131285
281920
844040
990635
366455
344959
505947
38257
244570
504117
680486
164781
494431
85994
884792
718705
328083
980144
184066
195609
694478
534599
573419
798205
189831
424690
775153
109908
390270
565002
894733
886484
207061
509167
658777
266895
607127
589795
547577
529116
803439
218266
694472
903665
811487
153621
764809
438064
113755
133694
497178
550944
52975
532564
305760
324654
95043
455238
74431
483722
51830
728070
4621
275787
441180
984423
323440
91245
625513
272146
53656
734684
912398
900316
615488
593786
666110
678425
925036
322252
150417
434032
213165
318674
573768
822040
778470
127737
850002
497175
302392
770075
62083
202416
326933
216477
478203
413580
762157
42830
103169
385281
682473
990266
977371
944720
472271
264317
136887
950938
78982
822556
612201
738176
296645
212788
459977
221296
998446
434588
461481
517651
644914
447423
160013
234481
214948
212712
459266
59680
61265
679057
662284
38797
698059
386858
963706
327867
17441
839071
278314
38498
102803
106546
38139
769269
528573
5199
705981
631618
774571
515870
357625
570665
991526
88793
311620
512869
605141
400331
500499
606968
701926
123379
642300
146374
82836
376466
752437
185124
365507
386571
776977
829541
420892
839018
784213
645841
84525
596813
943972
343712
903
431994
898628
533370
220468
511077
207730
665228
891991
188503
613585
440899
425151
882522
238995
664933
336536
771831
936776
454885
237383
439598
882715
282213
580784
220522
249046
757842
391368
400132
778418
251318
836379
978864
720828
139552
732767
666041
131349
233295
127731
984334
538863
310907
317031
755710
221305
836573
461294
786709
549398
755460
76371
645447
212518
171375
4645
740006
945491
912159
932998
284759
106978
903892
308771
106902
80903
621796
433364
264535
764618
365037
828488
737122
935653
489705
923166
666630
331147
183311
963778
592254
370606
391710
648725
442955
176992
3915
962416
479188
804168
914010
567443
327374
555177
589014
43077
544266
998439
786073
768016
833340
178483
428091
898252
721521
57285
188409
299026
444852
780598
193370
494793
290119
397019
762385
902398
801695
155334
669038
201090
61291
98279
104953
686254
258511
607211
485339
402958
620720
386331
300223
978341
727013
14865
986368
192072
885088
438675
732410
998917
958291
195285
818476
790530
294220
79379
386602
989414
845847
394937
269233
347546
775055
611473
842370
907570
692777
891074
973977
536579
985508
549703
924844
484247
784172
648242
815402
602844
923618
914893
630644
657973
506874
702151
858066
699967
110560
57285
201742
70117
99749
604908
532715
821514
348915
313480
916571
429038
178747
375413
6529
80154
480322
644673
16959
135404
771074
436815
579439
98202
741303
299875
127956
987538
705611
43483
204703
564021
283458
519639
772740
335579
766696
853770
249193
94111
108155
397239
916695
760576
538184
240124
190791
372649
225179
683849
374264
752105
499165
216605
615311
360359
455792
794284
474772
224786
509758
283296
97828
88071
761574
486463
570106
856876
811689
469747
943653
887978
228369
626045
890190
718481
565816
554264
759818
803586
536155
888325
311380
828623
646649
532260
313962
675748
820264
905596
32225
701559
164185
781961
566546
32537
915500
998639
344402
227528
388622
277363
593804
539937
92969
595207
860823
908137
36036
791898
235445
216050
414182
25805
451366
653687
673816
350518
678137
224417
983710
373577
928461
143940
850964
827296
605477
897936
172631
946294
337847
209120
37914
374395
409316
468416
814886
90252
758083
882963
758171
705525
474814
977700
979983
670560
59618
157025
877192
591118
555197
89182
789458
626732
684403
980322
109087
780028
880537
813101
984289
937737
767385
927831
856453
676579
191378
557446
92768
407155
803763
653412
783222
729574
291882
995269
714998
572942
406602
96277
499201
153046
614083
4332
80205
335290
804240
830098
336528
746817
11412
270362
451041
225442
968961
318307
402206
26154
86976
738283
21465
364665
645106
366602
749183
933438
106002
23685
842041
522688
101363
903746
31968
453716
777038
767787
812722
788529
175311
312711
727633
697320
333155
829563
682256
383525
606495
634769
815707
696602
773143
993992
791810
846543
54751
486321
70884
910114
7054
632566
898109
884106
432890
775545
410110
279672
433944
253159
232637
858214
657482
926230
699293
126666
922379
640375
284085
357389
176226
733652
210555
264471
748463
344881
830909
803209
338056
375856
163949
499406
883748
131389
439619
299982
142273
206809
592090
306474
557129
107728
592027
476233
754806
815604
308172
1930
561930
990841
281612
351090
978306
216281
825038
813404
244205
839091
467750
344189
284125
309866
925173
818611
535732
392692
521867
253179
941561
312515
215167
230552
559607
77308
219107
964747
570070
925576
690336
602598
557863
998094
554676
462320
316889
185486
116988
670732
406320
980695
782852
11991
680079
811730
650984
606909
516239
557061
325911
978054
641501
611935
877148
314138
777673
291144
328105
862202
112461
775172
864922
9715
784177
112619
196227
816403
687192
269944
185884
164952
864321
514029
218207
771986
172441
38662
231555
630355
736466
206404
863278
78623
590203
399476
214702
949277
863444
760848
706170
145854
89574
933483
400895
458162
827077
761724
264766
670836
647152
15897
152005
679696
362370
435350
720447
969422
764171
528951
955197
411604
227663
856373
548965
358742
720861
104713
335231
81928
440231
497643
799258
116012
63069
52420
878598
491839
108620
130654
527075
102463
279856
586827
488814
848582
41443
207566
726927
373933
791518
511741
631082
670695
396787
765061
506902
139032
240292
759766
833740
451297
705176
579588
690347
9344
732923
20521
771789
768988
902441
687560
892275
463546
946782
490879
992374
207922
652119
67744
195239
153927
989678
110385
346845
713250
653670
397472
849105
445679
140794
221111
946324
306792
45772
489738
593323
219081
499571
995559
841232
870162
211794
752426
199890
656299
134052
522054
956542
219339
565835
372979
131287
143573
477906
908511
592492
779191
288227
125370
409961
393144
177069
257061
299557
143703
936574
723192
126239
505474
876690
199507
310959
381351
89208
846767
487678
730830
21141
786441
136664
201091
584681
847034
385902
922040
866530
211322
961015
843839
797324
784807
944762
792025
816934
836391
58135
953076
387081
966377
841290
920143
10988
443051
184070
871795
495140
549069
487286
950084
702049
597726
602749
190351
841273
724716
586438
308353
309208
730476
573630
251351
769502
64424
394027
493907
420555
724392
566979
897938
658851
741865
255092
250647
306417
764606
55093
461012
531855
604426
75035
803365
127102
164836
775695
14821
824130
287011
35845
696363
822297
180945
843507
632623
80633
851658
69609
359942
332201
169624
698653
731014
870145
439848
685378
770694
967830
165292
556780
466881
888051
223514
440996
226128
69860
312029
305327
834802
750922
610854
921383
851275
573869
937760
476898
586224
236725
909850
272615
695889
920394
841409
726186
196120
441537
905221
735824
286566
271850
540093
378073
743161
4830
600321
849281
440637
191233
292655
422198
20324
322982
473919
613722
577670
319921
233541
42999
629251
483645
472054
598809
771036
263712
489690
11436
419642
974809
531547
723378
366728
102964
326820
687705
281988
940622
272309
622906
802791
434386
87522
741502
80682
614370
123136
371476
868643
613689
715588
539632
383498
180304
546379
21631
231232
269562
596638
801879
230592
60284
876894
803426
442689
308846
46051
371786
480756
767516
856975
438129
587508
76655
984051
853350
875658
179425
646599
297804
38428
928244
649964
269925
340851
414685
845117
686937
17209
513337
337408
1261
986487
110646
315524
752061
30636
518740
550177
873294
746800
51263
69614
621960
533932
819814
56655
29123
60442
968936
693776
649494
597498
113886
674449
233096
697473
679514
204875
155711
662127
504788
510777
146846
231650
528960
119484
3503
531044
878906
161303
941630
903370
805542
209335
600427
33293
106890
167945
66684
196192
160309
405834
547645
669954
293070
199302
595822
872607
991791
199044
798404
442298
881018
740001
574649
262203
637905
154983
597217
568834
756591
222194
124304
696324
271978
601431
825416
968407
522713
786212
540203
752656
917273
50618
703162
106995
130617
175315
974802
282628
930642
799704
795625
182476
868635
748155
407865
601634
810448
899378
219188
249541
827976
696611
634181
997828
267488
269253
373654
811135
968583
66809
103823
394579
349737
237101
556506
539185
385950
842561
650670
269078
58423
307419
32466
116965
170924
155891
70427
99105
300647
19404
288311
14560
833163
161380
856960
185979
929964
89979
541003
539862
235765
967983
263935
432673
501859
366111
150686
526214
679029
192960
177192
339632
471956
877168
936028
474573
604342
612422
452866
478973
90611
912094
118958
401350
163301
290901
622907
575773
914720
883397
189098
5370
544126
455380
212163
995508
742185
996315
450881
385
139063
561161
247265
921443
218708
365417
938356
849640
242527
678948
301412
405103
225715
592666
254288
114663
540938
384423
396141
818174
553514
954075
496943
497381
742263
270019
256943
507169
585842
885493
928105
646857
629112
195088
971099
75877
313445
351675
381530
316870
547821
842566
995479
140439
449758
725867
695382
385711
545831
785072
983124
732866
684640
25529
1847
529905
386257
373998
1691
213110
812726
565687
803219
587263
915619
725717
382623
77751
656265
925215
863368
280420
568824
357039
830673
713093
459746
697926
378443
97279
391591
422257
22806
264086
130797
361825
726034
145111
461051
230376
511021
181445
266813
725946
307053
688443
332627
469088
445627
260778
862743
28941
927387
770761
393000
39606
254321
425782
778925
757330
84399
341159
866647
322673
678395
5119
246255
805499
968707
631212
667374
233225
524326
904106
85771
575295
841074
229436
733393
218536
231957
813098
979723
710967
435021
199902
876485
646368
495173
286887
869952
705551
915007
242675
796065
913862
330253
415989
333911
409052
947268
563319
306766
855153
605256
798536
456012
992052
231761
57205
320856
298283
773104
78204
25760
559753
934692
943182
46512
121494
870024
975215
165211
272747
426296
6377
80486
518409
334054
380625
704001
556023
212068
159170
186781
922845
967930
964797
166619
596049
14066
667845
680642
478154
478286
114833
857205
431438
348145
169835
229508
501490
307153
113578
479599
850211
743342
903031
59593
521252
76149
29440
804136
51613
462872
958676
211717
787957
253260
501094
693042
610683
893919
122372
586652
871023
425175
966700
883902
599540
103609
328691
278238
678066
985951
204677
366930
709891
322426
754960
795091
688465
108044
913905
139885
379823
281976
298798
291055
452910
645153
410259
415035
39054
541371
729041
587465
153207
153616
496657
508580
231613
676295
286637
814061
246805
62352
802600
69427
643483
682719
385218
400896
80507
547419
514712
244026
965910
982648
486223
567001
775844
800577
507499
31131
935827
302891
567388
363640
167557
46340
560434
671931
581535
276621
104674
846669
971855
682975
832863
616054
607127
922703
185303
788516
799424
674215
657386
142031
996958
921550
813202
2260
765483
499537
77070
556333
334951
948410
665363
647104
623526
636765
996868
768763
155024
745717
658055
788414
333790
956602
71688
676906
415528
537471
260617
191365
837878
996105
730519
134647
740685
351608
181626
799432
100941
332095
679266
258425
62815
830277
86391
878879
670512
460898
599533
795536
937560
125174
887243
519136
214900
303157
408418
120393
811385
930443
809591
70373
827009
428586
644842
367144
793226
350141
285096
678293
919791
592409
799181
649368
77389
868271
507168
295199
369238
619487
941946
537635
343603
498988
48225
703775
262015
970895
176121
449332
360671
259768
58406
767404
653179
844565
353480
863493
358636
181666
608099
402627
937654
675952
434050
827557
651029
621933
928669
276532
756180
388644
164317
84015
633095
714112
58332
499209
2281
641909
959424
951192
306452
651258
195062
879504
624772
939202
382698
775476
711694
462181
635044
57766
129056
225551
811696
615084
568382
857470
534813
15423
581449
809060
536287
613211
807273
432390
80199
189274
868841
620733
670441
85496
144274
600449
550728
993404
425111
275283
207839
808983
272791
683250
666446
599276
60432
259088
665045
76411
803176
793384
201338
193622
467113
10282
179619
314120
756820
948350
785577
767156
331290
241519
148410
751917
859452
432379
593485
187751
573122
275977
402132
504685
284026
996933
466156
282378
149543
432486
935860
692002
465430
212029
88585
615872
387657
530828
513836
924062
94175
567397
189405
612777
144776
541562
754361
517230
802820
913081
453940
549127
771114
422184
800889
944217
315394
783250
989218
526836
944470
127414
426416
452418
82764
861979
131932
211053
587249
824263
756259
778878
6382
138876
601125
127395
105521
528277
202425
855188
57612
362416
762446
568414
348402
390226
753987
626609
319793
25221
98556
175991
814336
333105
569289
701924
102412
11947
227722
528487
724757
477791
714731
721965
116660
541319
294019
979995
265659
12953
773409
244117
616822
158009
223798
324246
106612
694531
341545
179050
155399
44866
207978
804640
464711
986345
65776
886373
986865
101896
415297
491676
544256
358432
283040
835380
831116
112818
486889
523110
901641
23027
607398
400761
860032
60845
443068
471098
874039
110259
940187
931323
359620
64203
396867
944411
477782
214599
717540
591143
534798
544679
821852
315211
685827
498613
370041
866873
856577
683669
445080
917512
225768
936761
251144
144065
975749
737465
139976
425840
828335
873455
215287
806740
976068
511517
808216
187530
460963
5085
110217
203409
142093
255510
182832
58926
740780
998741
472068
55885
285641
30129
165493
576364
575705
644942
427780
871616
868400
831384
422400
758188
396973
942352
255012
583802
654263
399321
306042
295457
875486
92541
809678
116477
126396
566934
490032
558404
557358
327738
655264
981990
960477
52319
25139
493484
524349
826559
838240
195254
420354
658580
466914
343872
535520
512052
372934
821882
159910
694050
242023
283268
505321
501393
37090
607948
496625
526412
55500
71264
520420
390220
437127
137346
811485
261403
510075
852532
402602
52548
965208
481495
21801
7221
402727
510423
140056
974704
493334
562302
147755
422561
264454
433719
681864
997074
343002
488208
208870
155212
308983
331586
316289
827406
10516
255448
542658
461252
464121
931046
264837
963323
55952
259624
698790
472798
926604
38648
353726
625235
978616
5691
651050
129151
885736
874684
785699
435885
143859
33819
261333
662231
937624
61320
666129
491090
288860
520155
781185
616867
685407
542324
75035
683432
660909
980489
248503
506781
957029
919849
809980
873908
45610
975861
469213
145339
417557
602900
311099
175586
830290
502252
38157
653976
850741
806848
842038
737515
804014
750324
582827
298822
938902
190713
272499
569587
163049
539278
554312
66013
792750
213288
84546
204456
294675
652804
638684
398324
52623
250213
365387
411226
57219
840452
334932
717045
506847
74535
885616
463122
344547
11314
905015
637640
644746
608847
356972
80530
521347
557580
847964
559166
725505
722287
371544
831188
360386
554150
78248
916200
849929
270420
545980
999636
563335
215942
521429
653364
212495
951220
702172
125119
417319
892101
590748
835238
505413
197609
239093
90394
733198
890887
319455
54164
53861
742154
523459
341929
25758
96248
610786
233646
314275
774780
210560
163028
989600
243467
564430
136786
295095
140609
209945
777019
703318
616407
523131
675366
810270
594223
209974
562674
837692
735645
502621
832409
31532
789233
727943
476075
827976
300755
720905
857530
586190
56710
495060
553694
265449
551699
306367
923924
911542
185429
851117
95602
577380
838749
190044
22763
31146
982499
798467
219588
913629
418725
233273
8102
408827
633212
706977
562835
592014
365437
727511
675096
569870
837716
881676
934494
345027
631424
192008
558356
134787
810402
681183
649377
868139
252002
993681
175806
550098
30109
892122
442663
608839
134744
606174
441997
941133
711461
155613
340787
656645
126072
298971
231578
833808
652463
713252
83326
45913
827540
26654
779353
444100
12998
180810
399820
929887
544764
39382
78588
312414
521768
948809
157120
148292
163944
447585
583119
835780
116875
778955
101324
982469
472881
485691
167275
917660
561449
150132
257763
609808
302049
933739
687718
258477
898657
994685
819411
382280
658826
959533
268577
587166
490267
869007
839275
807357
749802
987641
679748
169862
199189
793544
34566
265037
800214
654055
750234
712468
3743
730604
411472
223584
498124
751942
807644
566146
998491
663636
822263
102812
540880
388687
166598
331839
760855
611138
562228
233602
192390
489053
347548
240390
420317
915269
394780
992832
500887
200531
635593
346932
330222
546857
836088
937628
403580
240229
833028
252525
444710
359605
607740
940797
567203
320716
759958
935173
138830
931542
943855
100997
974828
166009
40813
390881
348240
661930
257768
874448
848018
754237
17371
652967
902826
143767
834738
627319
299136
576050
289761
885962
374132
676831
399282
140721
496845
667862
277220
244140
729722
644276
345051
339999
673190
702629
29420
57230
963185
804034
193516
708184
476055
521292
167162
73493
604909
615810
877921
173104
981806
795108
841182
558933
677323
859054
673836
713701
999542
210702
64162
123858
582065
363006
384066
685813
767675
339399
573796
19953
493233
633858
493146
195229
476689
378027
638501
510708
911184
327249
406377
504707
323858
6955
605524
648456
588712
950869
755976
433379
937002
663528
263681
917197
189590
333579
774000
321910
879272
494455
807215
629486
843000
459210
294668
662158
386318
142709
750491
63025
36370
825991
955747
347771
184115
69425
214229
339986
160462
391164
58464
697117
620332
429836
612505
862912
737432
693274
881891
375489
491270
142571
532739
394766
834529
474893
706512
825106
995769
774686
199421
364104
22883
717989
774625
180106
716815
355091
339541
331084
132168
780381
185750
321061
111507
606749
236431
931455
798495
640660
796819
814855
45311
240369
117863
488368
757148
872515
847014
341045
368965
376873
686714
884950
554270
116210
812137
744230
613539
544259
4120
712405
910048
140414
920733
541602
962079
532064
361704
780161
60178
873982
773015
869475
361072
872081
264537
193737
360636
483322
252453
16507
313984
982760
658699
748575
153933
421110
761957
133460
824686
285930
954649
299014
872422
240073
538011
679881
224525
396104
23219
3281
57696
105512
13283
869602
776384
544856
637116
733935
589002
431486
470023
475217
164493
344698
409705
421530
401804
908679
48365
272515
527938
518388
8411
7278
447195
500231
502329
730537
266862
844754
277776
278304
23364
950512
411580
293230
280570
993378
535369
22503
435162
895988
84244
341296
163158
989017
908877
461654
340946
439907
399310
742148
490883
256705
400857
617536
109807
757421
409393
604220
660694
781840
585981
737035
531545
821966
106425
415311
685214
141038
244675
424076
504224
453959
968536
89553
823311
729631
441240
352302
725504
352070
673392
981423
914720
126457
766290
234039
879864
676269
533423
245055
348624
483615
377168
36002
340321
319870
467231
363119
81489
649281
725194
317470
81128
982538
261318
967094
775614
592689
157001
715348
349928
649600
295173
408822
791590
808588
559830
465082
837866
498375
405819
325000
33321
396223
919524
129269
214822
670709
389394
431718
11368
59729
643911
712906
996476
89091
769100
486571
316723
688789
876940
154739
884411
575714
903122
530120
483663
481509
932014
370206
448299
618098
271641
866238
728991
190467
901775
96487
723724
89769
59812
151466
516700
200849
171472
212086
932732
10335
574044
553437
698143
580100
645854
152555
865289
654011
131580
365310
914407
687575
889841
174495
785472
191673
694474
575544
762706
961752
94932
705904
314867
55471
278276
768620
985194
47303
310133
193732
829235
207963
554205
199427
755500
954156
116549
548189
265285
198059
38582
721498
910871
185029
371340
136950
171245
764855
66146
416533
574023
967764
571147
78038
495219
649156
287607
381495
259483
260836
627592
997831
788057
572045
795176
903823
81806
317302
16050
142937
148415
434899
127762
36004
417228
182996
991973
73603
472140
923477
648783
121111
952913
999232
847497
429644
508692
311691
227740
197540
616100
47304
120603
934902
60746
16583
795351
553581
311977
539441
613368
137304
685123
551419
387925
250038
616536
822011
102253
281690
110708
207529
142710
402249
922305
112969
816600
777010
250586
842882
72342
678037
356316
144737
165559
429532
311697
113875
82148
591416
15350
683379
578062
435043
706578
16902
865408
748836
739974
51802
564698
415168
512464
148175
522323
54224
924629
576233
83528
900656
4578
638235
537557
870470
196310
648948
240207
822736
265850
508011
116647
386238
90242
689182
384619
937686
875972
329270
561301
965335
719365
562912
73461
247017
915807
990634
149768
779964
785569
509398
344738
389742
180685
134624
802210
877500
727133
60840
768449
541360
679653
293826
291410
217536
339267
153555
839743
962617
588552
484584
536396
529314
369947
247214
112410
725763
890828
654535
976127
668055
810242
20802
261629
146282
503051
422074
153725
644590
261281
275164
856922
892677
215456
382451
932511
751655
717152
986138
677290
762705
640451
242327
626516
993250
868384
45319
929466
383278
612374
335344
669367
418540
588553
190545
800360
713637
926632
996485
298696
907535
318778
140365
478261
879952
296705
217444
935622
101121
439715
214436
153587
472043
431296
650543
446287
195646
37579
971018
123724
584068
616096
611760
566238
15789
728710
541468
362348
177614
625844
996074
595113
422006
723391
65600
250756
81699
122894
719219
94858
585973
126187
891129
651281
709049
601628
366757
942523
421310
169919
43542
985770
244303
397131
973423
14343
271001
175620
528565
370421
874698
668057
275789
371534
499108
191596
333020
299644
997183
695720
304165
35518
319668
984853
962955
181602
353026
17074
13937
74891
479642
492719
515660
469101
372529
746678
72641
63635
367389
970665
162110
540609
216350
844332
451863
584027
269510
530333
277590
836252
614532
344570
394133
290462
367042
694113
251496
328726
48913
780519
239422
153256
326163
843385
307721
83122
18884
316257
274190
34884
928340
698001
865080
446785
92836
765188
72076
642259
841885
194249
572857
480371
73333
470306
636218
427223
450026
131803
572152
57016
149228
520491
186870
367328
974181
672112
393412
332672
233537
772897
614822
356776
409491
315256
629182
438473
843247
317914
421093
813519
662062
50542
487418
280675
227555
272518
357084
601452
165975
977551
72593
352505
205338
73530
6812
765392
168387
517303
792528
874843
156891
565680
380515
483188
728824
29026
124339
799469
694079
310187
546527
445297
71047
282892
245629
373138
401878
309934
21387
963949
772986
924745
951440
835272
37275
324773
35732
224946
471821
991099
987358
400607
528483
35763
411861
377883
978820
732960
419620
502197
794721
135521
351016
71616
113420
97612
996864
615780
732890
644060
268565
332674
678386
407702
861037
659269
741890
128422
196700
976813
721564
923046
326339
712172
649764
685958
976068
733629
599043
206622
709109
264867
413557
489917
728974
616196
65156
890994
525185
793086
769153
467338
640739
147514
947618
931649
284931
571262
480595
721998
91083
287962
344810
933007
550231
26838
282899
711690
121211
899383
606341
949882
140757
607016
324335
620841
800464
832654
120825
811633
984958
687589
60634
32328
155988
606338
690187
985397
481283
716000
80072
438697
174703
80815
169690
30856
92724
369369
175185
649666
37059
173398
820590
268367
555347
615043
491860
688060
151175
600225
781916
557598
775765
51511
258894
131453
83559
718474
25804
389446
516843
819607
43112
335552
881123
78446
870147
289090
776102
2320
424074
911875
673278
608041
221416
165779
591798
213567
235832
255384
848980
829895
314459
324791
686954
13475
19588
397710
803142
555604
527421
441885
90832
128269
679084
1943
497350
209553
818133
436018
630865
533216
160877
978310
488847
107242
542262
476134
601729
718508
615670
761996
966133
231025
27727
102000
393946
690981
662786
256753
953383
339166
431791
415162
277283
464012
883369
290051
331954
303301
641384
200343
329654
727279
871446
698952
309936
16968
489360
904643
471400
614121
197787
779375
244135
77960
136713
22102
569669
803044
362587
415106
619676
590724
354222
529215
624142
159118
107744
522439
777817
511999
120221
732133
675460
728856
770050
9851
626004
449038
714487
913213
887767
915282
714392
198230
382408
844827
314891
178408
935478
243853
842184
746786
882592
812659
141496
83894
278155
610780
445840
850598
793425
968038
8993
195627
765965
267319
104355
945820
660202
846377
566214
347966
156686
308747
729007
851617
947856
190353
828712
15754
719440
369549
297262
676450
548490
155434
778452
220670
650512
746416
368199
961413
605832
437530
559765
867131
795590
185477
920085
551864
641836
106360
673929
958373
944556
9386
936486
928731
240476
447815
236080
26472
467092
906783
761886
303907
312505
702892
28857
919338
465323
135216
454912
313415
885039
526822
39277
904158
179153
112263
25888
17045
348225
145483
997970
112526
99232
729860
326021
368765
919302
207285
930621
225602
791375
285961
578292
609520
520908
30483
381732
893452
408735
33943
328129
103345
42797
790504
456729
477280
220683
857420
240726
505993
201946
216817
880590
294288
971985
748268
614058
318487
459649
804561
901814
465410
674002
840845
994377
664645
842880
793449
602784
220583
92693
894143
162305
240804
291128
401792
389061
719540
720951
276745
360546
847562
8483
648787
471868
754720
189604
905841
544091
602555
726121
887445
25621
131431
203686
702065
361502
221329
367593
894345
955703
514606
426969
910199
403661
438971
894942
88647
263337
576802
283172
465563
173346
198886
239140
95659
379659
409088
974943
306419
784275
501683
818021
847246
438377
788258
208257
514237
645661
528668
383525
247589
166485
517864
642780
727384
416153
870176
729549
645212
493615
591784
727452
772164
424425
754085
83772
572156
373767
357004
372771
29248
590926
72088
910842
715789
113180
565594
298846
204858
797112
135796
444928
815095
399191
635008
337113
53971
466027
716335
895721
665863
888433
233332
739197
594806
829296
996496
788817
378608
101731
802812
373791
757345
196957
814422
582544
22004
307562
846697
65429
14402
663395
63252
895918
299186
614377
534900
721349
15390
903788
233451
112640
536990
498501
969543
605512
775938
164656
16760
245579
184244
802922
529223
296618
933631
634493
347722
774939
143629
156783
224744
49718
34163
654476
972837
667037
753849
133490
532943
694074
354566
945727
440373
808179
805360
472260
981596
288252
466038
344624
999910
277282
73777
980735
755279
812239
835910
350736
970281
198979
699295
755982
968954
334017
862923
515954
480167
74344
507855
216967
283115
605171
641537
10929
106020
436736
707450
160621
669101
873801
933286
493071
124086
742324
20434
47816
531739
192959
701121
670809
119314
149274
525804
841395
918098
965646
193908
942901
450989
117538
73149
901546
119070
650423
600888
793890
868007
811127
619104
245997
469812
724613
77304
467764
829792
278282
965893
600110
818308
66873
908581
830254
773197
824888
867069
95706
534236
289276
854328
306889
136600
79794
735422
126030
102619
685930
683614
427694
440369
789732
649133
307141
205281
818374
742779
801980
747436
170503
826124
629848
314867
522369
931877
807236
855069
997701
786666
547791
986073
496273
44337
828611
781424
132142
480187
2319
200200
424224
77564
664091
763830
402728
325058
399109
522795
524327
524294
847260
617558
924406
351
874750
657931
559984
253891
126418
778179
203229
701081
607479
599936
814880
964276
187378
539593
169244
369956
975276
881900
121553
439173
647678
982685
311153
683561
746237
361379
930760
330345
735359
65071
556498
444585
857891
575190
806560
729194
865155
44732
798442
463272
559571
916698
578004
903539
300987
42100
604868
668626
49819
945096
169066
907100
17653
90284
649830
573424
998309
274404
998808
977574
671973
776867
640369
397919
323642
758302
367414
841050
297702
681611
360454
690264
337422
356635
888673
892672
570947
303641
136067
648875
161989
858104
643842
536716
807008
280009
737115
54157
699151
766538
956808
158791
530978
182169
838713
14078
966019
719973
942811
547919
913330
220943
534404
794320
817913
999781
169492
80782
695418
349321
13506
679771
603902
496056
973287
169674
185608
340702
633131
150834
222790
181878
552772
546340
117399
354900
873683
858253
855304
279571
576258
550098
395155
507316
531946
241385
548095
246590
248954
953422
70975
756621
175226
218653
340504
399161
125254
207372
547916
16564
41816
745582
711480
412626
640693
245627
304422
706032
851648
715744
733232
1512
628032
76589
611744
819323
630345
491058
708268
787683
397344
351837
438919
636873
620738
826954
153380
960923
404229
756107
770743
9950
931892
43166
346655
966037
332610
710376
697197
267721
500638
962397
949340
118631
461679
346366
213639
312419
573686
103313
475951
649036
911227
908950
509552
781090
58357
640475
717171
408227
88663
239301
286500
316842
892016
226557
558926
454798
667048
901763
970079
192535
678596
158876
608433
934460
512005
406475
159791
475113
297750
774098
396390
600139
751543
874610
116990
811884
472348
301649
178215
725126
963320
992107
438732
398198
896246
457440
234248
92099
884992
817385
394541
374885
754563
405571
39498
491735
554521
159690
828609
573149
998065
382099
699405
132201
28897
594916
872912
546242
838681
188046
749865
627637
904346
448528
730438
439602
150850
114132
596931
149710
915267
634608
771286
758803
740884
426702
5104
743311
459192
208448
741953
40747
930490
655333
329908
886266
456367
497648
298578
539080
152700
402395
173127
470788
426426
907961
629987
550528
970057
241428
696521
451841
407366
734404
45262
555300
531425
712446
127206
429053
205550
646954
673780
112765
951156
172766
115026
859025
878008
47991
715846
162451
872202
661387
363163
217627
779912
734723
273865
508356
81924
76175
768182
299670
125678
498566
234044
330685
400152
743712
81652
661325
241625
151565
319792
291324
388752
125489
524192
630951
863033
200310
592921
539245
435006
305953
785071
585405
449135
684383
221455
90064
221890
556701
664925
418814
998437
896938
926948
638249
868112
318370
661931
713698
244659
931691
375577
206638
814385
187786
713870
922076
1910
933508
321787
960817
518137
956226
747181
105756
264867
651510
267518
672323
325523
817096
743892
742461
734607
47707
653369
866766
674754
859687
522968
896720
592220
110119
204988
762273
835378
445135
38668
408280
560542
428909
950754
754182
634334
250086
130311
958044
163797
362259
187580
417010
146502
225925
832276
2652
662779
788235
220363
998376
340840
619429
253040
924422
787342
270142
295049
633720
523535
592044
515576
650595
601391
455788
391164
459134
485977
692494
250394
162990
304037
180671
483879
803959
191306
661183
960137
981397
237897
429285
803018
772532
964979
712053
170431
149443
693953
412614
620407
507315
521368
843625
797555
985185
912340
187892
131095
169052
469604
761834
222584
344591
915578
112339
584758
651099
826889
66032
462092
263882
439904
156697
799180
907483
881214
361748
566459
277819
126764
648777
156749
310956
224609
761845
292932
775622
950010
195530
467336
214431
470349
444997
470259
445977
669340
25785
265404
974461
846680
405971
331628
463109
525332
503477
902091
407600
200421
99905
220653
790968
568024
46020
320190
44196
519526
907854
338816
599091
370768
562124
242903
107097
500387
530377
581147
502278
764211
988442
895440
727031
85145
992781
48231
223293
989266
231689
213815
306855
815066
47650
658839
913841
68356
885629
286002
287421
828784
206194
865575
475815
203752
580408
839284
398507
577238
384169
804305
994157
948932
476104
634275
939018
830285
570471
364458
882029
468997
307241
612013
855120
838004
791159
583151
640468
564077
98470
197116
504895
595921
954799
314046
68172
369082
266486
369976
787478
322799
327241
741466
7043
746581
898149
837002
234263
450349
763777
117611
241047
555634
879405
555134
299285
329195
147125
638733
541565
731810
484891
981221
804923
246015
544505
436674
944972
103697
825916
976285
480326
589346
820045
649194
498152
473403
662287
534696
423130
734403
788780
50221
241982
923428
835799
920191
623504
128347
979838
591236
272047
641707
364363
621293
763272
442147
315859
894600
75167
637016
984644
968722
536471
518064
87157
456329
457183
90744
121491
497981
969067
218830
582147
942361
199274
732359
11959
161673
424101
387896
871826
949674
202060
749938
750407
427530
145337
410708
164448
53937
702896
247501
178277
233127
218765
249088
880235
940508
827017
953046
932788
161427
62147
987240
563807
215196
259257
570892
169406
113192
512467
25914
656105
785315
662010
458049
862046
929584
473114
595601
88344
345921
640058
366027
449474
245046
307728
507446
359547
484731
199658
527487
313374
316080
229198
617720
639260
950912
391060
622970
701162
319225
444169
659544
661877
47040
566776
560062
77547
322938
524835
299850
881109
713824
342837
522520
67726
893798
178714
477804
596122
641138
493211
216053
413251
10650
407150
77545
86814
279885
38232
927981
6318
372024
497441
791249
613593
645143
964501
304677
187404
416171
240077
687435
414261
441018
777631
67044
268321
691122
721222
215520
779402
553903
810990
733413
59137
445873
32908
191516
788966
415579
898163
821362
921389
826543
494901
510600
269112
773486
752928
248983
487117
626399
367262
33367
801710
540002
659078
876781
770867
644540
47064
247296
238199
288519
382366
65324
223863
477485
364743
950263
307395
84548
18458
64673
910934
108440
258610
329223
259462
520756
681841
226476
302141
306006
542046
428795
859560
359879
521053
640793
624426
374548
795262
738163
516062
964150
777282
845104
439972
841296
216637
590789
436909
190894
875030
776050
392580
489618
47860
691935
325371
895159
785075
798407
561425
748677
762762
721027
562990
696951
601747
675038
720046
130631
338134
491214
65678
234655
286274
725192
245653
229086
615375
752565
491939
603689
255143
69839
651583
406206
450833
828561
798462
473042
78631
325895
787486
495886
310877
436353
856202
272240
440766
429866
889434
781704
804430
850882
53389
20104
132759
151873
820707
246152
962054
621821
131621
563569
143385
411743
659749
769147
359762
675363
541468
599219
851041
54066
237042
327958
100770
113219
131128
540894
410146
103930
664608
473922
889037
807333
386293
255549
762622
873995
398723
907896
268848
705891
990260
556590
698187
226763
349440
940597
737920
404638
621665
893800
250080
735442
270176
436199
254582
332958
932191
805968
693519
351298
990582
388417
626217
299681
207379
378374
60030
699962
300499
953182
173281
860127
489596
505334
163281
50692
725356
378065
107610
854336
267014
178476
874321
124686
454812
479211
19102
157829
621880
762680
749651
357252
934469
574806
983342
186917
984060
470429
694494
400206
232695
619776
996523
453881
772068
890835
87956
964558
187690
445902
798333
706718
156708
432264
204893
942463
510951
950478
753364
561879
647429
958427
680798
692787
454089
902749
221215
97293
348580
54250
852721
884932
474312
299201
504493
643832
973316
887452
435915
549846
205280
447869
460435
241972
693810
208507
102630
64159
469457
979950
538077
66491
959297
672885
745239
669019
139424
461196
591884
684458
376863
860720
186477
782699
303841
594411
217250
225198
864237
979866
434865
985877
406805
53347
636260
630133
910758
776839
38891
428039
534886
212991
854076
384602
638062
521312
446897
376917
103772
285092
240933
146359
809628
337529
819762
274286
755001
529563
826896
115868
823144
798583
836609
483724
95984
505982
870344
981652
65760
284581
713142
428447
675383
629824
20251
125089
27822
790413
578211
234883
553745
47771
690737
559870
2669
995575
391506
423490
400155
176151
579736
426038
625536
459852
449302
677938
382891
973748
400242
201676
93219
87249
968830
146094
46971
863874
328298
167184
111451
745684
361446
634386
362151
859128
233484
968584
548844
148142
522603
511089
638547
774355
872488
872438
816575
545951
189483
173942
534019
304922
395843
778909
820872
108502
257906
299451
656696
642309
268377
275700
557706
327450
750146
218869
527607
432886
27207
55230
620290
590737
538107
788401
466614
62336
605382
774270
807330
769264
27695
89466
501055
840631
770976
885737
778751
163319
800460
518626
625035
604997
203999
981455
976733
845792
332866
591573
496359
308784
335521
175836
231116
252620
101759
673960
260159
340002
748211
412909
66537
585040
259119
349958
750291
603911
470845
269285
804187
835043
981233
951932
832142
282814
311334
541242
142783
130847
32873
368581
124034
60390
573320
392071
806080
804051
118839
409848
492133
715424
125185
662388
92941
39878
351733
465620
984342
220985
191599
806862
779560
688427
530254
106629
995283
257766
771823
813642
259805
793609
284279
707290
421873
568
248487
596848
585631
290255
704383
847449
601718
349309
420621
951100
662335
338942
694387
318714
894933
54704
367787
578974
606936
492928
165028
13535
504108
567313
661594
622822
526376
339291
250660
675259
788655
98590
3802
274988
281592
119426
626714
79260
135509
716136
168413
866976
217180
240670
47274
520257
509615
692472
6234
190164
192846
778387
763854
89278
375426
760399
956047
929289
365874
467503
821887
882379
344856
682778
285003
962168
748639
628384
820163
484999
94734
175262
647617
795617
282650
164590
190958
852580
386152
389469
452832
836008
340802
188255
351521
574112
556588
438492
381675
720136
548858
433614
214871
802784
835162
57908
111401
322464
254320
563270
672261
309554
660980
459385
480951
70044
47531
337794
816862
466852
733153
232720
456549
559873
539779
582756
433243
88803
935269
565907
29741
968246
490162
759979
622246
756592
717926
797117
760219
54543
343184
700237
778580
747095
97022
323158
601869
909142
646937
235926
301218
758535
94165
883064
954670
594040
590493
397074
645492
851459
628534
991582
532315
856127
453682
241820
665566
986237
359284
204516
439696
709421
720536
922937
176978
391020
543267
733605
972163
392246
621874
91095
872736
49469
389629
498663
211907
300089
936006
630895
163983
88622
20014
705679
795274
713774
636302
562591
429100
829269
591024
25111
202268
612795
683433
463505
601740
193439
662963
833108
581301
775078
260389
882157
575322
185915
67220
921853
773330
405705
336831
77846
22629
802592
248835
947404
796621
232741
968120
306105
409338
490224
666099
91640
706979
917481
636736
257162
214144
528888
762200
93876
392898
734250
234363
48343
376523
472230
821611
707441
961322
713298
519253
455423
804198
425211
970380
351666
283877
248887
54448
969381
6115
204094
786946
771698
625172
705968
347366
977787
632679
961930
966619
836136
277218
394955
319257
863356
342341
271658
722079
212332
334208
365318
56891
291519
252661
576986
295908
939005
293106
279264
940032
662801
343756
475588
96284
697389
57925
379808
194808
959227
830923
950636
767205
934500
349186
730357
460791
565167
775531
923343
956840
958109
600684
940466
623418
210621
171822
108011
360270
285396
773987
658434
751119
935566
738074
55977
978611
851495
611520
123652
81449
553793
258243
902036
738463
398653
439555
833239
21166
689822
819399
947904
56840
423681
728850
882671
49893
703365
634029
835078
589653
738731
921751
245129
644680
18964
437875
830909
966158
185770
74478
494713
880618
503503
938966
724919
324965
509107
326115
726141
834245
248222
868349
311766
187096
524095
164813
47886
605870
499940
40444
820096
787375
63935
112243
652209
409877
560137
90308
22663
6586
839443
403335
903519
182222
276290
683924
265873
367531
482329
315489
710551
203867
289434
403380
278670
644048
191191
876277
894854
188341
810185
644859
517200
925560
78973
348106
623213
324442
499487
324117
535226
414870
201785
542391
11579
748388
729785
666599
685169
747744
943668
715457
746444
941385
260904
958327
485828
200894
861432
32667
728608
978182
753653
632731
748066
661720
820908
755609
673248
867479
857817
943234
331809
463876
492406
269619
467646
683684
9733
896019
209580
584858
21931
485640
281
387371
541076
637561
1191
143386
648643
377271
975759
895194
744478
551669
313830
635326
753605
603698
781417
435929
850511
883123
813396
321816
634298
401870
774460
606161
468152
849093
236770
660158
439478
419938
446821
568194
727443
28650
388556
895409
53929
868573
263126
534470
772463
458559
672754
42563
236558
988545
755059
319546
800266
350612
938990
427742
132974
226186
738263
993195
341251
997618
68766
282279
235563
491858
612921
858967
14002
614839
464979
403228
604631
89470
232591
572705
998111
75586
874257
92876
899050
953374
715408
66773
779106
552174
186273
462719
408631
705862
940483
765792
79479
903339
793356
963374
557190
372346
28080
832646
640011
981337
405091
775283
424372
615155
991328
111968
466081
275126
892682
834310
640105
580239
848440
751117
361809
283676
982237
55592
911446
511413
401795
743248
484910
851327
933748
575857
888258
226727
619924
855772
366640
587558
517868
19592
819261
76398
540522
492075
934060
45953
523729
840485
449587
481308
663452
529759
405729
319544
616327
292810
206924
519527
423335
253901
737927
935899
615290
186259
242249
203585
899893
103190
743986
237383
855070
26043
96278
33206
372813
554159
222300
852013
847145
440930
494074
679668
878244
788668
958437
634818
831146
264014
641234
446194
279109
266686
144774
192622
488591
534619
611212
464124
260394
148725
529021
349759
245056
671753
228661
580216
128491
448989
941160
475051
523561
720487
816011
441855
573466
383973
638780
350261
177991
334754
427216
748771
5200
210707
759389
997891
957584
441208
236451
387504
575117
843558
870341
88968
960583
28784
717922
152386
868930
286326
361360
542250
109143
700551
490143
523519
577610
894685
812980
504072
529471
403927
37032
815220
307708
173353
715140
71608
701671
851649
67297
362112
288337
681147
724343
630935
490648
524324
998777
954482
778128
966955
724544
595777
256849
807005
439395
778632
464161
933818
392759
621880
273467
744466
178221
204755
323222
623245
277456
411418
562334
807727
360687
609517
883383
136121
398567
337546
960954
896653
205986
350397
575349
106941
282955
658807
1320
43822
710438
722055
511673
196846
49073
65772
547868
405919
786589
16263
356657
969716
9601
895688
548616
54317
263628
177833
172007
90277
819898
94312
764826
882500
495839
141402
999693
136456
924685
926153
51462
788249
887699
643240
759136
146447
45755
591866
611546
531244
457076
288876
412556
176638
196807
286781
289579
779653
802247
331507
476170
65488
622806
908921
110693
143214
727692
365088
909478
922034
500151
583845
205398
616797
29825
901710
22071
656656
298958
796101
8682
289455
875637
586835
376163
696133
615315
198884
489972
639981
163699
534560
619506
469829
833199
522008
496584
789763
159082
382016
528347
233325
561485
656275
572599
844463
760257
991092
239393
306744
750173
355120
396000
700581
810846
165749
389036
299022
447923
660294
174907
934953
770211
871998
65983
121008
92314
393918
255043
922696
810103
258813
951517
314021
885349
600103
914792
906384
962463
557153
750323
314332
596040
722997
313941
352816
565824
641303
266033
588370
105877
151249
652733
172447
899683
268954
408704
322511
31255
396977
925690
263099
495362
487228
504783
388161
576920
890890
725505
860914
59439
980168
406205
44862
106606
629987
71108
203224
473440
119495
449299
927894
59398
721505
13780
678880
828435
919646
871308
521471
343755
802637
505596
107534
75366
254908
494207
807359
778611
833037
341238
335847
177387
132337
115842
148848
649331
989078
821579
523285
504010
386047
983465
180221
630067
762994
826834
571979
838048
856603
991998
980661
859506
182024
262306
752718
259176
72597
526457
536752
937209
850422
275382
414249
315905
810861
554424
992698
134817
756273
431900
981040
487114
930204
84023
301031
240717
863095
501985
703486
411960
939535
702746
677823
300363
431652
292615
62770
848113
486801
735769
726873
555351
675010
577609
68676
677571
325737
968664
258266
890843
309951
273065
14708
811835
469385
592115
368516
744819
522248
353296
804687
616718
770338
3345
44510
387689
762025
853091
161051
551710
866355
854766
576645
813941
718366
769240
982652
540799
589748
386476
156984
59755
89530
442281
246190
863917
312882
138452
406195
749903
666067
283861
937252
345827
540082
314692
228994
948242
700717
634409
666476
631706
633783
512747
936463
438011
554410
784500
262017
899377
148178
548221
481830
542637
777748
166065
628839
17375
957124
930338
469808
37304
492872
66610
408532
773033
591333
613451
286860
477791
765020
419790
524923
420085
692129
181831
266802
398654
725419
580720
46635
760788
44391
834116
671332
926449
521690
884487
604800
287561
25203
904983
238470
680139
5895
726376
481503
334065
585006
220462
716155
157045
837832
440150
438835
852280
643977
619533
713014
476718
985287
981583
206602
162043
961168
959872
442659
160960
687052
156866
896636
488770
531407
613434
133020
916405
523676
131984
997403
723561
828578
585126
347654
863056
398769
506194
9670
307140
824607
887494
731748
556105
84951
727952
752057
917738
577070
737724
267813
303460
789932
972018
704308
408320
871959
396517
430894
446869
301042
346873
638790
301094
323881
285155
688379
610289
63574
640707
607938
570879
212758
454451
786495
248279
236272
276203
518896
948898
253353
697762
254279
583983
146482
95319
257691
386664
188436
777842
714993
888044
540701
743276
704323
782360
195012
432192
379415
912293
697100
514558
24210
972386
825522
826111
638204
787281
601714
74922
707235
865525
562339
384115
268928
798245
98149
84938
610813
887655
773517
520864
773406
72576
84231
861455
421278
869090
750773
45284
712396
566984
157221
511540
348479
876800
300678
342205
983901
490551
203429
230483
536455
230595
727954
781369
545944
994115
594494
55192
426937
380265
572584
959932
339210
25409
802483
489755
807737
327851
672748
565407
125633
33518
298510
788398
572147
229705
188705
133755
704846
197956
818241
644666
380448
573144
714614
821713
142808
156561
358609
952618
712645
168601
602702
469149
319607
716717
884005
761240
694645
693146
982218
46106
142762
936823
192633
71951
57411
334643
129178
271431
845302
574511
685289
759356
941146
978832
766378
21186
335563
190326
671205
518308
120937
861579
372495
956398
613951
385243
413333
200305
290209
763758
730419
637541
911837
586201
301326
685144
866738
157682
632905
924748
71106
947974
170265
559630
439430
295055
393633
294513
744613
743081
346039
125245
246132
626642
354740
214808
167404
767544
435826
822989
148771
595523
816065
832874
581974
37985
870205
442903
917610
667830
400085
161493
841914
812348
618151
220782
271935
735636
578658
303165
898434
885307
680783
872763
717564
94262
142490
544207
175869
543016
535576
689175
833971
856019
407574
552742
771284
860842
132489
902321
28374
13290
990747
920116
848144
955718
392256
426587
885251
816995
738254
700524
483537
89045
787468
232659
412297
595474
323252
557695
593407
678204
976862
43542
284241
167286
794563
607147
39871
158664
915977
417789
491117
607172
699804
704186
809931
731803
738799
941349
370816
583020
57769
902230
927008
775223
948839
521176
960169
502980
775796
560625
721423
765502
92787
248829
741275
90686
242725
729813
519540
744942
923577
693438
599150
201948
996848
557774
736861
168747
866813
615137
827614
309541
541991
804660
713667
731940
676266
840066
363032
17664
921307
977507
882947
931403
522159
181883
53408
47057
833551
130147
364899
897676
223377
301585
359904
19295
268304
468116
607758
116055
416569
212305
998048
755913
578041
233774
232402
796437
905472
700044
640643
439747
372241
174262
694042
226571
890415
691463
672778
624834
562300
912340
29760
938117
407525
868918
864816
482362
101826
182641
273244
946833
674581
91711
567859
945684
111577
768833
583837
501173
119300
888113
698086
906606
30403
587480
363884
438778
308387
946979
309754
398994
668883
900739
271943
326892
352321
298722
607656
634858
788653
106177
831907
487233
830711
63825
337539
162466
651583
33350
419631
276219
397939
275410
82927
752711
788284
122719
190534
953195
151077
998090
604834
606465
934435
391685
294679
904103
550929
369800
600709
393542
215108
965899
747699
880768
423198
521369
405217
298832
820137
880828
23524
110175
128005
505346
867891
641477
724428
865099
65464
410630
512017
633559
842830
982430
574627
167708
196196
771241
464617
721801
254901
379261
583285
619704
601809
867333
492436
470288
244801
321415
560354
127658
885239
898405
720876
93275
429447
992544
245088
853569
941396
619256
390684
85460
710965
749209
173624
975993
68995
212964
392131
363079
692074
323838
40037
436704
2853
439163
244443
401923
202924
242893
297648
597140
575069
495344
249783
575864
838733
418492
969424
410349
328654
833131
518746
684325
997251
346652
855396
735062
289445
106805
298665
309296
174437
338040
647255
279309
888502
976242
446864
618188
366040
417908
617957
582085
781614
193704
11771
462204
856863
764203
39782
157075
974968
908716
976884
154730
932680
587765
983144
824779
947313
878278
281681
203024
676095
578749
584941
355017
995894
489682
117026
540154
912221
8353
84618
4686
65274
150906
428979
320129
890121
209081
432637
481333
953408
111923
752724
153359
632582
116352
322037
666700
645451
248801
211156
580063
175685
38041
411480
181141
92736
339721
672581
321317
132857
661163
242705
534338
552148
40194
429152
103245
210508
741015
605982
777739
159511
883929
607962
540748
260143
63481
410223
519822
201934
565879
4975
808200
180117
696254
19947
717363
592831
841988
179430
172488
39182
582418
829396
720182
374549
511360
903672
833075
399280
500438
118662
823037
855984
283990
599894
24758
909903
385046
453377
816026
241457
901650
947668
694167
135346
86083
287651
279192
328258
454777
398475
857002
795707
466186
66632
552348
161244
160553
558231
320897
397358
328826
161638
805728
452702
439889
644816
430152
266937
841711
820274
760065
617370
344700
628631
327830
602240
717545
558206
96955
338455
881253
744243
57312
352812
228749
399637
206748
530043
245898
949989
344224
284002
437733
577439
322711
652479
349148
652618
603606
606618
849633
124209
86409
183813
833866
462302
134817
213197
678675
918852
716572
839831
578702
853478
806738
40383
682424
632224
448300
679718
168889
63821
613972
390712
629081
555071
546244
735028
378231
407738
30926
587117
462303
391076
644605
370510
995145
368504
291845
753815
851096
841461
407648
489406
286354
611816
935888
308628
721252
624399
867107
769789
21506
676125
539609
803823
313194
625848
316248
950608
576103
65022
655852
383221
33206
15935
880975
936940
870685
927867
798996
524435
450432
589303
731966
906169
226449
999127
169458
503592
849258
159815
968849
160449
932841
930960
254355
298742
689314
361135
139475
211844
85344
704593
375246
633729
169463
442011
58222
263699
165656
477688
12050
30331
899625
749950
174976
4339
125301
780251
619095
62832
192464
272182
271337
653730
494898
290284
60497
688146
362455
38417
55504
732903
993168
199817
852407
993227
578956
584989
64683
228464
588440
880076
106128
745703
725628
157476
719145
617164
621960
265461
181752
663980
494167
453930
717333
857378
474359
517519
140016
580800
264806
564153
760565
600575
797082
977273
270580
956647
579482
881469
201572
681240
157274
955642
979538
135682
211198
889042
182161
617400
277454
781397
687817
22822
441351
689948
559301
708404
858797
749118
733411
689000
994351
163576
339663
236468
642915
62986
225919
702804
243304
284194
101658
961793
228715
259983
847275
99975
939953
821099
903833
735027
559407
282474
534386
244641
262310
202600
860535
3913
180384
716719
43093
347589
750301
598480
74757
685473
324531
215413
592606
836244
837589
520735
531351
59984
508876
595220
520546
626904
518007
690777
483966
223932
630434
497230
301271
355588
273634
592643
645108
326721
498259
648744
928930
971896
673990
736820
47657
850897
533841
354275
616731
755012
218203
111134
375924
12346
272003
175872
407929
202083
708903
38739
473026
993063
405843
997286
500109
669251
899643
569881
526847
541549
105604
953028
908430
465211
900229
791924
773312
654093
144725
459191
389783
571626
352028
696878
934461
815777
700823
411060
96695
433108
88163
401144
559654
705245
287541
742428
244775
687979
657197
644422
601850
406351
730863
92526
594137
428258
95858
391704
211966
806820
939974
613733
188809
588438
342458
840217
729337
782369
963595
132970
142637
942108
107252
229484
410112
575212
329673
837288
49769
27870
173177
862284
192294
645778
93676
870339
123390
103940
462516
300692
437895
619335
694278
934059
809868
595692
550263
691002
479132
780385
63149
508442
914549
146442
478610
949495
239168
38042
767332
119831
190484
114820
9162
576942
424183
495237
476999
177867
183823
551131
146136
187641
146952
27394
312026
662542
123999
691448
875089
3109
61439
151050
362007
98051
525268
639389
564570
24682
726932
552226
54814
43907
315875
149403
901970
545445
701687
548078
721965
565025
897887
926222
323113
162386
196745
828357
989305
719672
741069
884453
897463
289339
868590
231052
998427
94910
269324
73822
863121
255161
791709
488065
941073
299058
100486
619152
156412
474743
351814
91168
568956
302070
957627
843767
998009
143899
554796
883331
17320
65288
996126
582278
936793
151333
568969
77642
3609
45828
297750
67871
106708
313180
213800
258888
266188
5400
869751
752163
465457
469844
912674
754515
849683
283983
11111
58281
857359
893778
190708
346975
860316
88057
263201
221564
789096
343673
406531
839523
165199
681450
991474
209802
879125
28756
747178
50215
752471
198935
735727
964329
736401
902903
416864
377786
623534
178575
703263
428967
453558
291172
365276
309608
648665
652318
592553
140506
155645
951181
748436
117598
817644
439463
20887
364222
258666
190491
455330
281079
468110
276665
552668
7077
714158
287559
677959
997310
615830
662892
721646
994673
393052
975989
880381
159974
120846
483909
406914
898276
669005
191582
432139
37345
106541
600948
523529
577508
729428
847423
832243
372580
670759
620028
715734
320589
570200
351900
766519
376900
467080
580359
986893
829479
919429
499277
957952
999005
111938
751696
243830
992416
393185
939187
162919
600958
43494
68029
68371
38662
599019
887632
457857
55480
969750
325447
64374
676576
551994
897133
214234
554349
499118
838219
8538
342020
350536
667834
993950
685261
813874
965396
488244
936686
949165
7206
330264
617921
916947
85863
447204
554745
956051
211017
916446
48369
765424
796517
486107
28090
968036
245380
305525
11967
710623
501250
446975
466610
557283
484436
483245
764745
169998
7751
679580
769703
773391
293379
466257
136003
195583
168016
800876
7901
867516
545641
287650
976888
389057
259170
934138
345207
261913
700360
585879
598156
325525
604617
485745
592269
892834
831343
504572
756846
928248
327313
225024
595483
931108
164338
422893
584489
332708
633861
866583
587011
825642
88931
980789
660994
722742
545746
270712
295338
849433
584136
803353
353517
106834
658263
31624
734165
387598
234855
69932
338297
853687
643660
560894
480836
664274
89564
619644
770407
29150
82541
200887
50596
75390
98154
205357
889303
507564
917156
27325
426235
808051
23587
891051
203373
598664
164069
589766
315464
737234
893882
69380
857730
838226
327708
113882
425141
860239
831257
475792
771587
64956
129219
871952
360265
717484
646216
795112
223087
506384
424403
713140
392113
404817
99813
514953
802887
306310
591684
174124
942156
540583
712377
339085
870773
644191
645991
725737
435720
743855
747167
641215
59647
178110
608023
666641
306544
126755
966154
148111
773072
272995
98291
198558
841876
741455
252738
24555
40358
120325
586856
340243
296121
921912
6977
382331
438264
140427
445242
415671
124000
515315
213296
93549
691086
879779
337887
610126
191478
339236
820754
318161
580527
188440
725355
555520
938014
879636
985442
452219
44724
222035
810399
559855
672631
992355
120168
960972
4302
892570
47010
848757
363432
815461
344887
459243
734515
789853
810141
383535
726222
59897
189870
533884
717052
470408
938639
203411
685516
599917
63296
103025
326649
276428
223450
410446
74108
317163
15821
827453
831555
782270
511904
806737
514640
873314
993659
690277
918180
438927
922222
399388
665552
738308
721970
985174
896969
404359
304831
767566
458325
577468
727290
374004
384980
18337
504975
325131
605967
512916
527038
451307
663196
169271
542230
46885
478910
424793
807303
609344
854798
391913
969803
232691
2210
235216
72830
984934
183926
882720
295437
229149
711329
208095
761357
634473
794707
793266
280457
188459
202825
574317
88051
332826
865843
46534
187671
671809
809185
408269
246424
466191
605115
968276
193942
443943
635645
755436
534934
379018
957773
695723
631880
800242
570659
384245
586049
233898
73977
479586
737118
592188
906088
445769
115459
677170
10056
915406
691918
263386
577725
256801
244883
372848
845419
410471
720569
58058
737782
275864
636796
899436
79137
660424
615928
480811
291444
244906
502049
300171
728465
90656
752862
700617
828433
242269
40131
908701
683179
128285
536057
914626
876098
383719
430127
120216
10951
45403
911849
707333
441244
442241
363673
746905
13451
567592
190222
151721
832990
36588
516384
181553
553545
749261
275804
869568
563340
46145
60897
759506
919249
716364
55770
82070
542284
805944
660505
242002
831112
752442
845579
750411
761337
18655
414140
124120
598056
60334
386617
987714
838247
991989
297220
971922
384225
794909
825473
938545
532217
606170
980768
487960
740130
652333
608826
387520
7955
808040
176935
424002
827063
917521
528040
268937
969206
455247
424668
802583
50049
179660
434418
949751
27265
88394
880393
62391
188736
322177
706941
214865
915843
652739
975305
854269
408633
187287
859479
648916
797466
501807
578479
731522
239108
700269
206961
574696
983184
921616
200888
352655
958139
706029
7987
816972
34889
96783
975319
31770
347428
535023
278756
894202
258250
572046
351723
722073
111312
95996
447883
562608
561514
42243
63075
51044
952571
812547
438699
176478
283126
23370
653754
909209
93097
974844
53681
133724
762973
865711
158115
444122
295062
149317
36681
751466
611423
150205
621978
389005
843835
745844
44691
108088
372383
341575
335948
746385
29985
656237
423537
637483
475138
835945
220235
803436
662732
213033
283051
221166
424947
794674
65916
459172
886939
970948
591492
482423
440729
855825
849459
417976
960109
791708
906355
533392
865960
17767
198595
357792
379301
131149
559448
99353
602796
120070
413163
56116
153832
108606
668394
793540
678414
868778
486546
178909
188440
229834
447683
560454
125452
301660
135073
752034
104872
375169
355003
130867
502108
208708
628597
312990
224820
55116
831349
571229
169053
238525
657925
473617
67675
118538
292484
511174
117091
849594
79514
495117
1823
919874
486715
925566
953180
729611
584956
321372
354008
983547
506680
993367
468400
480103
635412
878920
293914
733555
984639
964301
630948
8371
962159
137708
423643
529530
879411
654360
810975
485795
365553
931794
529330
6261
846296
144060
801798
379081
987879
232185
937413
976711
95125
83703
515217
268335
907128
95430
235442
834603
197112
225310
304689
618711
846015
515276
170706
623769
837255
939710
692250
33175
525581
373298
249616
753403
436756
739449
890992
772941
998625
398119
191713
126362
340023
989404
177231
305565
516588
337929
93379
218780
651666
406538
513776
328804
901305
309783
368875
704488
412296
657314
937189
187830
105310
830451
233163
141805
305205
263387
7748
84753
18988
570540
513068
560371
185393
325765
990850
533929
229416
283171
910912
197284
752228
307099
804747
974935
106952
812624
766305
45685
292814
233491
91565
398564
777390
148241
57879
548610
423941
757888
148917
189578
898162
804856
616303
366932
687007
717252
106173
244793
134782
430303
480839
868322
615021
651966
242748
241566
835856
674261
875419
219156
254500
517992
915963
184289
943133
653265
926569
734714
862395
537619
865001
995579
697666
427349
844065
522179
135662
757664
954420
201656
752750
30215
356431
453578
119695
272755
711565
25553
5006
595815
233313
833864
380594
230490
814361
432075
943906
544915
138888
60910
38170
640291
784549
479378
809701
483267
381068
555048
960186
421097
350741
633452
517382
688055
206795
146154
749632
858379
980761
595676
124233
450210
807265
89317
761535
76454
788747
933412
341228
355756
639333
583396
677079
377594
938881
239738
112690
940486
985214
681210
304996
200564
33024
291606
16327
686381
593641
466464
457654
285007
142425
379813
885107
957640
37727
247327
223577
113926
299913
461860
436353
378423
448568
295249
140256
823400
380495
570613
758520
376503
740736
338734
894934
820990
883634
672309
533569
147785
986353
106631
477458
420053
298955
876891
869705
312667
158344
798133
706710
926949
53128
898262
937601
604386
102400
451425
125308
152930
349574
531327
74440
329457
716292
723437
701650
135548
511663
439563
478155
480838
817346
674918
92266
392217
147720
64834
343911
252735
575925
668697
119446
409694
949153
906928
446200
834091
343111
939855
926193
572422
863891
998598
514856
99715
270256
606646
986658
984616
223901
723584
639592
555600
570880
655280
493337
162608
492092
950938
749588
629911
200306
724290
448517
7626
278581
414226
350593
698435
500899
99728
780016
24210
711300
704138
737588
33976
969610
901749
583095
884560
379907
333856
313996
231629
526873
243710
502540
846835
12825
815901
672539
748056
308800
279240
623898
59329
34872
586572
170403
107609
796685
196262
296341
826293
140698
302176
642197
909281
724966
405344
131576
297763
330179
683606
638489
761992
907016
38575
359522
327514
910518
23491
929961
279030
880420
60993
890537
651658
6798
833374
704334
744786
292352
145584
443278
981220
669158
855238
173497
714546
153250
503427
373022
574728
565733
519297
159148
882306
908769
705073
587540
666001
7704
511225
759946
301103
501092
280538
928571
524438
154056
525092
280817
769135
737426
412308
271219
842069
641982
145595
768869
618106
133717
151127
569397
45178
473794
770527
71015
646033
221098
245356
354831
172257
725350
688996
776910
190523
185597
104899
167841
438470
429306
598710
150959
121194
280701
357157
168552
865635
458425
400908
205574
815170
531480
445902
485383
951724
401528
282722
455292
566819
23541
127349
704900
724807
304926
753508
703556
766859
132936
384975
64570
566813
76220
796504
995365
472431
513360
977429
816379
606215
274586
291160
496983
498869
965972
873573
349481
502833
152641
230418
444767
428665
967188
575316
539238
693771
12678
844122
325371
477630
678814
284963
968510
591920
410019
82173
954084
822074
509460
523443
330620
847857
977067
355194
264701
64047
108958
378424
228101
604387
40889
581079
464199
363082
217313
110877
849868
664402
613756
846901
219904
713950
91258
553331
858290
811976
201448
68571
211382
707533
358333
354338
610154
112636
551914
923347
485729
287388
755285
400758
669287
356142
57397
578107
199053
556001
449530
508464
544243
972755
394241
29331
571869
241272
698515
995929
226912
574700
401693
918265
841633
772132
872719
564993
783460
905583
704490
666377
408641
83297
246530
641473
314310
38939
468367
357492
738968
791230
952813
222947
141514
514946
194756
805888
435225
389022
956064
460889
945647
188155
554056
181075
965409
867318
930474
844764
512212
140806
290842
663842
888235
113933
235578
47618
850176
409902
590000
592285
64820
539636
513144
592084
919594
67262
114761
930965
626948
75740
126364
579621
398970
635106
139700
789087
643908
10944
625968
874879
477943
2218
149219
87797
219966
737634
249873
810412
292538
837965
803085
976419
414128
113461
611296
330820
162168
845534
248571
506203
931072
976020
481584
68658
843776
598888
916569
211978
712360
322505
237452
801941
850894
49448
401974
538047
826573
354709
858455
992819
989309
50422
10140
560412
667378
116830
516039
439246
310220
550065
805189
732829
869514
572668
178025
461989
225385
992716
463930
70852
171197
181096
10659
724565
878087
113323
986950
619174
109111
365676
929917
76290
524734
922648
313634
93353
401250
876694
526925
190002
985387
666547
934618
442948
673263
957138
570568
671295
72219
820056
515919
405833
784483
505245
682319
679149
160296
639066
253327
22914
221602
892441
918227
21713
724022
640996
394727
749897
196473
280561
549309
222865
5911
667766
965762
106343
785986
260101
422077
889975
601751
293773
916737
357901
229436
137478
895220
950425
174343
756569
571335
946664
502533
620059
356062
89334
252236
969215
276446
423620
96748
938773
372556
358797
973447
815178
460394
759770
163055
85208
754174
63602
520105
399078
502893
481853
989120
433799
248738
7154
908453
222724
184116
263250
410002
822007
332329
634025
844708
519335
46744
447193
585446
179363
543942
565594
211369
232481
110580
366391
573408
514457
661865
650482
143929
707011
476608
364811
62160
801801
95631
335067
803693
266296
985249
44145
253217
759345
826020
797247
75151
258055
775335
173623
393959
83307
858838
514148
860098
753233
521944
29897
711083
691902
781096
303704
512798
128136
349441
524605
191581
752254
79026
684265
597660
599641
550774
620312
834986
84637
481303
325015
528004
610703
439077
747917
547188
873029
557555
678674
300000
794233
727452
717027
260262
249512
178285
84609
685423
447746
643281
228731
592852
358121
194474
227547
751730
711603
250600
76584
414456
125507
296055
223987
167654
782303
991608
991254
291747
937020
225989
994564
632554
311145
897179
739545
695440
57312
757012
113628
114059
107576
364233
82123
335245
200521
397908
264649
99241
207056
218847
306122
816875
221521
333297
163
819398
737792
901519
719261
673686
240469
845142
851380
850358
654552
257525
972643
277581
801745
50292
678036
992903
514046
38558
24913
831969
372635
263611
873649
936734
953067
687798
996497
780297
988933
708512
693758
495650
443538
229505
689996
418754
478849
10596
901505
707944
235487
533840
785688
528605
996890
854642
567529
414897
153389
145508
624506
428945
749501
829340
479364
791247
47653
911023
751323
580355
820404
316438
507292
785568
393083
259315
726790
968189
46833
85494
88133
936213
984516
899073
448963
248257
997252
159515
467988
901592
662957
22195
19917
210823
851869
763789
335751
619563
548075
536052
296382
188060
726129
676994
46368
108992
119682
350780
793935
374280
427828
266539
845731
930742
239030
455087
519276
314429
248895
158590
179991
745579
169899
318442
519358
888323
606145
340835
225427
323063
433639
832688
810079
635686
556013
243936
784850
327504
9860
68259
430684
749165
759054
746188
183582
504852
922189
336244
466615
118092
877627
492264
510057
274387
103692
919987
721174
919617
78176
451374
778689
766742
241093
900693
666395
379516
719898
947067
589343
128901
108643
394290
641084
21701
543222
770249
815756
637392
778636
417216
9300
84747
818696
983410
995583
293178
355098
724612
903527
897475
275585
711211
687090
17925
270152
162164
224582
243558
451936
545213
526093
33715
11738
493307
17046
814089
935632
822233
825426
170061
817169
370314
995516
556809
433019
581639
4540
220739
748072
774944
722902
797605
613236
180262
716405
63249
729833
64202
284302
956442
639861
744329
246747
805419
640278
609659
834885
134908
68406
79123
962367
420770
872884
634192
36425
233248
930271
972740
437444
159273
105005
581162
85430
171649
385121
68849
59854
67784
533801
390930
985319
591026
830263
367611
591746
627537
742173
863122
478161
959760
459285
287760
49040
862231
403464
250312
699859
759756
815277
127283
357634
142132
277692
301127
225244
869192
194363
999257
450985
562509
821366
258857
511967
138073
136517
712515
787802
56045
507038
215405
503590
872350
138828
498648
13904
234137
368380
689654
954587
304291
56601
545669
295036
464618
560663
720788
217901
678557
163736
583068
968356
356682
883549
324826
905001
351654
38485
637158
179918
704498
354988
116993
554873
654476
681670
324853
307663
237647
923166
157172
341769
938699
594890
903911
966469
690829
641989
599410
249276
582668
586019
673705
44365
323783
713556
480992
829737
34767
993685
577770
804961
202622
953032
179816
259964
738557
85949
551049
346692
651068
340528
598054
621021
803813
434537
274684
727786
558076
871700
457548
27767
488101
813619
767772
433262
571195
201399
805324
503934
134533
632216
321674
958688
1731
959997
715427
386049
206117
473707
237839
875144
792417
943635
873343
486831
383565
40373
477501
195867
707824
396099
860527
567102
859822
59293
616185
799272
785657
329973
555822
406834
306628
344904
916455
319230
908527
838098
22721
183854
100921
610581
779234
70468
387485
203025
865259
504377
277978
445425
191713
975158
699616
442050
119108
633765
977203
995990
1204
353276
880930
59171
723898
735886
811001
703438
272801
487835
446373
233560
61891
332049
916077
595960
900886
505994
252145
336701
551994
544401
725065
489398
456182
213655
87964
740475
798605
647781
861089
537638
353100
961104
740516
772557
70853
322212
689962
480213
937185
737140
594495
88483
707196
134561
396435
750074
333417
23929
493850
74068
379919
189948
923548
481964
357504
166323
980655
403521
479318
517163
424796
869860
704954
703761
487160
73114
672471
805002
144485
208926
30676
94888
430263
707042
529204
532292
888601
61237
282711
218050
474804
353154
936289
81366
310886
628188
499413
952743
528752
108911
11489
487774
643746
358352
475053
588203
367630
870096
740459
135325
235963
522559
849213
946730
228674
981894
911321
749470
579601
725628
124526
382450
41692
518346
792770
849402
621092
870526
171348
137323
233534
606719
905715
290311
402812
963590
612138
255265
155446
483043
7678
620035
396552
621497
366669
10836
777420
416423
542295
444072
981719
234045
410243
899340
373755
696232
76858
877965
952712
516445
317749
483254
40472
975510
251793
231581
197970
355272
353301
409983
901999
250978
944265
153755
541317
725490
830821
733651
89324
978158
314094
692270
866510
843387
45565
29299
29042
604479
508965
174198
255642
858421
263147
794832
955926
389401
360325
867218
277366
224403
91302
345409
508261
424177
48965
979809
71467
935974
328362
764055
545219
383813
6697
257
362504
83925
146761
706344
456725
517521
116952
871489
747836
523824
530741
388218
702570
361346
855847
41845
490384
42337
489632
920432
449285
486726
973403
396891
747995
941301
826836
473296
226071
169132
157697
813265
146404
196591
407481
436898
113878
493108
718144
359996
448229
710414
512073
672526
568128
983251
336731
437670
51304
160033
194058
820405
898898
369071
586668
86469
138832
700017
195579
902000
800431
561916
953165
903750
169523
129835
157237
764957
776652
311712
517915
561169
574305
125789
502981
146751
278767
609486
533644
712080
668044
298429
464417
566750
721731
353499
698122
430559
56564
2237
770936
823270
193462
714801
381644
904588
990384
926851
692749
418640
889390
825020
359924
304775
730078
773407
126834
793691
239269
532002
926014
251098
42135
733883
495657
218188
534945
991994
129050
524226
470192
457204
186557
554782
564382
963423
70182
477104
43239
439818
543584
155338
978639
195072
293379
353760
429271
959177
683143
905582
553537
882109
452844
777971
571011
747283
941513
873643
763606
751802
519592
749817
449720
304222
825515
444289
908348
50121
780888
479461
428658
434980
297264
112434
630855
863201
946474
489984
596912
481970
532125
675408
252116
579046
955742
765020
401853
214830
528118
82091
555943
77406
595599
831735
79032
413436
70434
631672
455993
755246
360384
342358
159475
311807
968107
885407
450416
91224
760964
542132
340971
246176
898215
798412
991188
419342
258109
294469
872568
531515
266976
887144
393432
699610
775491
724698
597720
701475
828584
646916
355439
902879
785964
631887
672603
495649
570950
802333
617753
249071
681891
26617
492487
876451
962392
722477
369866
66986
156015
693356
821731
680971
471947
918319
148510
901386
61084
590395
352421
155557
743578
278271
672
825272
105849
576810
192902
723267
764443
833535
122244
953694
313753
836478
678726
130286
765586
509112
200650
550900
184203
838498
463602
234448
614863
575982
454241
11706
355197
642164
571524
907217
661059
982544
675118
312913
844703
829408
832085
29390
950629
757081
480701
172179
368794
196890
338626
761080
955336
727269
249755
586262
319089
97961
266735
498893
567100
651721
684264
108623
630748
588821
1372
224425
388584
55650
556170
6136
469176
532549
660019
617225
511270
576895
732840
120441
321970
385200
863197
652477
404541
48250
263548
470916
781439
889673
685643
839448
738498
224253
532434
958015
673809
569058
951053
272364
717652
371248
821623
236098
223409
218299
951829
814881
648132
260707
442202
203584
418410
701871
330924
225639
565535
558127
98438
773038
643451
309223
171915
161317
919045
766744
676252
335513
70505
815579
861868
950561
632647
585915
905585
997571
812595
30120
204116
503989
805721
288202
589561
998814
316615
511879
455574
350135
730081
691384
327785
944015
107782
129482
190545
382855
694266
168106
578222
866265
277566
300593
884871
539033
419312
657468
975099
781147
468689
908912
359022
826594
576006
551992
884133
132182
886022
310521
350231
273413
881703
746168
430701
708696
632866
799348
4555
124258
990948
265151
335940
381087
702531
568807
622337
487704
316361
984069
114426
519977
368696
573396
198422
406998
858846
779460
389129
631562
810595
28862
728381
121223
413248
869989
628090
657997
139641
396025
730710
2574
554173
347454
432952
89208
730932
402265
415298
787270
1340
289555
207541
427372
661309
249474
243901
600835
586085
675101
484382
948669
142050
479752
491743
948620
311713
642014
321626
112810
249158
939690
785459
364923
952828
464643
737173
634237
413093
447872
145361
322919
759589
166742
774748
264633
296895
575476
556245
759098
543483
167219
589960
888872
914595
778127
267502
390383
362830
127431
266384
851751
135762
249593
93734
928411
792557
5050
938927
982979
925038
53121
705360
965826
940026
821315
140249
647149
899415
723568
803515
655810
555153
300581
390662
914784
105702
979988
645716
869061
179065
23915
865820
645434
342345
295702
199622
681511
