901691
788135
45001
481642
984535
961874
860606
938784
572089
65402
811715
750580
245898
788106
557721
800717
807730
700480
841448
9243
758311
610191
369577
192387
93837
995698
539437
311320
821861
918526
414036
582106
948706
995944
960675
783273
836169
366724
653876
498692
743750
445029
556798
869945
182781
646947
2739
167854
422151
626362
85590
768362
484260
834286
9939
356866
910406
179574
750304
286066
808400
742196
210535
905237
280376
221055
278889
342128
337848
998879
367800
431538
243953
488790
902851
65527
776340
572165
316212
540235
889215
776352
623102
941499
237554
394678
951825
758545
585414
805091
207041
990495
686157
432785
320882
164417
659180
580002
22438
780196
239939
795757
236530
399585
925094
50854
379180
227609
71572
770097
583485
707243
696199
148868
656412
825297
932557
327655
718759
730953
101389
929869
825927
436103
340383
126329
944465
842251
235130
26638
756721
780691
522593
171384
493141
851960
649582
531233
607119
293064
427367
879957
644807
708502
88731
663096
232601
810958
330944
113172
839229
521228
991325
325322
242833
669217
223391
934114
964659
559300
851555
356490
209435
629647
779861
462508
71899
557795
466170
937558
546688
582990
482865
255811
917430
753319
328442
915633
555788
904123
147019
849025
335631
669166
400139
213751
929451
373870
510415
324907
502918
394398
870932
977018
814880
580404
54686
570301
697932
275986
982282
967573
807468
153994
659248
311337
296970
874634
140852
898707
621667
96480
779150
991080
561047
553936
930794
753232
451772
347057
683379
323601
459926
391923
752018
353736
694619
338460
335790
650104
916318
10540
294770
387781
211022
892381
324043
41556
303342
913849
296349
95202
319670
493410
67556
494178
892485
423543
24709
790612
3172
323674
338030
355939
206940
682978
535278
419241
72556
31332
535672
559326
721210
247061
906876
511592
930534
219762
118409
94662
572634
894773
471680
486608
671502
199264
769915
876835
848744
945338
315259
188365
543408
74637
67630
41357
612343
805188
176997
795461
683434
302378
57959
332966
576804
745770
343333
70225
997299
1041
202648
465699
537107
669495
686581
86263
85739
443285
44090
254457
522722
365753
160080
210027
788993
37045
822477
642718
769564
190321
936561
846448
725414
246923
791129
51147
893406
288243
477579
855692
55231
82018
99685
789542
458903
480166
823657
851172
980967
576826
611896
960477
442077
629781
276755
127318
978455
622060
889618
645211
172907
551399
171510
690080
56136
317217
105984
93366
371292
408725
165082
355988
50845
235168
709596
455011
678344
791026
602473
590090
705388
312519
987730
505713
165881
634571
86666
207064
515483
345836
682509
23633
796081
293362
634446
622444
292264
647378
728804
249251
609166
99320
918278
363959
61851
87103
810446
427035
893549
358145
483787
848358
743261
870542
874036
364920
825852
987816
467961
373269
378425
191912
482064
839836
938496
571543
310588
848603
854956
877410
83692
340053
571354
887739
525644
109085
56951
734297
113111
833167
21805
186731
187880
785349
965280
664762
355888
832888
352251
849965
349865
522115
990601
279486
938210
580908
956541
769653
326174
470068
41680
69043
185982
977573
79641
651022
876716
999553
256264
594554
853950
691389
411278
348647
570758
764412
311302
166977
661764
202679
611009
902933
448440
187838
973310
727742
562746
808610
755316
172674
440287
95863
890985
931597
144548
554053
883537
572418
684008
790293
228551
446750
35473
534098
825793
233954
344665
585895
403798
690822
843060
380417
374549
730526
249514
11488
355995
761887
811620
695451
405217
105157
57140
799916
968927
977933
985095
202679
449369
786715
866531
878985
334062
371926
769712
396860
631621
149320
125989
950672
369053
160203
683981
361541
95931
144256
461532
810159
226608
229630
204089
70579
705648
329947
721580
407729
244427
49369
911965
830270
579196
359106
65115
280727
101026
530894
100023
64899
53039
529431
263398
825517
643803
569583
887221
23038
904636
183699
125656
662467
332120
432145
279595
705710
947785
176772
497134
329122
942045
289649
499356
709080
677178
200028
494597
785306
464690
265949
552940
558428
351479
323562
328142
648812
547493
200920
659738
131393
778900
6329
489569
857184
340569
606604
460061
791494
738996
864292
365816
898772
712374
725515
726935
487586
873402
145308
652580
483464
720890
889744
336630
159072
122805
586897
585544
20933
229267
213889
452497
798752
789686
429709
537162
297701
148502
271347
323673
492803
795156
570079
576812
339633
785683
996038
945742
253661
524038
916833
567190
615672
363711
357698
350292
536900
141003
400133
562496
335898
202375
991432
213146
700341
345320
703248
58982
446859
898940
545071
573493
927848
280624
761694
7171
29816
564039
145563
255438
569543
205623
713759
111871
836528
70013
469408
681507
591008
19397
683185
238060
241407
627655
100716
203240
130863
176035
129169
583064
503681
761301
9883
274340
561905
725195
385165
53719
998605
110719
522215
523049
519595
265696
442456
762984
46501
333764
49638
709092
100011
915770
781116
33988
671576
477874
563093
649186
368865
357327
673895
639594
727261
581103
706948
591555
423673
255223
477787
329125
362621
224188
26279
409578
773661
314392
625579
679513
240626
868246
595082
875520
6639
169282
211437
486006
886128
614921
676591
810366
417961
967364
389957
298398
776203
391828
311810
54462
792551
407817
374612
326002
424011
363993
423421
239081
992987
585579
372850
581570
439248
526830
407737
604591
828545
761353
99965
145161
421708
18818
909094
72641
234697
842390
314308
705014
300943
179266
370921
376227
573057
684613
352687
925463
827597
893462
438322
337882
96349
475613
429450
629825
259967
139132
433027
81781
319363
589837
751556
973974
192370
868219
384307
832623
335322
505708
497358
239756
728366
394596
350590
617402
112307
171753
663063
901851
927754
172697
376001
218242
200877
66665
156791
174731
239896
855114
534220
824018
30532
828243
461963
617222
920104
60604
24367
303194
122060
881565
191228
843271
411813
913993
713581
118080
612468
833241
723854
185952
161084
110862
332481
74457
890543
716328
260697
688943
921600
585120
275695
700923
882416
882093
958993
360804
630100
739082
90545
747545
407286
104701
448066
527249
28647
164765
357096
823461
594680
481312
570313
157267
685085
547011
144824
7046
883202
855982
934781
62456
26290
736941
771403
582700
554927
15920
864377
451909
955630
573087
477614
819452
510652
253824
227661
221207
181428
553671
231739
367397
666138
178272
113883
159829
746949
535926
435971
105779
893047
709968
525107
822364
495041
974454
156999
574144
745152
359651
682188
366652
312378
393137
21460
912980
401425
775363
867017
647021
312420
719846
856840
641347
168633
88067
524544
829435
473432
793054
646220
677669
695439
729800
489570
998199
746746
631927
16664
98805
246392
163893
551931
399954
50262
224710
310974
559699
91032
640420
878992
57089
246642
842032
882433
250580
946628
268844
766782
307711
853252
597701
753379
10024
382662
125029
663327
159315
574501
23729
249563
710674
434540
24506
793448
232647
737474
2964
256320
19619
818363
411556
324015
234699
673590
587883
437744
961083
145824
318209
965667
630723
923023
170751
239527
58755
281807
806819
855236
147215
289748
434109
166853
6748
693202
250499
677140
949766
809299
893460
119287
657082
34873
730023
540370
775902
829753
997062
180515
731629
424279
336867
47029
812211
884813
746432
828836
247455
629758
164370
397314
712141
853771
230742
58829
877587
597478
341275
357928
645011
628569
640118
90058
707163
868301
253022
868249
845354
549258
296947
780767
120067
700825
24338
500124
938945
326174
625389
835775
102555
505283
276826
717683
383632
786927
796106
428412
450022
231411
93961
562201
333267
731574
223933
475954
516379
726184
949901
13751
67535
804030
187176
111371
70823
837780
745091
879066
637296
841638
348050
8972
248936
199803
394707
995075
719057
497616
254590
873808
539466
497312
881349
415249
140550
820858
253058
222484
166807
875084
979370
196100
9746
147527
95690
261230
825542
846821
145773
420998
201513
53328
87583
104217
57971
652702
937579
338602
665015
712752
969737
571973
859286
246499
184588
253288
108252
597085
247561
495014
855165
594781
58988
327179
320773
617332
917795
19465
411728
773107
940232
671615
303259
883621
957013
273838
987250
696313
671793
820340
469260
65671
797050
806957
812546
713800
9638
259918
352458
772264
211704
192548
985875
531716
937491
933351
475753
742133
6372
822956
658150
169184
278715
65082
675908
32698
539948
798125
563186
873908
748424
336220
569862
60093
115081
180507
570083
432535
180442
942512
743263
915024
19564
972803
183921
541437
173062
473699
629592
772835
952675
102335
987470
422966
113946
804999
197630
32508
448314
556028
519755
579867
34187
676655
830033
308770
7068
976706
987875
533948
495696
517263
167612
286685
924543
432987
769828
99802
888076
468007
344866
189788
844302
822658
833591
696363
365332
842896
602921
735464
866009
60689
895662
919493
325988
332306
10794
462470
479525
526792
759456
33495
766868
568751
77892
313830
193015
335531
11648
364091
663838
107483
532107
7046
832115
833259
911765
994578
114257
738432
947357
293294
380909
102835
601891
641642
979938
568141
382955
875717
536624
155674
822167
720959
830545
259785
641060
963629
15476
439963
415943
435747
687052
396226
201585
20087
901140
32046
86429
377509
3254
191793
996192
935402
169835
526903
563223
203648
461983
15483
284278
87494
458682
533721
566192
970214
431718
388390
940515
922354
361273
426619
333304
299832
850005
781058
107494
193124
422768
278303
807703
840947
87821
226183
926789
935563
330141
232414
631430
44781
741622
882880
193995
804959
957937
533073
425272
858255
472665
879217
158992
216336
51675
883426
336025
567588
22476
356261
921702
780809
480634
205254
332049
428908
577672
613828
968380
823687
94487
935941
229095
582765
169219
65027
712570
37525
783407
547088
776611
286474
311595
171144
472664
226476
984798
64182
993211
40193
777228
180270
59703
74097
889052
326674
335527
982354
121019
311534
389958
72984
17211
243249
365335
659431
256410
334582
993321
797238
963180
795140
113467
155080
267446
227450
593682
641591
207270
898627
158039
126168
634937
276144
404703
908710
218873
564499
326318
836295
793547
13059
485749
583752
139800
111911
456203
474107
754396
687943
988887
481966
438831
14125
562336
787857
171536
89135
557744
912876
130779
133007
907062
865833
647340
635998
357228
761277
475916
302439
983223
451406
552761
991980
363091
529289
108724
697616
658244
23388
449629
929617
549079
819711
98890
719412
627920
64644
61621
433558
473321
205577
843849
597942
62454
186446
6748
303287
6047
395505
759900
336098
190145
362916
389075
50873
170592
575939
998359
305776
52442
145120
818061
274605
332985
414785
915213
249104
638745
753456
593904
333941
571825
422560
885553
269566
376403
957296
476387
328498
776121
706764
76391
444109
503007
551
146079
631420
833317
880889
145955
555693
888228
83667
154037
69265
449302
5995
411580
848139
873497
37160
155011
67119
275405
69147
278729
707396
473803
446341
130346
305675
662553
72778
512653
3505
826191
454712
348266
422648
255795
54141
916582
801478
522815
436085
339475
525829
277391
95240
955897
433255
950273
658
159565
506238
239463
997925
470601
51277
148708
412865
421696
230175
819783
794337
347800
684132
807435
731963
93214
715743
19123
661802
834479
418229
598014
128924
999380
288091
809204
345858
286588
903287
971463
106628
655930
89308
54643
35334
520589
438756
671309
97117
409093
624127
802645
932184
401810
990737
726013
72300
97726
735437
23881
177391
666069
171775
477752
24284
556755
394757
914011
147004
669810
385550
127669
406264
463442
792556
447523
370187
518087
472127
257754
373593
816167
531014
246824
111931
560029
479215
134463
249881
737809
147572
986974
454262
107414
791326
639135
827978
201514
926548
243930
249258
115608
667678
241667
239175
269288
976229
510045
603274
544017
828975
581622
28767
989485
67710
354895
727378
611113
619974
631921
504452
732457
431160
522277
800722
111958
738432
342025
385284
582848
606098
121674
269933
832764
23992
210948
800749
671960
612208
194970
395862
89379
97371
584289
15296
90268
947916
799590
254454
338853
440671
653876
507721
782670
728972
613659
323777
190803
804364
77200
958378
40637
536512
550797
344965
649548
172643
321139
290151
408981
23048
520802
295064
162207
513187
704027
721439
653714
369868
954385
128233
752687
238528
619064
529220
966518
269100
372136
481630
620086
265026
471766
917315
294200
993098
737433
244869
967764
213999
860472
467630
994908
962496
37294
962895
512718
179552
10662
518134
336189
138044
610687
292614
50456
66615
428710
668807
721728
54613
390853
22382
544487
752232
966804
641377
203880
653361
431358
538576
217398
936475
671411
171803
349270
757508
815241
187197
517402
418114
919863
880023
404058
922709
388864
307487
22302
691331
599847
486838
349142
139409
457371
56749
187765
839841
929213
809642
844560
224319
568561
622917
110202
968231
269510
640272
949294
198791
97073
19457
99342
951490
755670
28227
75643
558036
506917
194388
381473
590718
806438
535867
461498
473469
226024
260398
714035
299350
90744
207707
988041
817053
880911
514200
245412
762120
738758
680897
495803
274185
6098
128701
599716
19903
703851
211860
44298
987950
512884
802484
981474
860702
264890
244795
980488
492846
291874
411219
15059
901377
236058
226174
339613
209843
230071
113169
951924
969778
249084
795647
33460
857948
55
929607
168381
644985
378155
750929
223928
616489
390103
315903
596433
553238
300788
948377
760219
253916
574407
964034
932717
23334
770835
303260
441504
192919
295473
885767
867089
187017
91206
226344
258899
761119
716635
641334
351766
141732
382401
556399
656709
397511
642345
298614
486060
676210
375472
766889
103225
607594
116574
232306
677672
199093
9775
815969
6060
742216
663531
141645
712030
333481
327791
784214
40625
768682
503492
435102
142757
542937
57451
407314
961548
591869
169844
408344
369157
458365
958710
534842
478396
894775
35343
401656
610279
417626
218780
934918
6538
433819
390242
626879
912992
242343
810216
540899
437124
511572
288640
291958
568702
874424
826076
619565
918541
144337
333232
761271
468734
509872
698924
285150
184900
101604
141995
372362
969326
593283
131724
94470
21717
558080
907403
291465
268507
400756
430797
364850
2904
896968
531394
449523
352999
372133
353450
688234
447980
485623
213951
544958
152824
860209
451769
651933
256974
910609
900606
483264
842500
276999
106632
164573
937139
534143
102987
842300
652899
172299
875348
683803
327160
61613
314724
930961
168359
197117
743433
587471
191414
835077
465474
871556
52910
872061
50330
242513
885871
840057
93512
373327
98421
862648
519137
537145
484413
235092
366171
391650
693538
459496
347044
608669
372415
220350
588827
681335
115637
725467
864704
184696
256447
141245
246351
256425
133422
843980
584798
170419
288524
696367
527809
820740
623662
401582
943819
389609
980167
619226
823218
107061
266550
464126
237761
257861
984373
850602
710699
844326
598502
19271
695366
680540
469594
275969
759118
342889
511045
310689
246271
278937
202941
222139
365407
558621
479049
766647
66304
327459
66126
296542
405077
134543
43153
875693
945374
475011
894731
506559
887172
890649
690348
755112
182833
382473
628706
641600
112298
378095
829986
270331
658139
216355
337
461457
554081
555397
503074
720627
559864
733326
507327
551895
48411
729423
422529
772559
837421
573791
275471
783240
448685
760636
705810
760066
561123
555279
140015
764304
251121
592470
799803
352978
725647
129093
511628
190035
320205
821550
378679
107466
157589
969889
622344
159467
600744
912028
297171
48558
522071
940289
947502
900579
296773
1073
836431
911427
43464
705080
527120
90588
176323
52569
902390
674513
278726
884929
982626
290850
307235
441845
522343
964217
234408
907543
602100
25389
501717
598748
415019
506290
565261
245977
327674
979410
602099
587601
769321
688042
203058
33257
644987
597185
29378
517005
276639
357457
597159
644455
218428
847718
748847
6380
772868
208879
110137
516452
135710
16485
739461
870301
616783
909347
950236
242243
422638
401360
326427
243082
138029
546725
708498
354741
664968
795299
210504
492306
640392
377615
299513
312494
697714
956326
588042
615202
655233
429224
125486
286377
339589
478432
245051
102407
779963
608139
34506
392511
505782
371636
418370
975751
611727
317759
199068
676248
140977
503398
371094
444305
584591
488217
138406
241049
164576
382840
935787
222227
13432
18292
119062
32835
944335
731231
4890
79136
605339
746965
299588
687728
612090
33947
374025
165669
341533
314740
335590
738401
354024
479923
387778
358034
206926
38724
797371
622925
733331
520572
452323
323178
328706
453831
808418
462211
738423
630627
762999
813464
564317
302406
277623
974319
70886
511436
559119
167588
494851
134701
35910
332905
393792
568357
692320
751691
349833
769131
225277
665051
909813
890105
475795
868881
355184
622226
823889
608950
851506
626219
942740
161946
189217
490485
443214
990974
43741
171613
171351
509710
195609
810652
206259
183575
380150
322930
580381
172201
151440
566143
477072
795251
654448
509882
116336
186212
232980
913197
37028
388054
353916
953835
589458
33010
851404
686763
186678
511195
629331
802281
577276
469875
814926
114923
469181
558513
843512
128436
233902
356272
151726
931395
971169
668503
676511
195202
771649
626708
931788
739608
530811
209220
519851
292641
964448
900211
373461
349659
252211
412003
743000
968059
205175
532154
727824
31567
915271
499611
240058
161554
132865
490832
690593
241783
990973
68862
612932
989560
281602
975748
48324
463362
599653
603466
962962
666506
564344
167011
881940
163716
346494
95803
666015
915315
738529
980681
425799
79767
342340
545987
674917
506002
707975
230043
614731
628413
739921
64239
358123
853331
982802
577459
30673
189010
788400
477088
594281
944962
392924
19968
845859
677801
788345
471508
602260
349043
275904
457764
817003
868304
821884
304122
214969
428969
375249
365947
642828
822831
100616
46157
242141
256104
386155
87074
49527
34056
664310
774293
811569
74502
551337
95859
836657
408059
849362
20868
436179
409812
799263
666412
987511
779700
236001
202219
245885
158212
493606
757162
871534
413282
509626
654979
195276
81320
105022
198031
90912
697245
167603
382131
222495
560408
7780
449965
357160
955675
961381
492499
616975
542463
973086
771611
585632
189055
356766
174966
366733
278478
492021
254966
373092
969642
247294
976299
7090
658625
492592
386428
378070
330154
408170
50520
937133
143709
627005
882284
152620
129984
273351
221122
3174
497228
42748
519850
23589
957175
165997
306674
932485
903695
627720
166799
823227
666385
159297
827779
329117
580480
143703
310090
392228
291097
168025
270883
976094
840315
612669
263721
317962
966287
443658
227373
562776
296388
342350
439527
709860
77958
652148
783867
462110
893895
587363
887225
521098
817713
694875
972904
758005
530782
593358
649334
857580
904316
577632
748198
992090
293297
352050
236459
5355
3552
796249
796649
181419
65099
697170
996402
474103
906309
387864
864959
153893
516826
732018
702808
784197
600066
247057
377522
828716
410943
875620
809648
58822
460909
941266
404398
932224
722782
96396
675782
462220
373226
475936
77255
129837
84958
276817
569033
264880
369194
824694
357949
985719
867296
816302
263939
579894
847825
425505
969323
60605
570048
974220
35859
439852
84809
971278
799690
494587
992233
274243
55999
267884
202474
965203
819249
112564
539973
566076
632845
957054
832737
534937
475863
784539
571261
314278
983196
607283
476655
30341
656203
443172
968154
392733
601356
540731
264261
423493
837587
876016
780521
924174
669897
866450
317902
812725
504855
695799
160683
724369
391357
446740
999992
265994
175793
677050
484473
500543
635622
496908
561375
625132
27909
448917
258456
901919
205928
992995
583887
828498
199415
876857
20649
156188
729427
978973
247562
498099
189944
896818
691489
954678
111625
846118
323332
117955
981332
329521
415945
115901
854355
354159
473729
781857
756907
368220
576286
792564
721474
194734
577438
727051
741292
547739
883150
111961
401131
88413
999580
836533
724713
999574
864074
714743
984143
7608
280292
980503
51213
293876
320473
862829
617410
885705
780482
991014
176456
363866
6063
506895
961544
239268
880414
396603
280730
86342
465337
441388
367426
468233
148277
655374
954317
217313
519196
126364
491973
385423
30963
441904
735296
189257
708984
584579
903755
560839
855285
152525
110328
480764
903722
528080
823547
646000
225398
954160
314784
263128
878229
357300
334641
501281
973747
266631
106507
469345
785898
78222
496372
967490
792405
338373
361380
88933
784130
605051
602982
787396
783229
254740
403896
807440
518389
91141
431184
858604
674234
320445
963750
258239
957145
825925
648588
428864
265306
165375
358484
52782
812015
76488
580634
826419
150754
561224
224200
207441
240965
9317
813805
10440
894653
579710
491288
77249
890186
960703
378668
849682
324522
696926
338959
483549
933029
770131
629237
916849
540578
722839
817449
513253
276770
458043
201110
929049
109504
691644
885663
64039
500687
753397
495723
678517
882285
417056
636654
830138
499542
764435
135569
608050
926316
153158
569421
26545
67619
811472
368814
986587
986473
572242
705453
788646
722284
339977
50108
278824
663216
440655
739774
769165
312554
526252
2265
310740
926447
521423
256094
63193
745930
190693
807744
836896
209916
935459
578419
137712
195594
68900
933844
937260
780246
57189
383631
347662
104004
716691
358956
365634
24524
518589
365184
208040
733755
814832
201419
13462
173420
380028
601933
762308
664236
806964
500049
625372
637876
845614
174801
571424
506033
101166
287363
40281
823696
52109
661501
457046
799989
43357
246985
478422
981914
668064
796042
64490
789475
767488
927930
402111
536153
951178
148303
786455
15691
538769
575038
46181
473822
348207
427631
388177
333083
386962
841717
253167
126531
744037
574813
149893
981734
150698
219547
729335
984314
556903
642598
752774
352477
781315
838631
731581
416673
726708
200692
804575
227543
988757
344600
620377
465002
678630
476728
806725
620887
545849
764077
809523
38946
140634
192604
133380
366621
147283
259444
678960
509840
723728
375100
348388
402719
508843
214035
368555
713537
793757
724934
416093
478027
493656
238819
554995
75419
765931
424906
839456
134938
937138
126129
46995
450816
330866
463608
256810
248072
864945
503552
738137
53845
573188
746731
570168
708921
498945
429669
944476
189712
80293
108419
444800
192947
269781
908180
916752
98367
351227
374948
295236
516349
998269
826551
966783
321012
822458
206609
36466
673086
134633
444730
457513
840748
382012
397778
389187
102622
635539
955853
61681
969987
524578
372071
565117
736229
538942
976447
945842
308844
82644
483769
697230
466677
757562
857158
223571
335380
939844
79862
22822
751206
510308
441962
48822
462130
694286
243238
394472
784876
390416
951370
791176
726215
137813
645045
303050
420102
342074
33505
242892
393048
243583
736545
252029
428544
475521
252576
993815
692455
85474
481385
543683
357305
531885
442462
571260
510765
710516
903648
312319
81496
813998
324745
473859
606451
858390
769151
545739
866150
725774
810205
71872
948880
172978
822201
620025
26463
759797
359731
295457
745508
593712
516527
572196
840192
544340
370521
374308
883378
493479
957716
397209
780452
838316
948658
406270
355496
367737
73743
801426
865551
504344
22508
322163
356699
172014
217290
440262
361879
187575
791495
202963
829594
725168
109664
29640
936165
6592
860287
520304
43899
401309
338536
510722
824209
267361
38895
606964
912563
245632
212830
22290
244000
216305
664013
90891
459768
672206
890096
14565
732799
48380
227300
476168
270358
593200
393051
137917
960617
824548
211117
884007
414774
368342
681566
831305
786339
307775
876327
42776
936790
391762
42903
793168
258195
74042
237004
954010
181554
763695
564356
936330
83008
547329
621676
779442
965265
666089
912766
763114
639092
22188
261837
329967
982228
929167
873628
801737
883433
304021
93975
225298
302000
355505
803399
979639
559894
527998
867894
37799
244328
220136
71201
602530
687292
473419
378260
483863
835854
731320
330972
4137
233150
519085
510891
133543
392036
35945
224469
906394
988341
133434
268413
383304
457863
106077
808333
61464
841705
972255
926243
632058
509141
891172
548968
925860
300981
584137
890281
521681
865111
108767
393347
861385
358914
669318
877464
493110
379919
484822
185342
760334
219720
768107
127018
552238
534653
48591
711545
921979
381768
594818
434901
43844
915422
392724
531118
152729
976541
695733
102452
505463
298470
791428
802268
126202
370095
735083
707010
908953
11179
246967
519401
437265
380989
279812
13642
704862
818512
573190
494600
432117
45729
888279
170684
433179
221782
475439
704873
214506
948700
24580
46976
465300
81204
604073
429210
85081
27607
843404
101735
465256
33735
295109
817209
822183
320778
533835
444364
18841
520001
504164
589362
483723
703149
83555
895770
377592
548857
453956
933088
634899
829211
417730
239192
133542
243079
349398
287413
175207
263498
486173
671889
726122
130760
950377
609317
663175
915620
773823
746514
86283
479033
924650
821960
503947
291630
450610
956738
360368
51437
880090
797558
175673
716106
983389
652519
134040
412350
914969
290680
313635
239530
46683
530730
732357
114321
373601
910628
868918
10069
208407
224645
836563
637118
647733
218841
549005
931658
985851
581642
134243
81663
483122
869420
213374
392277
641659
691763
251200
431594
933973
519419
491162
609537
932114
345903
494216
579243
232992
858948
855265
358854
344614
902486
140419
102105
854504
977606
504856
576501
82387
318416
276099
571972
937502
517562
982921
936458
446429
302099
684855
581162
608850
474551
811207
698362
153947
949345
683594
307122
173524
480332
814619
905768
485334
894353
312888
2606
973059
711201
131838
872061
972523
738392
386520
823665
426238
832468
513453
134978
756321
424431
283297
125043
366246
290213
775974
10830
505886
380298
465106
804620
882235
339353
15746
816081
539484
44482
453898
349163
275535
957660
572803
929379
698187
872223
676479
209152
826302
719244
731549
797074
354394
29589
912203
241647
640362
741420
688570
722059
161365
865058
22411
131690
213451
489709
670928
917826
689575
222916
44664
139868
691560
819442
585227
573386
738911
902590
908201
812328
10139
302983
263892
119246
234150
930124
228739
964924
653622
807309
471326
789927
199080
871412
632664
345174
564747
305735
285893
366041
638124
359460
873028
853570
30426
550028
637498
177502
255306
761190
838124
840162
538714
238488
668192
106021
372807
633532
641144
677198
11879
327700
603606
406488
943801
154473
292523
794437
381973
134105
534023
707952
639971
158743
50095
572408
656652
376358
625558
203630
87109
646948
432515
828203
569533
979132
369342
91597
210355
682240
315571
758284
370245
226055
327349
260905
94640
611938
568821
141879
62309
684129
749861
528152
89105
165125
942371
430943
883798
338342
32355
612005
134858
652259
502509
833716
584444
1988
226269
274859
896090
688540
951575
971900
540222
580726
306806
985772
19245
844476
597141
39834
151401
641571
53992
160546
286495
314523
629065
533625
808553
939394
222788
786223
337994
992428
160633
90257
80006
649632
480456
244659
793104
315425
8688
585149
860464
606065
995515
318088
65323
193748
951483
951336
146459
417255
598274
616007
500440
8351
370658
785583
190169
731399
845175
959135
135560
713941
617555
857169
256732
721291
167066
633343
758056
11552
597223
318859
216701
344994
949277
752471
998696
627490
582339
400016
933320
803884
992677
329713
801470
666321
34213
805618
569879
113677
973820
243453
13411
509274
33914
499399
915429
281420
118668
235819
177041
129334
945652
261521
804626
812462
214112
105972
535956
830392
540188
376472
993672
265496
920159
688098
459244
830200
803987
923989
336297
191217
85433
267133
340654
140890
495792
365559
229083
733055
12056
392416
679837
257673
374423
529308
361712
209074
887311
573078
845879
742376
459817
949741
84593
462382
382020
413141
696605
339830
772564
559991
923634
397248
848950
743464
100009
764840
194050
406627
980030
682769
111298
741063
772579
260272
608909
150679
910559
141661
221696
466984
211161
905716
272368
689514
829737
60461
905318
153794
325319
838784
647523
672940
920041
938242
546507
247099
70897
66856
388104
881591
990355
503564
926185
372316
554619
285320
522844
415331
182711
256462
805571
238241
750048
772463
371904
812280
526255
1915
933614
617726
891632
215175
415968
975363
774800
505770
174927
526615
986693
556218
389873
856316
510547
158247
849360
434089
726159
41252
765297
17771
640821
209430
397162
693891
867028
814426
766042
577056
625987
642242
65212
544012
622318
577095
372772
582032
302096
18379
380969
295633
709371
405333
253244
786517
842372
212309
499525
743067
955572
261781
455813
535151
822126
708325
364969
737440
276294
542919
431394
252148
601142
144286
161167
71727
963874
341131
478521
322822
688394
758241
590830
653318
578779
515774
412466
787540
666121
629407
226705
682471
78163
331332
694473
984408
645921
987291
384062
999599
646957
6180
89921
612956
32483
178717
842015
348482
710193
771785
677527
181313
366851
353940
153650
958341
688712
961796
980250
160979
737090
188341
922175
883706
87900
443391
692477
36549
247181
758054
952081
567554
747777
803683
722015
14789
533075
485123
349569
824233
172582
208668
32630
476722
866932
686693
690708
21106
76687
709017
28306
285259
311341
341197
158064
544349
64211
564360
801091
608517
700333
821053
778992
718535
852340
335917
314790
157285
155220
708122
815360
767437
322644
738901
29115
124553
833485
73274
137599
220515
840555
450494
661746
716306
688667
603831
861398
418192
419736
718552
333861
161609
412159
789933
695026
842831
867094
956290
682218
278853
819313
351472
310088
38451
426010
14482
571543
259077
603623
316411
751305
758965
424253
760284
193456
743829
406120
739532
11165
102301
642768
631340
876592
607456
539675
319626
563419
83014
493631
47648
238570
705526
319246
712138
332446
663584
532799
187994
862764
492795
119711
476526
97099
354756
8152
35868
371471
859456
191126
362900
92066
443912
711662
993221
783851
430048
446604
734112
450683
558149
368121
513341
747977
426787
768147
109285
669033
913249
729739
810147
931694
293037
166505
286120
207459
643674
802295
463786
781982
398425
669040
381075
269755
606475
469110
348814
795166
113490
150838
751640
980911
273311
509497
528520
992858
898014
591518
654026
552688
746391
613403
513639
442274
901089
406118
425961
334401
867007
73533
862315
432404
904135
388406
950862
539709
67219
848499
690936
483622
569623
512635
403326
764390
420685
114499
302989
261712
563082
712364
982776
843630
477949
345686
188425
495913
896247
972887
790763
807279
71547
768324
492443
166948
623766
306489
846108
920474
318676
119772
748315
21110
642367
78420
891396
367389
123925
796093
409863
574032
985546
625986
16431
101962
221988
71290
80382
465230
206552
766511
913495
566232
761249
640467
557280
839731
605205
961246
875229
151411
929303
505398
306993
422178
527571
644791
754697
679061
62166
577918
374200
382049
325525
594203
345629
100145
755013
633995
929863
109540
500403
454898
669043
746053
502431
265472
741063
306135
491588
240383
86794
341447
661921
965315
243279
520378
298520
389235
822435
951027
991663
991699
871772
31067
366879
831329
215078
533140
240112
48421
406561
724742
187435
405633
694195
133884
287500
955851
328861
727576
289550
551060
15264
810947
250892
38160
393150
121635
87802
34455
538239
286370
511417
927874
935890
924848
760375
732809
421722
283431
614746
545748
628914
505057
672215
788317
667106
278697
780933
89317
962696
557037
17927
618713
437857
615844
562389
969507
849949
352048
607911
858454
672320
999247
425594
861738
980154
349639
759848
934541
186151
620030
569037
443406
422816
414555
985055
101161
806450
519153
34434
627691
21730
583675
192123
507153
109106
417095
564302
276626
906565
408115
253907
151905
874011
180528
677502
103654
886195
244864
76738
587619
399569
478107
327650
110413
737879
492612
64681
297667
347180
117534
97952
168381
321001
71470
506024
792090
956117
38835
811722
696777
541157
654853
91959
857043
355305
388734
716054
277699
47610
529634
466508
607359
499017
920650
593592
219010
463211
564385
482248
316247
556440
671424
74807
256033
947739
37350
302544
709866
542003
515547
393309
722431
604743
342135
574274
108273
724994
462299
449931
122779
261889
79792
658559
250736
779095
822087
977438
441999
132108
969429
45994
660418
108908
558854
393799
390014
22343
821554
768155
633250
213184
396183
791275
416309
358416
339364
799074
722075
761774
598382
23274
598445
253888
645316
25323
417924
814384
435482
326288
34767
767612
496868
30158
263496
556049
217460
145894
971813
69139
970886
183190
827240
571561
894788
120035
436923
660449
386990
658971
992338
857850
854374
62876
344055
412375
677648
543132
178184
25342
351552
24473
861797
951630
171641
229550
949910
278944
422410
56865
596305
584291
11503
18031
676188
230246
766908
700504
453372
38307
870179
643583
698787
414559
690283
184983
502215
286647
640824
317478
65979
424380
233955
523564
83833
665265
359579
152013
622801
631252
765569
875129
179529
100602
575220
114778
833971
413292
472884
832619
4670
411582
835715
724692
189784
492599
822422
291715
81555
378595
311678
699514
566883
572337
804673
990616
421203
265342
730704
37100
866536
274728
974012
872797
72510
557396
128151
4951
665256
590844
621609
451862
212143
363590
466292
535926
82494
701731
79146
593080
19084
520051
959141
317438
643395
921940
868547
49089
420863
350602
642215
218670
612261
583547
422239
330706
844913
995437
56144
674151
358400
239109
724221
38400
646819
819891
589438
305548
18918
485999
886582
299818
999041
591880
7390
377188
983212
156805
311744
42222
847281
763169
373533
615962
662928
335124
287030
131955
934577
472067
594354
555735
571372
59872
868669
43487
295388
793984
985440
294415
951240
309222
106090
326531
876600
240136
959677
290734
664629
72839
531650
402196
591011
17948
297229
34079
806452
159506
765990
240803
11645
796952
912879
51496
551175
765185
464871
845813
385341
864205
830330
579597
802275
741320
108366
412904
861149
704059
909221
217386
812799
91812
195975
102196
117271
763234
201354
127330
113524
768927
628337
58290
256227
509404
128062
910842
402143
100427
217595
327627
583212
896384
966332
154626
700073
915557
660096
57265
275767
35303
84017
317993
708633
32075
850428
65517
413721
111106
415150
296501
136699
70169
346704
963099
618596
207248
687226
394220
258685
692465
566168
662666
452373
630961
293251
192077
682017
399379
450387
807390
697775
712246
987876
481583
957405
284482
762351
313157
970154
999781
697440
870769
100102
551655
258086
444823
398448
497248
876984
718144
353325
262836
487373
642301
533855
420313
181553
806128
286960
296459
23021
432584
661944
606283
659809
77518
526262
781605
518664
727310
593571
232103
823913
664030
374090
550934
822026
139069
433873
53648
525483
626929
63047
626049
228483
273949
981128
358266
143532
411234
713322
822156
203006
308917
950134
883156
870905
585756
375906
780908
497049
631921
464542
175584
880027
560241
754897
94510
902970
385244
398293
723706
639538
676820
147230
314230
38092
457748
745794
125813
236298
8233
848603
940595
358020
894732
608610
852515
302225
349794
858804
142591
122186
626033
796309
472463
297231
481123
121267
308550
622201
609571
63479
168105
943470
887902
434191
157260
165957
952215
339361
497761
673485
161360
844381
576716
166245
53286
658222
447723
28862
441596
250119
452218
663597
891759
426648
668694
192516
34751
489512
382333
856274
193911
574344
623183
711888
981546
756701
844082
277057
261242
406968
64911
806335
113103
969440
27776
387334
388425
614390
24283
897655
29005
677556
294119
364581
663486
119631
19825
830796
58744
940573
727101
792873
376775
855397
286571
244647
609918
980204
86434
63207
592920
875396
674034
304662
619259
710335
4711
663178
512910
134647
562673
215777
286675
535626
162719
935941
256310
839074
818024
650722
460381
668645
386737
393251
15137
450595
404211
665345
122898
410361
286842
620921
569450
844137
840851
613849
989169
878560
308753
9727
485517
884075
33275
343641
2848
317499
140961
290747
269141
278722
428084
157628
82277
577935
337971
807817
605000
894695
912046
167348
976647
164764
467319
529383
402345
857495
328004
403526
305047
581795
621750
355627
242864
805137
579861
516294
521025
983360
789123
157576
636941
427240
569957
105808
82490
291656
748605
519087
859135
411961
165807
638241
658652
574913
578404
465047
459056
529276
899223
685174
361835
929629
658937
679119
177129
477245
2652
984946
559847
181064
424612
671810
651100
122287
902955
64946
256348
396519
356052
348046
53379
548932
817266
530131
803303
316075
162998
581093
115716
45909
727924
247749
132774
340930
405915
294026
611733
53509
267079
317713
315635
495167
484031
444788
757146
348752
848223
712217
853812
829271
244668
172329
802377
880549
450998
80261
912947
553461
263497
672494
614035
250406
499030
337681
219741
942338
779858
585402
651540
820078
922276
981553
415751
445886
560301
547353
194348
526196
348011
308655
952175
117007
109521
905499
600815
720704
576695
725733
896032
902573
626876
294840
688304
794164
727102
683693
904106
311831
344257
306897
291176
57985
234028
947050
432345
635360
75581
356879
297608
990960
545261
56238
767715
596996
508098
237347
5519
176836
526801
840995
236560
896985
673057
992013
607024
781145
900717
273270
267699
481925
305912
582154
654867
4663
714414
344033
178093
357142
957573
993747
197612
22100
288401
376687
986375
514678
420234
354987
333031
730135
453437
412227
226726
804017
877272
905078
884394
334844
630300
853894
431987
34716
703350
510499
359481
445593
362039
983908
431799
20107
66424
437681
194267
855163
409620
58412
883954
422259
190954
279693
334705
139090
111238
949827
722287
545101
241887
153334
539532
32677
102710
163050
397029
73769
567742
926937
926419
40373
853653
76052
159018
860254
509430
334396
435235
145654
242518
398163
311267
817090
67098
183698
612522
537615
883204
542006
180504
760607
765265
807667
163886
691644
839164
571835
118966
619806
959509
216346
862998
968658
45862
555812
788350
979560
316078
272772
263494
280564
708331
400284
738726
460035
513429
317621
866889
324144
890422
172386
490475
497198
60906
428122
33284
925034
921517
747820
67575
752436
774757
801679
962193
86123
872398
390265
864304
816991
64334
306831
750030
926493
972925
622572
3878
294793
801738
687519
504714
348617
732066
138758
486707
269477
930343
321013
68307
786314
330073
389028
173102
766712
373906
878275
68193
386340
225685
65232
709959
770524
789202
897001
416538
114595
454723
504042
279996
146398
350750
756342
3169
44038
867839
548700
276318
862103
517039
446430
480005
303529
81889
623244
28311
692657
582810
706531
107970
750435
720585
542826
774630
683760
769554
686529
758118
833960
489284
926257
357391
868857
596275
801891
53448
511145
601986
693598
220883
241307
753098
998137
641257
962818
91984
938803
116938
812584
733534
245964
721984
778815
26858
695876
215436
353029
510860
406132
300578
218588
272653
280828
363150
470447
583264
902172
420095
73762
122801
478819
756816
65507
534804
159360
306874
197316
303662
476073
940223
219632
678974
745340
437300
399744
976770
506189
407873
87511
559568
886124
49984
335741
77513
462298
169431
634623
440914
955419
349595
742993
529912
102120
550624
740265
596523
576784
674245
7560
532439
753260
606122
607308
684916
641148
242830
490188
535905
680218
834542
873623
377885
79490
792871
26419
929293
206837
314684
657455
472579
69162
760219
550847
168445
75761
936169
903706
70911
392758
658269
20392
353720
993868
389484
977835
4725
902533
525719
961668
879360
255706
162521
96054
8748
130449
706337
576265
969767
369297
744725
855603
363273
482186
859597
189708
218583
282189
761235
616356
614222
285316
849086
649980
529559
399116
127802
944422
417555
273675
800237
373146
837970
682559
462296
42826
274671
174413
309867
274490
439481
376654
289265
608826
419741
169325
531398
828141
109567
427583
141350
357112
66552
7578
78184
911276
387156
765813
353089
738463
962988
774730
171983
37370
819519
640261
214041
860816
179872
948166
835725
854781
872665
283570
714694
422516
241975
374116
194470
326122
294687
252676
219186
807578
423979
334946
178026
763283
634958
68231
617403
979933
908326
919542
505051
577601
555326
705681
735848
102217
417862
999223
141509
780343
437783
885444
793592
410102
163306
83210
280290
99199
926364
993211
377715
642877
724042
267289
955632
86456
441515
52599
754719
645275
541470
862048
907508
562353
513654
879036
359527
167196
321426
910286
614567
854896
566563
697106
257507
225139
723041
6547
7151
583093
552650
655526
786328
405409
201805
755159
419825
251109
541592
245164
554532
722154
992017
934981
542456
241467
243700
841206
221373
104173
698327
229038
724505
780557
321724
363270
111619
224652
710197
647014
721205
947797
104070
777641
615555
550510
220936
623717
468864
780933
366310
531752
505445
567905
814897
137692
93081
192381
262590
636812
332614
222426
880856
317677
107682
974144
465829
198042
485863
60795
118691
527444
64776
646936
55092
530576
117747
856720
87347
786692
178981
928865
17651
880377
919936
725363
518964
641561
127207
511105
157429
245895
971913
813503
330974
824331
909878
87308
273980
328085
650947
752657
648866
566291
669648
521767
626589
48894
966368
895654
126254
418076
134768
39637
958747
388410
102123
771381
138301
60452
97275
472908
719299
683886
89306
409381
973973
641882
305884
519197
102265
449986
259590
493214
336882
748096
540020
602012
634137
259816
890537
599249
893515
97036
791712
841589
378581
94069
48171
405312
509494
564520
231102
903098
596144
337085
495001
747833
291761
524418
953526
775619
266684
683061
464809
593013
70129
384638
762853
991818
931210
214039
182194
102554
547540
956599
633771
742241
378164
247309
535497
188283
763096
982326
66379
110018
587089
310048
845270
188229
751908
97280
203922
541260
113267
601881
946097
583485
269724
544796
238508
627802
284773
282964
679553
261515
698420
803244
761348
911139
859807
510858
124874
365600
689665
343684
67279
457196
188189
362352
814367
128443
769881
101433
206195
503736
439322
513830
385720
89714
151432
490467
963823
205674
121309
898341
482658
297239
214134
208779
846536
95202
993830
324747
484011
203845
598478
404799
674501
154565
555592
225406
472321
516180
482891
131414
697303
141356
56439
329800
939122
381517
342496
310458
519716
99261
743965
505829
817272
395775
904657
541478
270644
424747
242054
821574
545190
856244
937355
831525
689861
375189
380133
337223
180033
643096
214393
967762
866538
324354
966551
9510
882863
80353
239507
469791
652079
595281
917609
18360
903156
93272
376583
615814
396427
96139
645126
950898
849524
965513
22203
765970
411391
722978
484184
974291
967848
617370
226263
460955
233177
354103
72644
555922
225083
842285
519957
110855
312630
843042
97006
923207
176891
956635
994875
635677
116218
865706
851766
849254
775482
813918
8275
447508
738733
133562
779475
961445
401444
896341
193324
919377
816487
72019
34592
50283
816444
373006
739735
368936
454368
477852
337049
638137
702529
845647
544241
889123
361375
484900
817752
470892
466641
827305
530474
65917
998408
483165
911579
477419
612669
197035
904862
119748
265307
250631
239201
158684
970986
365555
661740
504371
155017
542333
919979
991530
769197
901264
205096
747348
265817
212855
62901
364593
952757
585837
892350
615756
139210
964649
846038
350475
903849
717579
183183
637815
519827
33780
494755
936134
552955
192557
497663
766059
628407
79003
295134
942633
7961
786896
934680
633367
666166
498191
781104
155750
165066
298648
49539
552563
34329
338929
670779
975058
198641
208505
775773
1493
384200
653337
833530
465321
90381
558348
850954
48831
416887
756529
249879
590803
192399
972509
450441
228835
20964
606275
837487
279926
972502
683972
702839
930907
848374
435851
111232
250600
850619
118826
214998
342978
590486
119051
755266
260386
575093
960479
465177
835354
434764
197934
96032
80849
434586
876919
769183
44550
447016
712336
740025
28759
790532
417571
484313
583423
434893
96140
799822
878947
742855
964600
926
769637
258727
871728
819027
595845
955458
357939
769988
895293
649095
683677
53885
496651
401383
847415
508557
254058
20569
539728
544978
29301
246332
668234
267180
912341
521684
743374
199665
24490
590490
354225
270996
267021
650217
349107
276460
337975
294652
706747
677422
552182
82242
860029
54324
167805
334565
318649
817091
497350
827873
255879
636608
20938
880359
658742
316081
2331
160236
225272
943914
333244
495360
467712
399849
347936
33261
785720
349624
942727
235918
33040
114124
237736
518764
380841
590871
360625
18182
474607
938903
662595
77567
789255
480633
733946
838887
343158
797170
339752
632435
748167
719932
202759
309080
881087
227319
575425
216036
552860
695489
385460
70179
791310
304124
990019
856319
625308
177798
614675
793981
232026
362288
800017
56142
259181
215421
375728
147578
609589
501264
622723
817402
505658
875701
153004
44864
603152
733393
159791
682766
362415
981313
37210
298535
200741
183842
924021
489014
612651
890993
432727
484171
717278
504543
48755
785957
496080
339994
895023
113869
328037
353669
156082
8363
870303
361740
158192
193700
103173
991006
961186
746076
591727
93250
331455
386267
761672
117453
506497
3276
460914
226834
912069
192033
111496
685869
906809
462944
717221
141637
242682
920425
971870
106758
433499
184487
840770
4655
928672
802631
290556
50119
772450
912866
557431
225797
136423
390873
574360
375963
530882
708453
463119
136380
211095
136405
553607
142888
766447
989240
743777
657348
221448
890546
441673
33026
442614
836767
153180
234945
75712
3086
584487
64476
731964
413129
36341
504635
706140
68780
49405
24354
878097
151811
117457
470237
411788
401703
95063
703209
857887
630868
937044
773320
623600
828499
236487
200795
979277
643909
768741
545335
171764
265974
898324
577999
855356
806921
756743
524328
562282
343609
193722
733105
181553
655565
569745
476267
804973
593119
993003
323268
5492
609075
302437
465358
220426
678099
993231
590100
526048
187518
735011
115358
635378
7066
473561
464479
173770
744290
509530
42035
606405
983258
806107
485325
792251
93352
552439
779191
305367
889549
838045
277613
485597
734494
507300
242877
169474
41711
47784
546559
818728
845928
831733
581341
685182
97950
926385
711269
721313
18711
855869
862671
136563
516858
540175
707899
823782
238662
265715
740330
50400
923400
262388
367663
679840
467176
897452
2267
30463
248431
34138
48726
123636
250928
971666
687295
14167
38840
80267
576501
564537
732619
529497
571142
201659
428218
529909
111650
465741
828979
149636
318856
338782
855671
357364
817627
21004
320005
261231
538996
747297
520176
525785
302458
960881
662177
43982
314415
562385
446232
409883
633351
787737
105442
962008
52225
967333
395738
152386
129122
99623
143169
538677
766831
210552
92515
21414
273233
449293
23058
57024
930970
160414
728620
748342
93170
154039
691115
272764
635272
739100
917078
977415
839747
171240
62681
773318
312442
637567
599448
368726
950191
979200
447159
1803
808394
550890
11452
447515
914288
40191
223750
921667
418412
915636
697941
236080
413087
238966
990442
781008
676882
761422
564702
210706
876873
671395
624454
62214
901208
626605
984887
745235
386564
119039
637871
11621
940671
705097
383283
960445
731487
172714
451146
799186
802830
646860
940062
242933
805369
360837
574452
624943
759327
460789
58727
970983
360684
226344
219204
678079
693756
705951
130696
688004
714439
71957
737420
900884
479976
224083
855698
790516
457668
634631
177307
158519
509254
500205
604372
14724
395794
39332
119485
781584
929980
92922
923075
533164
985271
130447
241501
918101
177552
602959
741898
283868
742713
748529
49740
457399
477939
452850
492382
774479
325485
185518
861840
577020
454924
736929
301139
979604
259714
825425
132409
865037
598747
92146
914982
603910
625870
363846
494262
660116
920236
63756
342643
396366
470739
331215
888245
828518
146367
483381
492737
778057
407871
686824
460510
959561
975973
436360
380271
20538
232189
638926
713217
955459
479001
389994
808650
631455
510929
129414
13110
682716
694389
783657
66004
575098
431317
164062
825743
223969
532902
591961
554151
591554
453577
681467
907480
434101
272111
36902
573307
255589
948436
142372
209883
831891
393916
695081
773216
329217
808985
904849
179701
119240
195981
510188
532867
988099
409231
552235
22772
205039
782958
59930
219266
971397
118330
527017
666391
655893
867391
440078
84095
116751
223814
658792
268452
68779
83251
73276
926123
106701
719348
320548
696409
589068
147953
610451
364154
534426
57208
528124
688568
64418
527094
568269
651898
8187
942228
179293
708094
456767
262611
336198
697997
666705
778202
499496
128387
729584
354028
466390
117877
632009
228230
770873
557048
391615
110522
414994
234601
136271
218524
516227
482260
305584
883597
491654
368929
444909
752711
539587
368471
969134
913906
636360
11880
395999
477820
737446
983221
984974
945882
252728
494309
945857
551505
902098
280080
851303
353651
559386
694375
336458
173772
61748
3516
141785
842709
325887
746645
39590
844088
432443
492644
542250
892601
981778
976416
406835
457784
903573
328639
152133
55495
592226
832729
627
30662
697326
700954
126689
763552
64612
883758
756228
5575
964281
957910
959997
422090
351020
946345
884247
887752
920287
915861
912394
237557
169655
947279
2337
615857
510130
608488
540698
150967
765596
769876
726214
7199
710219
506884
953681
528784
360732
230759
746904
40181
443227
135269
584055
747436
196591
739360
764617
503077
526681
898348
632230
567362
899275
823685
711758
167472
508345
82602
811105
123582
403681
278675
610604
971014
751946
415059
788216
53004
524103
507680
973037
452326
991122
617340
875640
906416
456668
458938
187182
433532
934189
999457
809961
779032
310310
91336
934741
487160
315577
631445
743576
272344
434844
524666
424730
835070
971812
558208
388509
289625
377095
624406
756504
576205
126399
618845
7179
285295
73608
765360
284932
637534
760486
644063
26148
290118
66688
601537
142314
698940
207908
666032
888784
40022
948527
25047
582389
56204
177781
164193
44533
204668
84420
570986
506927
357320
162870
748829
875191
536933
395890
28193
230680
444060
931313
146706
697036
926376
388690
310099
958477
139656
730806
71004
649995
203068
928122
938976
491168
960004
997378
175611
610570
706909
275719
610784
466634
168004
25107
414181
290884
691371
152167
30800
393355
762911
243175
634505
133586
332663
140111
428592
304980
341915
570882
515114
531163
182771
642347
605740
912089
846230
298087
327549
515434
378987
459345
271710
957661
965751
820464
314623
794844
312249
622368
896159
596385
849699
252818
851495
749259
232768
126616
433731
335419
884415
473059
317080
117655
679130
821016
20933
303065
63576
129992
759796
45070
266318
926436
80674
217164
415717
711535
505375
313368
19806
301853
982294
913602
781788
868564
382834
541635
805783
38461
37257
314780
390554
141593
984714
171330
253078
702582
869154
251622
107459
448934
103146
27770
457758
812530
374582
23202
520627
491268
619651
948876
581564
753034
764918
758745
303210
420175
853804
496856
936560
695851
363917
322987
642066
815700
945773
153535
377734
660826
448938
987090
346109
416971
937867
302507
144915
687892
883463
32769
977034
666935
809167
105490
158871
770820
862811
960734
598253
734771
776629
93013
443254
130441
127991
601219
227858
825079
397892
114659
997984
273002
675720
535800
879897
436076
737064
821910
452388
87437
596386
857707
872385
581043
296050
310569
769946
802700
533363
913955
353030
245267
167309
674303
340163
819
981780
481141
193254
563019
356396
954216
286770
616581
75302
197724
722482
522659
331418
444864
606993
892523
611759
800466
374192
24346
616221
507714
627596
190972
438229
501597
514325
963086
484097
312100
663597
508065
419755
754494
747825
835863
119003
525064
913673
756616
536684
612648
762164
793102
283040
837772
47702
283891
588294
107841
909355
562242
885099
673550
303185
276741
87029
709927
212361
461308
508395
534865
397142
983066
85933
404477
391829
351126
250631
303383
120127
87504
433557
504647
931237
509350
114076
936221
982737
245294
521338
707376
735580
944679
178728
338794
192879
530554
47932
313002
692787
278079
316833
865962
573918
721734
447953
220540
645209
335121
742619
576034
638564
394906
389436
147311
921559
524429
461247
916751
708395
766469
73693
460612
110811
440220
685365
229619
99696
146958
758857
407002
870580
547992
327010
514636
912489
26281
619315
735381
211839
637268
556533
884035
835853
105237
713603
582632
418685
279153
769446
235930
65099
372725
962375
464736
509091
269831
647435
970297
532486
129607
934219
178961
669227
149177
654060
512682
750906
531377
435195
146229
888574
262454
80040
935765
181724
870611
990209
794399
110728
366345
526500
558492
376181
498360
811987
10944
473984
631153
415266
143901
113117
10635
40575
489604
500551
853622
669156
488209
106080
714420
946552
900481
412396
529218
914124
66888
330588
373731
272708
205487
36981
69137
123022
579790
570604
762512
49019
814008
636386
117641
687598
624565
922960
620148
491715
516047
809888
737515
388701
248446
977852
405358
346902
356418
388562
680676
961405
342964
309648
889087
312820
377496
755784
126930
441917
634042
617204
684373
132680
933264
563134
957959
130188
264704
745089
218819
293486
870809
379393
