673525
982391
809912
331234
772922
365763
780448
420389
941185
335879
690314
223546
597773
884728
425561
823687
246408
724496
637262
497711
803882
21372
902230
308356
868539
819609
559664
299885
85564
247724
939349
364218
725224
82206
702775
990613
994671
694916
538369
297690
967002
516013
716661
548548
466138
251873
481151
585724
649946
165737
631256
140011
195144
477628
808653
536165
983915
739725
869019
703945
478348
955612
218330
187299
804618
839000
582070
31146
929201
388909
127850
328913
388923
335803
368342
738756
687012
331615
67178
233291
420497
185538
634207
691193
806224
405760
207053
946496
849016
631229
208572
983117
450350
419337
648447
969819
767340
145884
411361
904671
178351
394094
686208
186660
699454
293865
196541
517461
397652
715155
948295
210974
727505
496967
870825
589472
130552
888454
782932
136489
368210
451460
744372
346036
914108
622818
939526
957901
718370
459738
882703
728166
611772
960324
287246
116133
548539
278381
203465
613961
193273
306876
499592
727428
923175
685237
99266
206626
647969
987847
54893
801434
251504
959395
472358
681772
338893
882074
740211
921901
450303
126271
615848
317024
623751
605860
551219
64230
873522
631570
290641
513955
178684
205814
420140
679072
191633
648102
28414
149437
261669
95184
21654
220641
56852
256740
711541
305157
157040
982127
644738
785557
222493
847006
637372
123567
449931
5766
84053
334590
176476
301264
690205
936292
997538
875912
778889
312335
711871
330730
207625
644473
933023
439851
598806
174882
989767
738755
651191
841210
82571
593766
821517
665648
792107
566450
205804
464678
101789
766529
384248
43654
736696
739116
620924
706466
69786
459936
581290
27962
612589
395996
427495
866517
485553
988114
892180
106196
598458
27666
623199
596677
535642
393314
229312
281571
27963
346226
61643
493005
766292
377241
292926
629007
438228
278472
214670
198821
577887
309770
548309
640474
829675
275740
763407
254378
206353
416109
405588
228180
593893
134381
210745
976319
385241
547990
783688
955280
935734
357157
503182
690611
14620
578691
266527
994705
552678
39833
116393
916457
471957
290491
143728
472810
631004
522110
200101
89180
112531
624979
33009
830950
172758
836675
388215
30054
283740
129118
515858
304715
598021
646667
671349
529695
960882
663323
914762
467025
719044
616502
77262
691106
350524
879074
11266
469562
460972
928314
392242
603897
867367
53683
388332
992264
405265
376771
665767
325717
872156
259026
6891
117247
73943
50834
369435
272433
617148
279777
591909
736686
668132
926388
916421
712022
455752
223269
291193
869938
965215
184317
712496
340450
554202
130071
8410
600464
932443
886305
162407
710494
15927
230739
457648
896708
288971
897250
859740
794814
40783
631998
471766
937053
753543
731221
287761
560252
814161
539963
365502
614367
250009
968539
840047
689256
760593
611479
465624
596550
159472
761328
865603
6186
470683
579223
91927
424099
137094
613063
92482
565847
390430
929603
919626
375656
578823
643190
417396
601871
281910
414627
69391
622139
764736
803926
356245
440296
303104
261625
611230
624508
871098
649877
286195
690996
521823
854936
808691
59199
712419
453161
23863
798230
683357
165360
428060
681022
420829
675261
702067
467294
705683
913233
299618
158203
176608
270886
744898
152804
868293
11966
507002
915841
36731
374892
350383
14690
9260
280477
627400
955331
368945
143268
713387
274796
606053
907025
459029
951663
379465
94869
733254
764226
276191
675425
170827
410263
52631
21293
423200
881253
487540
183009
559700
266119
145581
546162
655743
341013
319463
889763
638182
290496
743507
760220
884758
712064
280982
709303
255153
500598
990715
745658
903245
442717
661308
751203
232376
949546
411744
431883
682313
100253
454579
77979
533572
836036
101657
405377
948149
551318
375759
980630
411439
224895
832991
290618
222625
66618
754073
435732
639715
332723
583248
76395
493410
54832
853885
8842
609099
57979
927251
846432
950344
945806
428835
256685
942723
138
538436
202994
536617
884022
93383
487340
529377
217664
312039
115005
443423
881819
576427
91546
748448
872989
894939
569815
977221
961364
544247
335869
7198
570585
108250
681314
554875
490883
877101
753954
579950
764360
640742
544260
2602
104724
171577
936960
59463
250880
572896
942064
890824
873765
582609
387087
263819
656634
489352
230553
427618
276203
653180
79344
645321
696836
698174
912823
938751
221362
105459
908610
14556
569023
416216
756373
494424
511324
865151
264951
45788
117481
552813
3668
460675
898134
631272
535738
556959
302283
150894
835533
929967
285625
595383
822140
970557
92219
144436
101741
218334
214806
280508
863114
214078
697327
772814
683282
972362
657279
605860
732733
534568
346954
395136
193803
487817
126910
757996
100477
77745
105221
752569
937588
979310
820247
405757
677020
154139
151940
741543
71656
330530
842397
634113
382214
146689
802934
989691
611330
809038
88905
904634
484946
538650
705148
298147
628364
929261
339520
442760
963328
162475
205163
477497
454598
736172
142935
967504
798537
947752
717616
788735
477471
569456
708731
36824
726507
200024
246954
386689
366220
527246
384922
824060
692078
201301
344726
196860
768298
335862
731489
645560
357339
995927
130668
529444
325397
179306
825362
288040
691449
328646
189858
764508
664518
195328
6751
343960
644090
208194
343202
356266
287147
75224
270241
8517
739949
803713
979523
708004
729642
341013
375629
437271
127866
718659
548498
724988
300751
959571
973929
614015
520427
868476
978791
223910
534388
667147
791498
756880
251901
831715
284947
857804
541241
922237
565685
696439
934952
678369
867789
203793
786213
878840
945315
966488
979690
249119
371685
507405
152321
414006
99088
834109
148819
437671
707703
203623
721462
867082
542479
405885
630093
349183
23951
462368
112347
91195
553852
987043
814914
322036
359335
940283
332909
342098
713757
138061
376734
398740
475235
337644
382728
876390
582432
227111
142278
421650
609491
569974
516598
80899
922925
395943
504779
899374
452924
514834
782081
365757
827059
180426
71681
840184
611965
789280
862193
654836
841807
422479
60171
813608
148186
515553
899488
759695
755088
913073
178421
616227
32862
502819
380995
602753
899765
784842
390764
214346
167802
728144
695469
207144
837392
689141
670956
982129
146768
39295
158725
205872
794830
46625
117101
891642
870789
281469
987802
877047
708350
935369
831146
353807
969934
612213
632094
854086
891881
734844
732284
575493
921108
831410
631250
909337
21640
933831
400958
747512
178412
593260
731294
901
545284
50019
832501
357009
462590
399240
358951
924426
509671
936918
815106
835061
104479
322104
422202
212866
794437
657515
5973
919432
813376
238624
13710
282609
760463
575341
712992
60260
563841
300996
658225
141537
726286
170101
190268
819261
976554
808083
766108
617024
244069
247527
717268
35392
493933
257055
211523
126877
939040
33096
853312
573132
817348
147579
905455
361417
302995
782713
143019
294459
978773
966805
186633
651365
395540
90897
904228
282009
721395
263127
474868
51400
671815
26738
983272
759076
392285
731244
453703
466489
714824
9439
143270
694035
274597
82291
593681
79582
247515
77319
451129
77990
567385
752112
741210
590437
606355
412672
160016
5232
487265
80111
229096
977499
908947
55623
750283
105216
389355
247949
847494
248379
356618
103365
904864
937191
868173
958040
731052
350415
233126
608635
40050
713152
294047
583024
371209
653137
559435
624223
552085
546733
84060
456839
268187
889671
771217
832536
929190
270509
74416
111729
342447
919643
896689
721042
199352
907306
352960
320930
687219
494708
985209
479311
562224
555465
608150
292777
260460
158387
324691
214970
231745
982010
895016
826377
741723
368903
100689
511788
662368
189860
529423
312756
65035
919552
296492
482748
804456
413677
925843
195250
254450
370246
572827
138945
349836
92438
915622
940881
708296
37506
650369
820519
91656
893551
303836
482800
819972
475175
445309
305335
331347
177451
190595
480892
338281
281663
479144
245392
834699
284001
337079
223370
251185
23564
460860
79744
347318
39795
112419
821081
881064
603309
994333
908025
545900
406125
85979
393657
776595
900190
372852
193430
371699
573235
866222
826488
70575
284463
614134
482997
460006
745304
425217
377911
402288
190614
544466
619827
649762
294678
387898
255136
690103
467747
22115
276935
304697
193215
888436
475547
554390
861964
228414
761139
607750
322713
353921
699040
954381
644667
192392
179673
487136
367460
42110
411000
485592
841576
813639
77282
105189
347183
915199
497576
556555
619790
202796
114719
787551
963287
967866
628392
924400
975009
672527
801984
545056
696167
553467
240976
101337
523246
28579
14962
242710
576840
615646
638558
525081
501245
611160
485099
620424
601706
629578
36123
702622
631389
113167
136155
101863
637553
865832
722959
208487
779221
612676
401975
710901
838027
263697
282986
985352
592948
703683
196746
219171
610903
525802
937118
673154
334023
364133
81836
436889
91673
991285
828528
183471
353962
728660
959785
502949
457704
631858
563434
361330
914634
21010
38181
408732
967009
81362
321849
738204
396549
431769
1556
179940
187905
773881
60142
653335
756507
399147
948386
583355
557490
379419
657269
455322
981108
102254
51019
944364
133290
689247
969502
658722
480612
981858
461632
502719
609322
966918
791150
783151
167127
819930
232169
72579
691457
395219
953164
161246
127284
700496
368531
823819
354651
426634
575791
106601
663529
365963
754910
686388
984245
152470
298947
689553
971631
139707
186318
725579
383263
457123
262707
945475
34181
333789
215138
484111
675650
690828
300318
378215
865219
941247
853619
832253
178664
271017
730212
190662
872449
124811
979559
433894
374340
519569
12776
700249
299674
420211
492150
394146
908902
16831
770296
559773
242399
923843
539083
122048
184629
620256
145591
773398
4842
759503
131551
75539
1522
246810
633259
592275
692918
830268
240509
354629
511360
710400
524179
164743
864139
661852
34455
450029
426723
113385
580378
766450
322368
809468
137080
94115
548890
617421
468382
304022
439976
958742
753637
501049
129365
536404
461375
577950
990012
846352
261892
728576
826762
265337
492956
387300
273945
103206
888119
299071
642922
762317
716405
278602
858714
52207
487173
503487
929197
514217
225027
611382
290888
422786
14668
97801
289929
275252
31729
759352
763733
718273
247669
639807
710054
779120
433064
719296
50250
135482
587163
12323
47227
596796
200555
379051
181501
583049
696770
615789
117487
265397
385408
672237
738660
545
356170
979139
794771
231485
87467
330919
90120
76703
291574
880511
723864
175119
469134
793990
48035
247973
608920
162417
337885
206230
796337
552344
947786
579851
922259
834890
592501
833464
560086
273395
527531
109727
929718
93980
823572
707532
832212
6718
673209
618862
223204
98980
15296
853372
944242
167446
954366
725075
362338
966050
454232
797020
256065
462255
698323
657247
310280
62753
47551
152157
496058
500917
264204
875644
99274
230345
757823
934192
454297
793978
426319
482270
254719
648464
120536
483467
233211
456359
525501
522168
415991
531354
797294
957337
319121
613699
33222
597382
665575
500761
413004
286454
793674
170934
734245
707047
893626
51851
956833
145720
277715
504526
397500
714091
67216
263186
140752
407366
858640
295724
130551
641705
697286
382485
513203
44627
198702
120651
818181
648467
445393
288647
313634
26038
764081
559767
456424
143902
799876
198912
870133
701308
475920
257011
88540
211590
281444
830174
746976
18747
374385
690077
576318
264133
365687
134936
615554
822269
460409
191651
127969
520394
719070
481657
475554
351766
954217
980181
346718
173676
623039
832651
482063
381909
13611
884800
515240
720998
132375
205593
414770
373435
771291
156384
345507
964145
497223
923063
630678
281232
944529
76314
943394
695694
738082
813270
710830
420594
383402
741560
803374
257821
499418
513636
135036
157032
970153
576872
856974
56612
607595
94174
52147
13688
433178
202102
719166
960897
937357
356370
755015
405541
775243
257070
966218
866384
6496
15065
495889
356024
94754
697619
147153
607764
894730
391423
565073
692806
222287
958045
109134
693431
77100
64681
369990
6140
152899
196603
325731
889889
249513
167559
317131
281017
258975
365145
204620
222696
318879
618313
277232
58632
6922
914216
248974
681342
988790
557518
795601
666819
237584
118257
509998
620342
120440
862776
309367
86610
508723
881021
554591
254153
1833
52386
34157
839176
245234
735817
21824
97289
752141
566064
81431
536359
3308
284987
554098
491665
957524
16027
693717
437479
541503
777641
305085
732835
369275
297324
692873
490993
192800
973427
16734
845537
188261
660646
516057
796711
194264
400013
538116
482382
335660
761688
844173
785023
870792
583668
181936
847087
872862
863947
638800
647084
543135
464265
673338
956498
167810
522629
751356
518362
491367
912051
758616
106734
249367
565766
440424
951316
326675
554985
735013
486754
577983
890680
754055
554068
674051
835211
123257
246194
679041
659114
507615
101646
266882
990493
516045
542675
980257
316906
118663
618226
509980
262528
97646
942372
521253
948272
156515
720174
720466
955983
529107
490469
597112
397599
39707
907752
184310
753017
600492
331635
632057
380539
803362
374392
333497
204558
471796
120371
334940
440437
2542
309948
643099
876920
351151
316737
877315
96474
266760
506408
559146
694880
264665
242207
935253
712637
892499
634265
776636
335072
578074
695574
261205
887767
371987
859752
805501
446698
50167
548655
649676
782446
679509
407882
716869
659404
601417
343694
391690
568200
933248
718089
605134
832206
166067
584556
777917
466367
894900
587900
923851
63049
57942
610180
610591
277425
229907
843318
985016
14581
585455
32504
902533
338192
559380
449273
357007
746250
239460
889695
482898
146019
665158
440015
786421
919685
167607
803740
664862
444097
974527
834401
581546
808535
702191
824194
563655
544577
886312
112493
397308
434707
404603
557402
298081
261240
113174
50417
182034
156065
354813
390195
626874
833281
569778
357903
879808
433013
917465
369669
822808
336515
424323
977985
688171
751269
151198
765510
674453
642603
141313
116481
484599
860924
793217
528335
927042
87237
136927
579062
611824
505587
720415
693445
462637
323879
53744
654497
724716
86830
891992
484346
634440
372339
330531
488336
265648
287077
787816
161136
368411
949943
244426
261643
26
746571
929688
257284
640196
1288
385117
981526
711555
494
572215
189865
972435
533274
425528
339179
529943
62915
371526
376502
418913
896285
361331
776945
451031
979308
876154
36537
303661
607442
403459
617512
764111
383287
232844
93201
410717
248858
121270
801449
934031
624047
571349
760228
370724
624360
899926
25949
113043
574937
453602
903147
637416
187728
896862
90823
409614
645690
256114
800595
96940
56914
547680
376503
16230
549897
209311
484960
246551
30160
625585
678848
478982
712951
440199
192701
936503
388911
834233
900912
535564
152247
30600
628966
577716
343461
601814
850049
41372
338604
117646
277321
316529
679461
854842
217926
228591
749183
521531
625894
379467
574287
873024
764495
773795
197616
544629
16808
383822
980534
513947
582750
355855
331481
620556
979443
913587
307174
206888
641532
307509
445539
442695
183606
135671
795688
632476
923029
231000
819281
696742
985480
24356
365135
345199
799662
854136
683555
741208
775081
196455
103441
775344
927987
508553
435534
506173
731642
499558
877824
517346
819953
763946
369804
151300
563452
438412
122195
269755
738898
103957
52856
583139
736962
785702
21556
415707
46320
328700
270886
309115
984642
430466
195427
179796
102764
282587
335566
153253
805178
612053
37793
496419
714324
107387
392173
310830
145283
871719
486491
352603
507927
624384
631541
697351
296439
729363
468908
386472
776082
4085
947104
875725
903222
889765
586633
8302
500468
348348
348460
300882
644792
501065
930155
535851
682676
287205
833425
445071
508671
749669
547628
272850
747605
195099
824327
547429
535472
35016
664462
948386
71560
105301
57724
399488
655408
228826
751771
545350
258633
589842
933182
944740
559549
398553
32711
513204
412053
296697
593747
556047
512759
785033
340966
255501
540949
28506
650367
378575
709648
829771
175444
773188
60805
135419
607481
520068
14717
745229
929635
979981
359865
900813
69481
622179
952347
161898
84458
615445
514948
245671
165130
808134
881695
392909
83214
644603
586376
143675
24423
930301
95613
276261
338392
313987
214168
505477
242114
286000
101211
432080
525108
880273
690161
740964
633156
166051
783793
50182
456781
948680
368249
286350
23141
645748
42581
647605
262711
551440
420192
355198
426135
110166
889420
170653
288512
668223
473301
877276
721817
627648
286327
772044
259198
569763
374050
114563
925248
717077
471471
585598
925701
842651
416119
205336
838761
352336
996940
373073
102
129836
538632
932150
20102
316096
727810
223134
387212
133919
35378
715452
208373
494591
52650
878148
331363
983904
28136
609014
966224
406725
817319
939534
614236
507906
999888
220923
148366
371408
78451
946283
52698
480826
73451
774150
145726
30965
548052
893887
585884
90617
889877
818770
173456
425864
233615
603179
759237
642959
903105
424804
56785
278866
940953
870013
587155
412215
394019
695634
302500
255874
602758
851062
554919
396596
994062
965690
696964
256101
490581
544682
167892
519476
432350
120199
718064
363223
540134
74545
888990
482981
450248
484722
941706
16316
53824
895160
357174
634189
196427
824995
593431
665314
30910
915957
63101
67921
714108
401077
976709
92169
775540
216941
153337
655824
805746
296738
656999
998623
883534
105008
619931
605472
67092
949062
466374
522406
719208
181534
425185
170593
23503
820383
762682
302369
452359
810416
926101
193745
207215
403641
134005
181052
774954
516131
82840
277410
535225
211340
838994
20914
467226
437974
404289
167478
542516
440395
139196
177792
42513
316911
898039
997746
809895
570042
157807
364134
276153
18819
840318
106086
1772
774701
286436
67487
228152
74890
722983
610580
998040
19133
221166
638529
781290
841892
117287
644063
83009
833954
985221
212489
450266
176147
50975
924735
695425
475967
107561
679783
964220
273714
255700
779862
360304
562301
970841
690086
806146
286299
877463
98370
607752
607808
570252
803530
63977
567451
676394
30518
563732
879960
688543
816883
565112
472157
215222
558780
578321
294221
65069
884591
452147
665438
869774
365685
833416
319625
267285
230193
21092
686947
839965
686255
721967
822054
356925
576957
744348
754781
761508
397806
19091
353362
593416
420277
16227
811365
627457
185036
507982
406142
514069
235745
771815
134067
657725
798518
361503
668544
886405
859064
236743
291198
423373
494586
944217
161725
707832
54919
896846
514520
475734
9487
330063
394648
188050
933912
442618
617633
633918
885306
326805
811047
300960
669800
393481
5489
937318
212617
268927
788498
940177
906287
666576
513462
481096
517518
875644
635706
602862
848523
329627
915925
672428
833001
439254
252273
811070
58317
758031
729916
260430
731760
729847
29850
338145
444401
837626
449034
190986
774976
872092
379001
898211
703249
555835
129111
251800
902053
133103
204507
296267
534171
802070
974097
287266
975657
739927
93729
316230
499279
999334
903953
725702
666505
14032
641086
300444
783134
575423
600277
563255
416009
28342
267776
702933
564541
513085
631225
277148
695502
799257
43600
363162
871048
146208
916352
102874
503802
224869
546751
969472
546935
883866
423938
111455
172198
28891
887262
987148
392945
981784
823097
766031
943446
596343
18562
945686
34767
801370
508790
325996
203542
477096
894353
32422
164292
865341
485056
741920
26185
902096
995462
566501
484954
767307
755318
830671
768865
239439
438614
594514
57030
948228
224422
594329
966743
482650
550524
880850
526947
675172
28373
765697
155879
240565
762956
998061
697938
603714
900894
386162
345474
783182
890702
70667
407761
660999
310050
641324
332042
579758
780746
290524
268796
213457
798243
19085
667534
24053
695417
625613
921504
860672
472773
877224
893606
294742
604927
519990
622441
322282
940471
475392
170735
474976
746245
608709
459197
410706
520866
360300
920402
963419
476228
873397
818753
928111
248391
335252
651870
231315
77579
104199
524626
225217
165859
388085
569317
906630
761820
628586
527907
684769
545778
783763
923728
531478
158507
428362
622926
460327
363126
987385
204819
175431
602589
235209
184506
316745
362713
434126
155942
586456
136435
737484
173973
285441
804701
949832
465478
917739
271781
803051
134380
120815
393266
519232
50069
881818
804962
968878
618794
55026
113935
351334
775276
9712
474096
911422
35861
657450
528728
759521
788258
214481
456605
213437
770836
211632
281928
963055
258611
244559
911985
625774
555952
101299
280775
443843
387784
949984
545281
749638
302789
724849
326708
182693
179163
814901
657806
205898
141999
616311
219163
832055
568214
537400
712857
317740
851675
353752
898744
101521
267313
696172
756261
966886
226007
458456
841353
531129
94097
954884
724523
451137
566919
926261
611406
630837
89447
22473
181070
971886
485345
514676
678133
635740
220293
564065
532846
129130
441592
273642
129248
886990
193764
928790
802123
74138
454181
826507
588502
838364
149439
731328
755528
450703
911509
732967
829707
406212
674169
93853
595073
278988
547529
792859
378949
139967
576968
245819
792021
402228
469848
652167
782206
949205
823285
597033
206026
595820
153301
689878
156580
468252
371487
895809
731684
646239
890784
980197
251522
702356
302011
610519
623101
123549
315289
928511
860359
148119
667036
364428
948921
465999
980689
798265
880629
532021
18481
850436
859612
6040
879852
202909
390764
183324
348211
501860
634133
488898
922959
829373
843053
790122
476395
751567
270776
847694
826238
73788
160180
488561
763388
55158
95256
953618
480528
21241
307789
234739
459539
546583
726823
981086
158568
128503
194792
467117
535452
411861
30630
362830
382441
349328
321535
173521
871007
77848
716309
510543
356810
5618
86264
577112
566078
424033
690671
932346
775855
682640
511642
144570
169217
406415
627495
321820
374943
360201
676951
746022
846293
191809
581646
186503
812892
702403
335957
229820
811246
565472
997366
758516
540054
114918
689327
434978
825559
621516
536547
998839
953564
876158
342636
768260
289884
340578
550766
871827
41550
594780
805248
759603
581439
193467
616008
585886
678797
195862
280680
341661
523516
464728
849263
726142
136185
419034
718899
751911
502207
165487
504555
262326
963920
810142
811321
968337
673654
876168
136702
173478
135033
377973
402676
525333
898906
92892
819730
452901
864046
889409
396776
774415
698563
727610
851412
730724
802597
463770
927260
474015
98505
869866
889451
463526
419827
726201
235096
31130
405814
337567
155560
363290
787001
974812
963088
122606
381350
118968
546636
446213
142548
348193
671395
666638
879508
848378
337635
10639
326371
205800
888060
637878
262973
549317
949002
94400
860990
596972
781538
181878
279893
248995
690746
158948
241741
311960
63193
785450
888098
598157
70523
243673
283278
623751
903355
530070
484002
73754
52299
882304
513545
482389
328611
488347
147139
120923
796093
780991
526286
73324
770929
965365
329641
421687
997893
772376
641680
789331
694496
750494
62968
896438
62717
627978
978907
622831
356850
477492
423103
897860
259133
941662
997821
685555
125821
356621
10568
131430
930509
474548
573311
865192
283809
725556
740576
670746
200132
359225
551896
846547
206744
723772
484117
886435
340248
184208
752695
218802
520268
184689
79888
948955
94351
134693
617932
735615
391345
439518
732869
104341
970772
235694
751688
662718
111185
300708
94645
864389
824854
861644
13147
464765
952975
624255
412579
58050
733435
102581
245066
86150
139569
241818
872812
903368
258433
274272
384776
319363
726640
285591
401947
878980
346511
61494
464632
927585
527176
817577
108769
975280
379339
138421
863809
202865
757447
863228
86908
764871
207478
605405
946016
954043
290556
731370
143673
403427
460929
413268
555206
608073
966370
911999
491476
297564
388987
669089
420146
235157
165157
500710
246049
604047
433676
863031
703153
174135
684547
256947
746729
611082
26779
952710
405985
949246
879762
823055
709941
366558
316771
126340
956821
417122
739308
503895
9889
182214
936436
103556
868616
723245
489242
376321
935410
660196
665212
853457
622119
576148
330695
32455
255344
361753
971778
87716
653696
844034
700535
607677
818380
194232
62901
575823
488840
978273
240393
687557
6761
384407
232172
37519
279976
827381
11071
558397
219598
670146
138733
780091
612599
116902
627655
326563
674386
288275
747360
788540
617386
607919
424646
509637
3708
504203
573629
669976
265837
438839
822508
833300
769739
597148
666697
352731
975346
997256
29603
131677
15246
13038
796528
845012
689740
652227
316405
785848
13862
485458
900096
350823
642734
767662
724849
459985
442804
413555
100183
94392
393734
331503
837075
360314
914884
422136
320462
90338
277003
548261
620958
68425
653466
543970
286396
913837
703038
76013
13541
32990
173805
6040
956472
454171
539992
849044
849036
819439
54976
998897
976181
973964
431593
662507
774788
731368
803367
921906
513357
271333
831903
39863
416571
263008
337873
411328
200651
598035
297749
716234
524773
353841
795381
336763
477660
165314
507457
820423
122642
707326
800811
390582
224432
80057
553299
805368
271806
904088
914507
769088
93986
995928
380827
830488
539242
419440
475918
766759
70756
997371
275174
339020
433124
385000
599633
215284
611463
46879
587047
738349
750460
347673
981994
237373
410634
493423
794618
939361
784034
893804
9014
21556
195975
567886
874839
52554
200992
707434
147874
920351
237165
491540
760429
617040
820566
587702
202913
439182
813366
928859
82674
194593
714893
167943
253744
684938
689739
576121
63941
977461
730114
811614
357529
776601
89331
344740
66450
950219
6302
36223
434375
67674
978024
853291
411900
133357
747827
600382
790366
910745
275081
522956
85043
138285
899619
840392
269647
628108
999955
625083
947241
360292
231758
56952
255947
446833
960531
663314
593515
108407
479618
686387
347421
909910
894612
191888
994341
38391
769951
392212
754013
377073
53344
730974
83749
518841
416939
591165
927813
37182
131202
768530
300012
876315
419530
283875
829591
705475
224233
732449
47641
586939
607438
212294
609504
319292
955140
536226
488120
561915
300187
597044
144262
983451
863361
895416
875788
367575
926361
932186
778817
252752
774371
190775
541085
704781
411367
682391
990661
865686
149165
95391
588113
851356
625091
493657
319073
192866
217273
717773
199380
744318
372275
581035
657209
397375
465966
89950
248130
268163
183418
792279
615169
698400
838969
862295
652081
94310
639239
870128
85018
809385
469404
337226
361311
627829
675839
119329
81037
591332
825090
850991
184841
275279
939700
816975
378065
404033
477779
416974
925471
820596
934615
834782
555472
903964
260117
10997
530191
424127
645867
632321
810591
850714
240108
92355
650147
898217
558706
342512
471163
110163
106689
817939
734528
770589
286593
478527
908486
296574
585771
978557
6827
819608
144723
688188
20544
776509
30547
698728
102628
397975
979153
887736
297733
239777
211194
664062
687041
510358
959675
328208
634184
915904
311403
260062
547714
876731
840982
532738
448855
459563
51170
660147
963001
957659
972310
532516
766784
391619
386718
545736
193070
64302
839468
124724
799163
721022
992281
591164
769281
104190
803011
569694
232178
856675
946960
851165
109100
299182
81196
665422
831750
994596
586350
689367
940954
598154
181269
304724
751970
554276
135367
351625
700741
161969
318901
349263
526051
740555
287325
577946
397274
772410
749751
23067
735325
777166
11063
637879
493066
903383
972668
888531
611453
735838
301381
956194
641816
885232
277327
387136
317513
789722
883213
21572
775291
490882
493564
363147
566256
56461
989861
149931
290074
93998
543171
217820
644962
588323
645888
325525
661406
296693
525229
881779
131919
52665
843311
872406
24753
809455
973050
134881
688294
175700
398744
32003
911495
748449
580653
212130
954066
505655
459528
163064
423411
651676
343909
29431
480839
795399
633514
522056
7816
32744
814871
529379
182210
177126
230756
133911
579119
457177
258402
59932
864147
813545
284699
734855
922927
460498
431860
698453
891315
797262
141002
473997
859126
854679
577239
96446
695268
368470
79705
276858
183520
273772
579132
229034
499424
107211
582987
828298
171648
69684
769375
514297
622774
397452
163631
579669
534887
437981
785502
913484
447269
936364
32128
147707
431443
232973
948456
183000
733791
351008
608797
184157
671230
194639
505079
571173
221034
618799
689174
639580
775872
197286
863283
800668
436321
118432
205545
288987
342732
72773
216555
877179
435382
999077
540644
964619
371151
759628
706027
483494
633304
484707
699034
541489
163731
587810
862000
682517
426787
621951
846432
770078
904021
294537
254885
948998
676095
370850
447884
62954
766158
431182
898536
394798
714153
913844
289563
926002
475160
346535
833353
614615
21714
467869
227842
472696
958095
84466
645004
529817
15453
611020
391962
777346
942748
668910
420500
227856
737011
553476
570630
924254
362597
181084
386204
679574
336417
835943
924430
850756
62989
479271
117539
85447
760373
733932
273930
269025
997865
656611
140099
821484
151268
520882
47439
889803
663467
195035
156660
719759
188679
881546
387647
243579
616484
159377
761543
87709
160010
970702
456970
394233
967403
58899
296597
153360
630382
341038
807944
980889
89432
570523
714473
753289
918052
518194
368181
91869
970438
166033
296816
498935
11271
719511
898136
911147
686089
689512
728164
712173
408840
852657
852710
500675
864353
985159
879395
196775
758633
216401
482491
76750
539805
798916
435033
208051
810103
329105
72402
65197
371808
17902
266028
81411
17523
257563
164103
71372
162141
686428
8966
813098
543812
825422
593631
641028
385760
398904
382518
319910
166040
266387
934856
367608
336219
48432
304843
638524
570599
68335
282718
991331
858481
702669
927365
377775
105769
890993
603252
211021
142398
795207
319986
526868
53335
957406
652375
971971
725385
618494
910117
340523
300565
633915
921071
954087
691072
410765
699854
234193
493585
492430
988707
406323
169860
259134
283061
217695
228341
758021
173017
919779
202162
397903
915697
385071
185193
827344
905852
544502
956484
393005
96274
799850
909907
183137
838497
338229
176719
520760
413369
921916
63004
27991
172069
217950
591187
559110
102225
175763
579577
531182
937010
823170
782269
3543
928220
666163
67969
407911
68624
999529
69240
272452
514444
793475
591137
901252
433363
914666
296905
535874
990829
684061
76
663618
89766
505084
963257
691708
611392
806506
201460
342216
106907
851227
881727
900761
989949
671797
386144
391595
397559
222859
501163
275279
450201
121726
349266
444488
230079
118713
889682
693538
267622
781830
421954
661526
189291
196744
172382
357953
732802
221835
279655
48122
395650
702258
501675
560462
908190
378730
681116
16337
61313
122817
856007
47127
947517
761645
238837
463420
359948
952759
533147
295252
272285
148693
8291
679376
333445
991129
789599
824979
333366
802676
659090
696725
865890
794512
370122
364634
826707
992515
380589
638341
118087
931682
718718
927551
607161
222275
224641
459071
755986
632799
625027
607442
297142
697048
603039
294947
673999
718274
581742
708380
932468
70943
621176
38299
368431
323082
253191
226112
700212
541645
562404
274537
868524
631683
857873
917863
583711
729587
334569
939685
131755
591040
959212
941316
640198
809923
39866
16463
548628
602826
905545
658993
729118
514789
384455
666567
792217
275779
170608
878395
985125
150866
635628
533876
760790
628355
414994
283102
537701
705043
78785
367801
641054
853941
920080
532906
682642
346526
350474
218267
33329
418911
117698
573229
139794
915386
206932
611875
469312
123018
836591
149643
614339
442224
632222
410833
656569
498668
868338
23406
145434
603254
7478
846721
703614
167851
224451
847297
577596
688529
257793
29070
676387
892192
515707
600815
768322
691787
583646
739779
90489
834175
42247
107700
118035
85047
830622
338714
119033
694398
417002
136122
611047
485914
394620
311134
262906
927719
117633
74145
768385
508626
514885
186617
816700
307254
721897
524352
585661
215424
213857
40844
721287
175001
861561
697333
575171
927761
358455
891656
905527
809280
734098
115086
794518
988306
780936
855923
422372
630010
479084
312638
396852
972185
122846
554932
435196
882424
843864
152194
468462
5691
174131
42316
70797
237028
424722
115217
93292
258340
642902
859987
828884
800992
469244
66811
805272
472660
683658
104015
134148
869281
499524
24640
69172
487794
597254
748864
557724
728217
578488
874123
177874
885015
851753
697367
841314
831222
475375
134784
461610
572847
414411
480929
459746
473822
500237
926532
450542
300642
427564
804831
792347
604856
264071
842705
527156
159466
574417
385169
160894
988861
249855
657789
632137
204646
119579
674434
583088
15105
924330
388381
466776
362551
377399
722701
114524
585647
769080
796871
78334
200703
561029
980379
519599
151715
537580
564833
462635
40783
393423
605782
115621
8734
489719
974754
34983
274001
738516
939384
75057
556712
833366
205273
55816
314558
504197
672464
843807
939515
42514
79186
163992
384337
8607
863639
23225
327647
898793
273379
411593
268378
372459
963290
118809
425010
713905
401650
510044
322142
413819
972431
319770
417481
981485
670368
9495
843290
162084
814255
945892
197142
530808
61507
495720
632626
342306
885211
400040
376690
798053
20317
944394
71491
624808
580177
177001
150734
220051
550041
66008
481325
123098
9800
156129
333249
680803
495135
900893
760041
698939
566627
116774
944288
294228
375171
880292
548811
997657
828124
616645
565125
701703
408125
117126
557151
332612
349662
569859
122219
886038
8190
597317
306906
318561
366622
956754
680803
897085
535839
526673
839841
562161
35127
979859
943228
277315
892755
784985
347183
799147
412471
162246
111239
332581
923444
321155
481106
206791
254532
281914
784231
312965
872242
654934
541633
606389
685878
834052
14442
128895
846513
902127
573707
259964
252517
170106
991628
83
589634
26841
304533
346194
181376
527734
893089
426396
102187
539214
709668
232914
259390
895998
169942
388871
192037
267706
440761
226068
268178
801033
329222
95066
601409
868246
31209
501571
629721
462784
36648
999341
563571
508639
446039
698965
311427
601527
915054
908986
829389
906106
724929
409137
51225
417877
392704
567076
960076
799932
684581
556533
19519
184153
8021
945933
684576
712653
487030
73915
417453
409470
353874
254868
524524
438751
194091
367622
780768
71378
174625
561752
267503
493937
688990
288675
184772
861162
167453
343567
991777
964587
426335
916711
665911
647512
902842
588955
368111
878865
157621
214477
151206
708758
707911
719655
265200
844520
226877
33907
362099
156952
35005
847670
463222
449878
768914
752593
382220
33724
914345
310527
369356
540759
356332
917498
430798
163522
165281
549553
769764
418710
632491
28288
193770
192815
110529
139183
423674
797659
433843
88708
563580
308542
106331
13529
843694
827856
128071
114990
421061
561347
891258
985981
739527
238501
899153
947422
608821
346588
376612
496065
307154
466309
375323
996024
346653
365542
423423
778725
865762
554553
528336
107708
875709
780148
187672
705864
983245
293173
815114
886674
853415
646423
806391
565087
971197
327889
378108
794481
451452
23042
840102
126271
743086
248025
893346
17353
106895
195285
773394
466411
263464
670288
603452
663868
590755
758078
903989
399737
583782
48435
152293
725999
335937
689051
123438
45296
851371
919498
297732
957824
287564
582443
950012
722466
560024
399294
624910
297611
376618
886207
792150
504046
961004
916894
215928
254535
300772
685504
466831
541804
369773
623950
611506
936457
156554
527999
382381
669454
617935
326522
77158
601371
457024
540098
763865
677991
722863
705952
385296
220894
598673
289537
953495
537138
351693
650111
466196
148086
472320
874184
98003
759042
558449
488518
466962
804556
666015
964703
349494
992746
571178
683842
484032
24573
252072
417441
88322
570880
25330
401169
35353
632504
260258
648415
102350
679996
558039
81121
882654
492309
31856
536788
954163
464341
916409
238130
612733
364859
294850
153692
409529
280488
10352
877240
649681
125611
95829
282171
479384
368805
538343
721012
666040
582053
58297
943194
641979
685842
280869
350418
50150
220037
797670
313324
655387
332197
743482
199413
777073
779847
963735
399735
95194
464313
826999
313669
644112
634776
129612
97286
997848
890847
774770
414778
804337
978043
24087
480279
142841
58609
518567
561426
611411
395618
62828
342698
243212
12038
184478
633889
809739
617869
734930
890665
332214
741115
922273
501033
688006
423160
533469
285889
172159
433520
170559
777214
518201
527588
28783
747761
280593
859630
389508
352193
873538
994580
956675
879107
304031
252792
729743
488509
911519
269463
396869
663798
827019
347412
914424
18735
294802
740342
904354
496948
655789
620748
861452
917167
18484
797213
70505
730516
998536
655062
158883
285762
849533
60562
572063
855509
196522
500756
811642
744846
234725
755539
634464
795360
462253
157941
709711
547836
583997
404036
265250
97997
992004
278826
701640
410387
571207
605076
165394
817263
602221
30517
387018
477416
239470
18858
6736
457546
427824
501551
468193
862212
752503
10155
542710
334035
657337
701088
658170
34212
957027
547202
631115
53412
556367
843315
700133
942974
609623
867716
272806
373962
180945
343927
100190
815572
263434
37434
772377
548407
831900
318767
584488
674746
464695
641128
344686
739659
592345
614856
180918
608886
296092
497926
315316
573105
429841
456158
208391
893524
954534
188196
742668
301919
946915
624326
829371
176655
887628
991875
989891
852362
527776
902172
73758
763643
20412
926643
633474
96215
138312
959663
509992
723857
286752
834471
703015
869651
485162
295296
23926
425234
142758
680342
775275
796194
44474
515319
180044
263055
648838
552754
546121
72638
173521
948940
290905
789880
747319
490048
93498
819537
273676
482743
207411
795390
649793
166743
108884
753976
479926
132702
181691
154642
909983
297519
994283
242840
517128
257916
534154
140923
45688
472913
540565
540426
360889
681008
435505
539740
961900
760906
483540
645142
979207
152513
204713
935695
421327
648474
565690
802472
382241
907308
744048
805920
984724
154123
680061
267648
479578
914262
35947
161161
761115
195617
382327
111565
963539
967275
819757
119017
780903
62865
910272
223021
666019
578512
188744
439669
331007
281921
221193
544452
819361
505408
437335
751957
380021
273218
253008
871598
665601
830688
735872
172850
202259
748607
27320
477987
692826
851362
342904
239992
539955
744567
465538
617270
790552
65212
65516
630758
975266
719233
50472
736443
174533
44909
133469
88360
898601
770169
311451
931536
751463
526046
398773
491798
581148
542963
612231
749376
998220
