340259
229336
691161
216669
127907
313808
952741
918491
206211
814331
246241
734250
500511
993384
44375
532656
197704
646577
866583
605852
777468
27089
331058
177569
676106
582123
158031
628636
737548
568714
709800
539672
904352
772448
4422
43341
51524
432932
954952
487419
364331
692289
913668
78697
835927
451965
445846
286323
569338
121032
905955
181863
661361
104891
443856
686595
48470
683162
423089
883853
101480
608456
439495
565640
725817
962531
128239
89133
573852
267955
122815
639093
294051
199900
589242
607030
627478
879869
873081
470746
286183
403915
922062
875168
27339
613336
263468
272398
572912
395355
188903
340503
931348
244632
812854
759647
247555
709506
248960
192079
511926
395644
360312
673097
561808
316442
196963
867282
27333
973548
731600
383376
974469
69089
850847
182561
652615
601861
981162
618042
133141
838245
839054
107711
165007
654419
875872
853756
844885
271620
631115
617070
506067
647636
200805
97818
919700
175584
252215
818172
496571
121291
927747
65741
815492
773445
286136
101006
572940
862695
565599
71882
169543
895666
530740
742292
819994
96909
44375
724849
672461
84195
150071
880324
531276
617881
83847
483907
158373
421925
941198
377734
179170
606631
570295
885560
189913
379981
145607
214786
331481
355596
497696
577952
426855
78881
733748
210338
254457
323526
851913
431692
571517
901354
432740
965690
798296
355357
969969
6710
626882
493632
168460
518854
34256
661172
818023
186785
991486
494020
594215
769376
135128
5965
931703
403715
644541
91694
53819
788491
28482
225156
992338
797238
544106
679703
740653
280004
869162
580640
646374
975356
322911
741746
598141
193506
453142
208666
556211
202278
924640
296800
834097
544811
979857
490363
51432
693783
897153
433948
768854
43247
866333
215980
824596
96823
323404
932083
639167
849788
318954
909373
645471
571378
994313
245409
202007
387574
787628
963492
708058
629363
397389
65190
348091
491009
427016
861890
919472
933137
157770
696213
259945
625343
321319
292797
876279
590235
914444
76546
528750
726832
225347
887221
751548
218005
637309
849904
543404
797657
564831
640343
355903
944643
11758
81698
256706
51779
555009
374641
701579
196220
725217
587341
360145
299516
518144
235394
282213
75642
515317
251033
351575
377377
778194
473326
378382
105533
936444
437981
533873
304979
961657
894701
536498
757143
806145
51906
6184
232402
480525
142525
897108
396422
907094
798331
464463
182676
432958
731064
716755
255718
761250
264052
908438
483722
693309
253137
964277
250969
817373
341375
182311
373173
592295
364471
139915
196348
197474
428103
540657
391951
676977
38037
246406
786386
400357
788066
196309
882307
610195
849551
39736
667954
290246
171468
409585
241666
132503
19763
394748
98781
280103
418810
297331
58362
630426
770389
725869
245245
843925
978269
262742
198717
970522
553224
895737
113997
419718
277871
833515
666280
306584
128897
678275
358552
633417
35686
394329
901395
898870
914781
715393
58345
187179
334784
24472
540975
998061
461284
658788
953626
921293
76537
900558
234519
851904
611068
808600
767038
489692
539658
226259
692347
891822
33967
630479
29686
346359
229171
972445
821176
586166
744035
911319
654442
412783
344127
211283
206670
878296
901293
776828
738823
270330
963796
47460
296677
523349
730984
456554
664101
56752
899110
66130
525929
419063
498008
856731
519749
499307
151003
531822
303872
528234
783511
361905
142453
970530
215833
274106
641812
180782
303306
838384
659738
434979
423257
465885
348098
421547
594687
753347
366245
165378
250670
854969
919277
564503
101395
598041
436077
427265
553114
531083
314102
741879
822751
703455
60850
949656
955207
198632
630829
904532
746673
480226
889489
445117
942142
55479
229539
553693
465047
926846
391241
214864
360838
728049
963678
539867
880146
411961
990214
212879
806474
976635
20303
996907
410055
686318
645910
970536
273953
245139
880259
785363
104972
755519
415619
857721
431753
855951
73682
991966
278300
577695
723696
519426
21144
352073
82870
540765
637370
751265
691781
452913
978059
920540
840851
829320
749762
82287
52039
153239
547631
432793
402720
621903
16195
66517
396146
350853
315122
585270
202113
62239
528343
689632
533512
991047
552063
163398
613723
378082
761688
564349
410643
60897
589209
108452
256731
947241
901187
6462
638890
160461
689764
145760
813104
33035
983335
998165
879937
906081
293677
259937
968441
201470
828651
765598
869823
121438
952314
402467
58942
212029
75182
804330
597282
463620
752566
277920
710168
945296
433890
47588
786304
897018
91716
929415
605589
985383
833047
329923
733025
410178
876706
879075
679269
628079
196928
915529
42344
804145
900223
919139
226784
983038
309978
505006
359194
106363
134121
937650
207133
596469
979961
286274
193709
936927
850737
373211
259156
280019
672773
84842
134365
891452
809848
198649
136785
678514
999943
344709
207133
743326
52091
296979
435406
696964
866918
549470
243042
823095
401032
643932
892901
87261
995825
588480
409372
598947
372505
934752
70107
612958
609378
735552
848326
310458
90408
460447
398539
56827
623162
493030
948008
301069
272565
47384
525374
533036
44942
196262
262370
211459
771317
343687
951191
147800
350278
241670
161438
2920
720686
985468
760019
447985
219924
930856
585128
154011
813857
163733
894464
470477
14670
825888
784296
842914
296105
738607
590737
558588
285402
368892
460528
319108
657864
173826
479629
910801
691014
253551
14868
919235
870796
574501
844199
336750
957765
92141
368207
716673
493761
510450
941294
994657
439537
977441
433285
2420
377007
904186
144113
520427
861169
21335
545827
586931
755030
440926
938904
901688
154051
783163
585605
706744
365200
775453
776051
60540
340693
57295
460689
377417
663234
228226
242693
686366
836141
593050
81852
369144
144543
166772
815784
740867
746841
748580
425336
850644
491364
569698
503131
127208
743295
860002
206395
69813
532701
168422
304048
537757
108953
501395
632820
529518
274369
758654
723875
733259
728183
705094
752054
35407
970400
340657
832804
329419
569051
175014
598253
679199
900644
198760
462582
537333
800986
673589
141195
891444
578105
983991
596533
432194
132753
542553
468090
51355
9689
613268
914186
170813
568201
15963
558115
471696
220815
751321
758117
367855
942865
582384
564559
898770
427358
242978
638880
679155
728886
647864
490662
728160
354278
765104
154040
22657
533233
925204
18932
500686
163480
786809
415227
384782
203406
429854
151727
590650
943996
638870
556085
885311
347443
381161
184543
195274
996167
547719
731304
112552
960394
948719
444805
334903
244342
903376
193693
386127
229493
877671
502842
241131
642728
621074
577405
948715
45238
844094
26552
898914
602162
333981
696718
772215
337847
62770
769948
193052
442035
104265
864700
211919
282636
296988
111131
793427
81842
464647
78279
132825
690360
289579
132118
387308
311523
580148
698968
591477
927770
697897
227996
659290
79819
43653
678976
464232
530352
721756
400354
293980
146284
39730
370025
19716
633484
752280
37160
96052
496619
382526
450259
773752
40350
283706
893011
392599
988476
55741
508881
843634
442349
889030
147211
160953
802287
271570
833127
211720
950217
955621
169186
886557
675436
340884
965649
597587
176095
557214
598406
263299
898628
248694
866126
573884
439150
165437
799120
937943
194907
591869
683406
808338
298774
798708
132093
449953
159576
155483
579647
983442
64947
926765
449299
707948
613564
897099
217008
286198
557449
309845
356633
305231
644367
87848
422307
684246
434719
101875
466991
449587
595363
707284
439024
370323
572657
636425
714194
905741
560580
205124
735929
716661
44991
528616
449138
328018
809991
279972
435048
51799
202165
96099
366026
492738
613104
2700
75075
39805
440214
200714
119137
910268
246714
989774
576630
171358
755767
603528
582676
181859
110359
86649
286299
964727
581644
471454
816450
178672
113402
532268
789086
751048
686320
377981
159747
815215
233697
647175
255505
129335
211045
541926
69436
899556
134496
388274
500825
33098
202104
943937
778027
921206
40422
860078
783496
431874
261128
684719
891172
525979
474235
322588
534518
180165
977619
161040
14007
421455
559177
646215
528133
222960
767751
528971
447005
981333
727549
983905
917344
243480
769927
661602
300061
317023
289743
593890
542406
535924
638229
1537
950848
96511
350329
570780
29083
849052
55204
26681
210057
574763
535476
858853
692912
881208
192805
285088
505818
154153
83682
570492
195213
349675
36006
447527
623932
228341
916142
548725
902536
585057
145500
800559
622578
468322
939285
155110
669462
598290
471409
487934
506015
357449
371858
879550
962058
565375
539781
962505
389258
65574
230771
383314
470054
733357
773165
849200
481549
248576
630100
93997
672184
256804
98536
714058
800379
630334
417128
909975
115758
953284
649557
858364
386054
387338
385253
958228
297781
21722
152568
207769
708787
347111
420755
56855
976676
489187
391299
889050
569863
589329
645402
252729
663848
888326
652471
383485
639279
278787
237107
329269
340174
993789
135061
867458
666333
183618
597371
728086
356151
102925
117822
653823
213699
68600
554514
780088
144052
829502
674977
685668
293572
710309
58193
502724
429092
849397
520914
250252
591582
100434
427337
268817
89823
782466
110328
531770
379428
402402
90769
486899
343796
692659
45411
467067
904483
781611
406004
793770
878301
459720
451070
563813
584493
976335
726695
692386
737513
281355
380514
665917
735612
406634
120348
7545
84420
580733
942531
889610
648611
768550
334068
675451
724000
764525
667480
492216
21219
437969
808207
978381
383939
440273
690375
505755
450542
217200
40534
20462
55185
505188
703802
693095
326528
846583
548430
239312
37376
438393
854600
965662
612247
136729
760780
425167
543913
319280
909820
930249
647619
471963
672261
131411
461758
682802
336445
846618
291723
730472
880865
88804
275470
830999
712820
481146
599142
137989
768101
255813
562342
90175
201079
374163
117877
830377
107808
681378
145482
857958
386209
847455
379726
693616
360517
284629
385084
756915
844940
395954
815758
214681
314055
197046
890280
17791
382858
988438
984029
843179
22491
185760
75999
696298
936307
455380
597871
876177
112842
203692
139731
672870
267929
935955
192826
445121
272984
416218
527395
487553
597180
448246
624987
499436
343851
786676
70104
851091
64787
628997
284194
12221
298609
11957
79349
559028
575954
135719
119294
759208
744830
23062
887318
657843
572978
758649
880979
7909
862952
289139
108909
606006
777606
233875
183318
601885
709398
368310
960577
765976
178452
723541
541524
526206
895157
226902
743066
640632
294105
602397
308583
456431
620365
477578
897714
235762
112336
535374
399440
826892
695173
949480
52548
462818
811085
375276
825457
802539
959317
455693
908737
161873
733662
718734
402282
118687
504676
499447
113019
985326
684741
255236
535654
213451
346657
259585
875428
598567
581134
907461
145606
78708
979513
874985
672616
319362
587241
201042
522895
369654
463431
38975
380167
308341
962557
527630
737622
273258
403936
187845
377913
171680
67183
894583
580618
545050
276405
187253
476593
211408
241186
828213
650397
872609
280887
986023
123494
643306
799676
757267
149452
480747
113896
617165
980430
255695
945718
222199
559815
179361
403491
389541
141860
696981
559771
795248
17865
191181
789838
533571
860329
589252
117454
971749
485382
639828
750791
390464
83995
806117
225466
389661
689768
135624
409016
491526
145082
418702
530241
307287
603295
166337
329249
256648
783311
470353
525898
824789
134416
880689
895889
847218
243829
537975
323603
211453
33236
919828
515627
10147
307479
227583
175940
683154
415477
32404
297083
829857
419923
358581
538300
47222
486609
59471
430783
150484
173980
947258
703863
864825
593808
962256
650997
355369
478852
234970
457974
454545
173380
872740
458071
722828
753593
570109
805969
874820
730278
792159
343590
615075
938619
504732
970503
37788
194931
983542
747455
207518
263078
360403
90927
153003
463875
420429
124145
314193
863252
280085
992943
19697
527405
534047
297313
71643
841422
981158
163692
849345
660707
547150
461311
79971
698888
95030
381991
503369
703078
154889
607291
395558
258293
610686
681250
632951
725221
825119
34148
800148
273778
203029
743502
574716
683334
730136
733175
564004
358570
144605
331546
989455
283851
585729
470884
636019
958073
680315
701293
367799
776969
976482
802217
264205
741360
400585
818721
631786
496720
262862
607024
385215
998786
307624
193714
117878
662185
402090
273717
230896
854579
299376
193794
14737
388011
676893
417120
423921
170893
233264
591574
745080
652004
625507
275284
218509
51881
500422
295766
397362
494870
561029
287955
234021
23123
704657
160055
604621
997329
919736
737598
989732
343070
266105
79097
851479
39595
970649
432782
878734
275993
932609
193011
649997
793310
898281
730563
505432
549414
551588
575395
479392
61842
997974
68345
780994
747513
107139
958917
102834
872820
338508
170217
356205
955372
241623
944021
992027
293437
880763
8972
520512
288188
398105
990601
806913
903199
399504
921752
625028
681540
181574
770174
739246
885116
31559
587287
594419
555010
79373
624669
842372
458415
377404
117875
81776
983932
279054
386821
706505
829646
642428
766035
844353
236181
465046
567956
119885
746756
170336
133011
305271
221174
478355
807999
548398
483015
847915
767994
776670
192872
789300
838063
273601
978836
541803
191759
808239
635880
91216
510702
889128
660477
102001
923742
444621
607324
602216
69105
547859
246079
616418
654174
182587
370201
443118
829215
34774
358007
850405
868115
993243
780880
900260
453434
581900
71692
155557
638159
664649
693591
531191
82295
886680
405426
735904
42828
436256
189769
39957
414910
289568
583928
440092
440384
439455
255448
297309
997841
244828
461821
469472
352439
341058
493474
282064
124168
310101
563285
238430
374406
635087
951911
688874
547008
932718
840735
55773
109147
972359
452182
578958
735881
688837
428302
821339
918708
115858
22526
313826
443550
575612
537027
635327
486600
597476
487975
406410
996683
273292
778493
665246
107164
84801
410763
910223
46051
39077
198784
634686
335940
656354
99701
851846
304139
322376
193093
829622
660699
562152
305542
808141
205670
683074
317365
772760
727388
187115
518186
552287
717003
981549
367823
606889
631532
93544
117951
989492
294735
3351
219864
480117
413501
890974
833962
454179
369640
153398
799238
583145
223086
175754
254716
533308
490823
438298
319560
984153
684006
258455
873942
573230
999934
407627
969668
991663
85873
636931
507886
778681
800143
303320
913585
38064
958952
200638
714944
228519
808920
98099
16214
655488
881577
50262
266065
192848
171197
923957
326607
515518
262575
468894
413144
338854
97246
269390
350729
766929
849316
752456
86598
113906
697612
240402
130463
520187
50660
209760
867090
233630
496443
301802
429106
104738
118966
40566
490936
31872
956592
199964
544137
151612
713737
749674
648902
445007
623698
939534
911483
805507
906499
575993
758713
147227
191923
92799
943940
373287
954918
92953
305648
361149
798833
704839
592882
264411
808726
998075
384605
133043
577314
775239
991302
15157
922531
595415
973610
964825
812675
673519
709885
441583
821833
404409
286988
208861
80680
936480
583691
979186
973161
801739
522282
261869
757063
898489
885661
951601
746522
803740
304947
229007
681283
133255
963775
59194
731901
711562
945240
376297
174556
520679
603721
329448
333646
29728
913448
233148
474699
882393
88309
93025
895610
101156
684083
313628
265610
776744
752108
984125
319009
268335
436836
612549
666156
559477
4821
754596
736808
800893
336978
281990
65081
614901
417248
665983
672061
510894
615149
678880
161254
177771
195632
946001
219988
972190
925746
577599
777894
73062
804164
574942
721533
609785
775712
647714
127381
17509
521597
786083
964945
614154
204211
710302
506466
520817
218729
173269
11669
486806
748900
988495
622334
937005
5166
474514
502536
832369
613150
922386
779103
430078
171191
297737
203669
259623
241313
913950
812272
124772
779678
524114
618589
615599
71172
523577
592895
115818
621940
596084
696994
256380
864317
273697
131525
685025
84220
875648
791936
732025
336956
854255
362961
942659
654425
847461
385769
532497
759963
538908
309653
406054
497353
382114
378067
573236
53402
214354
836601
292777
584616
70124
310873
43579
266313
387131
892741
903498
567840
66082
126344
416130
18959
8960
773955
668473
833619
961352
265905
947479
483832
264675
939032
865463
89078
254166
374026
597393
356019
973887
543143
470307
285776
62615
850847
72619
195718
34268
819444
570227
405562
656673
42353
613041
67788
91305
501248
873582
102834
504796
203901
272414
246273
450361
964333
127519
212503
13392
294850
849542
17227
443380
62889
619197
468499
118317
619904
892969
545890
314938
828257
257693
160405
620891
176240
43182
31274
972112
790783
454670
650064
756358
295578
740149
561662
383434
858198
734620
832727
831681
967925
533964
984754
467989
504279
721232
841610
258823
889841
741233
751284
488955
797611
980909
728317
713680
545088
320365
472842
202134
976227
241418
329029
533725
996294
5193
356323
61624
111397
148501
562194
634726
509101
833563
426458
237977
451341
780934
289179
60182
577995
42099
527553
721987
603806
899127
486502
514208
468710
591570
981579
216757
785978
761449
833045
495702
42704
556065
855277
328459
160519
695141
122581
782950
599953
214805
186673
503410
593339
876526
520356
198770
478181
687111
528378
164776
396697
65358
326318
58376
618526
907623
409702
552346
485068
701552
282408
752241
10585
306319
880256
106895
334667
16718
728043
125163
467361
356746
705043
559699
646992
48374
559349
417796
901251
978621
391596
778118
757646
981854
647124
903296
332539
680742
631628
926463
40468
527557
901670
587724
835901
127115
834700
744633
510786
817750
648234
946830
360676
460511
142702
468458
465706
19556
128302
294845
826023
221583
574231
475487
608204
908873
142924
183475
537614
653888
895267
760798
623859
610909
82063
595780
804183
447241
587585
854468
883142
231738
478964
461411
348000
945573
177591
721509
860655
558267
608238
690838
597398
59966
625311
947813
482763
731302
683022
111098
700024
323096
377788
78229
158345
786400
566658
203285
704021
86969
603176
743916
416067
59697
892557
871159
508022
319753
547112
767906
124409
530185
618188
619883
788271
146385
338340
896999
965665
173810
31687
788726
63098
793936
818608
131024
445235
682811
859521
19070
191942
508497
365345
575471
677028
913844
432602
586573
407774
439185
37743
93361
27997
764361
637263
29651
870657
990262
161386
257755
848705
130245
605896
535201
79051
911168
321847
637127
266244
861682
569043
297617
250791
633147
976694
193135
769450
188425
275618
945513
500139
501195
244413
761611
660912
340990
838275
672945
440006
899723
664197
181037
942343
445611
674703
936691
141415
533418
878632
568993
945811
166547
130996
59855
181040
677043
750679
891166
381329
316620
599385
367874
316731
203097
229312
454952
899314
374582
710429
676097
771747
59999
59482
112974
883163
982041
400755
853999
51715
760083
530870
867235
473335
775692
777733
929697
835337
506991
815956
406471
995219
579093
772653
604518
927740
853666
99348
412074
42609
614602
770807
797987
547764
803392
706702
692856
707191
51833
846776
312988
163914
810242
799841
734657
242574
699548
102982
677598
412918
759531
498677
676873
45794
656148
972431
200999
801371
429330
578123
719544
23551
178285
173044
985502
617902
481065
456153
803519
216458
763419
789963
671481
93504
609566
179770
491872
230031
10770
321390
277788
96976
947162
749536
231851
462878
714853
343154
353573
487078
245874
747459
274270
537484
217910
993310
842764
242000
224537
212703
351438
494075
563311
375288
713388
122034
732473
414182
198352
87583
987001
29824
784807
319673
599487
727824
193443
129903
614034
165447
764430
173961
579257
157558
282272
213020
467547
148076
610538
493984
269547
579822
979753
642867
155224
372590
112655
769474
428375
178076
388743
116177
35207
47345
764551
125081
906208
87137
244177
682952
387285
799878
420009
377783
535638
506000
299195
999193
616263
307172
451871
800843
653266
630040
739081
673831
707009
408473
768047
944514
926452
545575
102852
359307
385985
491211
537045
100434
198228
794354
292287
443960
938071
930990
769050
439526
916512
514124
599135
511569
914967
124526
94720
481656
439100
270833
245973
597510
269732
860018
901265
515202
763820
771542
498583
653548
581673
851940
304027
43726
42790
220636
980904
742021
240935
37211
53938
365449
258130
383227
405126
354738
180539
167315
553755
927058
106667
459861
652035
414525
91047
129625
319508
489676
934749
265047
261643
124464
375418
623278
763260
149008
745360
534255
447615
148481
527709
985576
717377
644897
117987
27847
204892
272879
344119
685516
955455
443318
394598
905307
488559
393332
661104
962812
202850
56598
428655
337113
746265
630313
319980
652762
393067
737752
45632
170575
627687
753711
418572
612467
736044
27265
463569
918593
280240
315291
691916
496794
231362
292282
107550
666854
900450
732942
445428
971369
597323
669454
208269
74413
781958
57705
913971
678249
738149
807222
31972
516479
638149
213236
943127
909859
423651
181891
714953
421070
36393
888891
443420
392142
151956
944686
970118
926800
63432
285673
515482
949215
738552
934133
283444
824174
183976
772652
473003
646882
41271
638072
34106
485859
638911
197716
524260
122681
144154
596799
847836
597511
276121
284211
581313
843517
319189
942578
701485
266553
601170
74114
947432
746981
599873
847767
337437
298752
254591
474142
588211
408451
330088
234052
823605
388906
844893
14178
420468
711881
441185
156286
922460
629180
253748
386954
690465
103885
55435
492963
151174
547379
465224
13331
211467
140779
491908
794825
633604
84976
795535
35831
557522
164871
948542
312435
714430
952807
614244
323077
571872
157300
826675
220759
268143
706765
997503
902900
524561
676120
149007
122328
961130
479177
129193
648728
468990
488894
975222
302379
250063
24925
774939
248280
571961
419166
520315
871882
121481
41443
862891
488959
382191
644121
88868
477079
820746
231836
714847
477693
680650
380455
635043
436772
130269
452883
310682
870771
170123
154719
141757
596450
6883
543088
476551
192726
247141
119236
420057
821143
765177
189625
986559
350637
691521
205646
557530
121238
42126
465873
2064
962083
561780
816838
840574
891908
235758
603038
410695
306040
157876
141969
292558
395224
262368
707521
857639
926495
251313
187962
416987
999298
886332
272105
636156
198186
95631
776773
348005
375091
784061
235441
458699
706665
49683
859531
153553
841847
559269
732573
186972
158918
633405
921149
440762
279758
966492
308081
370847
227166
725911
713162
165343
432212
496259
910866
483282
947334
713126
803365
388614
996328
156731
569766
572381
643547
821573
533354
789054
597639
984255
281439
408925
900110
870153
920562
449913
314280
523401
32741
11700
408003
695051
660526
700479
802930
244323
505524
311133
837086
931343
900120
306488
773359
363287
580556
805052
636541
325869
398878
202545
611028
631260
878128
586093
281180
362636
650047
661983
241137
675346
668603
666575
13470
82089
703673
599387
129064
958719
708703
176000
327205
820428
740752
36096
44264
288742
967405
606317
807518
437014
763666
997101
589731
555128
799471
421332
248076
221075
338399
171220
746024
147098
925151
610764
652233
421890
217304
714785
669291
749442
267880
634100
69344
206785
591662
425736
970205
936571
423348
640022
452496
143532
461366
641176
441532
182295
246831
349548
86
989327
737123
415684
227914
358902
978247
185605
907665
65516
454596
360623
819199
242429
780237
312931
589117
503172
927345
334872
215572
812647
281808
619538
720389
236860
969164
143574
589509
509674
767164
128212
15857
224372
803489
921327
505468
768423
258748
19436
923656
142129
777641
399635
512066
512244
637852
794234
567891
533877
561175
161349
984297
968677
715211
450207
328683
989494
852184
385762
625272
509858
845914
459700
854603
816200
748565
101942
474197
855636
541766
101078
190589
437275
660656
875042
839211
691189
181650
485097
887050
922880
949824
327812
38436
623363
164418
966729
678257
58618
375862
990835
364594
525897
41407
589343
826754
474055
762718
955686
677047
570530
247365
635052
495627
261369
280073
939542
612810
978102
152337
116480
876290
678943
684889
519668
887734
151240
906647
791408
112776
179115
925468
67067
125339
525967
491178
941117
164222
367141
511818
581522
802065
666293
324262
598514
403316
76898
433907
532510
152062
298964
499669
684901
505007
738744
903885
388630
762991
681081
300316
558959
54807
964311
169420
412148
260330
806352
132220
22793
400969
13775
888154
877636
625469
586805
832597
910242
862832
33153
236086
966797
45063
533536
789231
206661
538761
971176
540250
145986
544603
405813
329668
580464
899528
291315
110728
810046
553305
861145
57513
893672
436361
811973
263686
915694
154224
626919
672333
90840
510124
35706
566006
300416
362362
375053
784933
772815
476264
933242
558024
74038
570058
420002
764201
222292
800278
837017
51188
31308
358275
354644
762245
709221
147422
14242
172953
470606
754247
291538
715613
356782
157577
274922
561379
576950
607395
619056
540445
838176
729649
837045
868426
379045
940405
508739
893669
986115
174046
27861
456309
262067
895786
268942
636934
549696
421880
464532
831987
332970
489700
518837
438359
153500
61498
409477
306434
63697
748725
344715
922640
299018
162529
685717
300858
386082
836656
83277
645907
662580
332748
600327
40726
246445
608518
303213
737336
428687
479815
585414
174454
308703
914613
916765
760320
84952
476597
907519
454600
485598
109499
953583
930602
434807
851258
406318
53095
547635
66323
166459
219450
286358
940340
645114
180179
640566
715113
831050
779035
661883
776861
726510
833750
791291
65595
976404
617248
148678
722628
78065
740956
783632
812401
309654
884992
512052
878194
143478
794574
694205
143059
505217
53191
313178
30282
307925
888274
882304
208612
818394
830195
100364
933598
90088
367098
934880
284081
439949
685813
542080
456948
362424
677022
472404
845408
351213
148401
581417
341486
597426
575703
124479
263723
745312
572494
757647
270652
523754
376369
658855
716087
230172
932762
875445
316676
826210
339984
469632
694065
534001
280103
931484
511949
589580
537737
206947
689961
752668
45997
520528
723744
520183
267188
552621
729405
766891
308887
767626
726461
352291
51379
105975
60872
948842
24707
657246
773320
130995
785645
196914
519541
156901
61461
349990
182099
549311
708784
973762
454184
218814
249970
85117
947904
110011
120232
138584
113743
458635
551770
207874
972980
432168
233231
132909
321159
908886
159649
972700
635170
539055
155628
155383
953860
207857
577710
914516
71483
864172
421356
315182
630956
985487
194495
476986
282360
559083
34028
153270
357181
402692
848402
984254
436074
900072
955878
717950
148559
607315
419111
456690
15588
824753
917361
941856
501130
348569
780141
736014
129857
922774
147706
198167
548936
494899
334046
181786
458825
222042
497340
745985
666321
912821
259680
828174
676634
568691
493801
953758
444255
704410
560356
478663
574495
188006
283059
828822
80364
448515
260605
248120
703595
924254
134209
901059
657957
395612
156957
924453
847933
156906
714719
327830
966081
312234
325992
211911
512036
224199
319439
882950
746522
819576
835997
150891
962303
627742
285608
620112
305951
1425
956978
986045
246483
520404
347237
129688
729884
346839
188865
232507
291364
630442
965206
218066
900124
871787
4869
934270
175511
471548
868469
914277
713364
412521
199850
847067
884454
705458
815387
723735
722160
648823
992805
648315
966089
794070
949961
653216
255422
333135
750346
783959
55146
786788
734488
640503
409731
606546
661726
129194
789116
338218
562991
343598
287620
59667
482031
419235
902482
333266
494974
878175
671129
761639
512119
881764
196966
91849
205048
705992
332827
629024
196816
375826
928892
364759
187632
70178
824046
369482
473501
950093
447376
701358
234742
187094
170030
869948
437608
140711
860379
958125
650973
250002
386669
419135
415353
113694
971026
452741
741816
866382
476045
6818
771003
408923
220856
948172
712231
741775
862936
583140
900026
654889
502879
435418
311855
835503
655945
190194
204460
494109
430139
705689
778761
881084
243061
600569
280748
385905
292068
635103
675366
149690
691988
416048
111460
314080
708746
942649
890205
906518
466699
481742
359580
170233
256176
353351
195195
77842
670405
890956
885834
755027
804573
901926
849005
761628
842153
778379
981914
558704
55751
816439
595431
213809
888836
26742
52774
621721
125656
111575
970240
308592
976436
87797
226654
314985
165688
279698
129592
202216
493197
166136
42618
338957
936576
50284
806781
372063
936124
70623
238230
471378
554555
223053
749431
380862
602437
152237
213331
598897
179583
767757
14472
384305
835959
317241
559689
917399
750419
787655
707395
47352
730889
122445
111111
740130
551387
643620
458022
499472
792645
435749
494584
456201
694900
891098
880008
50762
773168
663851
470859
48742
462852
473397
805040
323769
216087
82132
65781
178468
207160
897926
550792
642041
338310
308389
304084
233936
598202
553821
915038
299470
627540
183997
564689
75559
650993
97580
431306
648008
886423
733151
863930
479988
94259
281080
974910
703260
527176
77886
126591
604943
759546
439109
866003
240876
976390
920492
187703
876429
66277
210284
404622
619320
761505
991528
891666
499296
41166
302192
221557
340747
85798
940207
956449
195837
177787
519711
178911
308925
209995
544023
610746
761238
375283
269583
455268
256987
456966
424134
798393
27051
158266
263323
424110
814793
402462
239823
68603
525771
714794
612746
873338
506917
195894
319140
277760
203144
497999
335799
692435
991520
579549
953870
712315
961581
381189
901049
209765
274911
176387
934319
32685
29765
713833
252904
944434
628308
171882
734920
793827
992866
531813
456333
463617
293622
409338
986795
36849
802456
544757
312997
402336
732441
327675
824033
17129
563854
178876
620717
875822
607464
855845
341020
765476
121193
687606
562030
655379
502341
428677
800081
506755
1801
677053
187435
172883
797463
417796
803154
800734
612400
4731
217915
51156
648392
100659
216269
20019
304144
586984
911760
215064
929499
424441
54931
590468
936366
195726
279523
922911
117008
702942
492219
774620
260489
794623
707465
144267
664435
348694
324431
731853
284807
208663
644307
854492
35545
850962
153040
289469
810489
291824
413896
730840
615811
215362
588782
994876
67112
57127
984907
152786
920520
484752
412370
852954
125551
759912
975216
216063
91996
788773
850397
307846
690151
820820
670220
191680
869687
374017
909465
652782
96177
136407
849241
704125
590661
651393
937702
404586
350274
709254
576604
926163
274793
436652
730030
978739
165517
717337
928666
299147
47487
124646
582503
770238
564890
14523
92279
678484
162418
988236
801101
106703
90729
528757
60570
697713
530827
44631
216570
269476
77240
425978
737031
312313
38164
304947
692163
67463
893249
582528
644417
577870
888695
934838
333654
144
415890
444536
161735
31913
17786
690690
75330
905668
839056
29538
439260
981350
770003
855966
153402
293240
687803
670291
492045
735499
252897
233806
439348
843412
906782
852391
856207
827641
856665
85139
857730
338574
123561
43674
513028
456922
427361
889643
520714
302
789852
581520
974174
119641
498817
105193
19955
113020
697636
484310
740264
889487
724367
26101
428267
246231
314111
345393
389358
204392
281946
390003
108090
50762
591912
95237
130304
531897
404673
863427
737715
626040
584603
663695
717232
748891
72477
116422
59459
412723
379768
94154
680340
230418
979501
401970
609944
491040
895449
675588
988872
259741
260379
162391
219994
899211
241186
470295
536677
564202
168553
942649
732028
656317
939175
447208
859943
982730
297545
73158
443775
816097
169067
490677
528786
895681
719298
4829
981052
590365
163155
809559
331089
55955
597291
824975
157157
881938
281706
418321
614528
893374
177621
722427
688466
746510
153685
882822
892750
748983
845911
280990
906852
59968
218334
622757
760397
91845
209180
443828
622586
192054
42103
310133
892976
883876
766223
824581
856008
226542
343071
989561
525690
936269
640664
658956
708512
121020
996983
322315
147250
728608
13359
965287
965567
510064
773315
663047
534134
433338
835033
342913
32607
177373
66645
423323
780102
884528
517102
62771
860423
336427
786166
225211
275920
264823
646028
532114
674184
234188
366149
97923
201026
746895
831576
716690
88993
366086
54388
618180
306491
236009
211289
130572
720644
309311
199170
643279
209291
572593
240438
955361
853284
186410
114602
206134
863559
610831
909276
668725
636404
459582
987003
171693
445260
826138
960928
95164
986809
606624
677105
601869
814030
891793
675702
658125
868212
716618
660700
457245
593701
750052
816519
163589
80913
244716
296587
429674
71675
549850
894737
732740
402641
974122
893341
784484
765116
710877
725886
232346
19750
609353
747031
752417
183535
843274
240566
255280
182930
727868
876134
303552
718061
660618
248697
502097
930932
268771
403636
326157
64398
543222
688379
741403
981512
880106
526844
865312
582401
322201
874059
396568
892457
227037
751679
791850
416953
588219
590043
69392
363540
86751
364753
803969
452230
866280
54382
663623
677302
29381
613977
535722
652079
169815
390277
107082
549633
684869
688136
324280
608039
808786
898448
183867
763524
768157
887650
141968
573600
87432
632761
238967
252367
167266
777011
789734
105289
433102
344012
933564
24949
717167
926000
933064
881921
861687
547038
489327
132263
659156
570640
384022
848843
988030
204578
95750
897075
330021
837227
126782
838156
748999
721623
105323
950203
937013
397592
308494
416934
964396
563492
113065
375960
212923
717148
329641
940057
307761
244281
26291
385040
649452
7105
617982
96251
707029
355608
162068
665217
319335
728677
802172
494500
102137
952714
444987
800174
884695
900525
100197
473628
884316
162739
786141
837026
159020
461176
34436
763258
96591
957509
643571
579600
191934
900497
410473
847671
682529
950537
452607
144034
564442
519248
650673
718197
240589
844421
845913
146154
494532
475470
698072
644724
577384
626799
750172
502796
594498
412556
536725
885706
569805
179836
817818
497553
355299
194104
919393
167713
11334
706813
120269
721163
119646
494186
817562
617736
482632
441297
716676
174119
937308
314339
984721
834576
667468
534660
672659
964885
496138
119667
422876
233864
933959
73006
589274
611433
710901
592939
457602
95959
922527
722386
615140
35262
362299
776857
823052
539755
666859
982938
481167
561162
684083
356567
234213
155490
912113
955890
43244
41920
362690
707267
98224
377003
440757
723689
786863
709305
436857
126014
314971
59192
106656
686571
6718
609726
72532
344569
119227
733752
40761
598629
206561
90505
78581
881829
481414
837400
977794
13995
759028
163166
191983
44950
5079
26456
508367
26582
119446
977636
4239
51625
808552
27893
109633
735752
653957
611971
554076
496733
62294
721678
950315
405721
926163
177148
689710
951558
90047
685075
188694
649375
828316
757481
988601
497370
182601
556694
47957
831427
344886
602882
316701
453755
272799
493461
825637
716008
758545
602649
174165
249308
351264
220524
772251
590528
237776
240434
646148
288411
668658
980670
548604
282256
137407
73384
975674
812745
628921
785382
889881
542121
324379
368406
922169
406326
132276
955811
877172
865792
917497
861968
282255
981098
922410
312304
552104
918838
361243
958890
922372
677014
287771
428101
498605
379376
94542
569555
988223
419062
331482
8180
311074
709374
759582
863455
155243
389387
746974
531814
476330
128594
598217
827524
832388
963125
327675
278741
211231
283401
65473
474262
614680
429175
970217
486588
906570
868485
331536
174658
720780
641540
432370
88766
902552
24474
385032
912785
328394
768221
636510
402656
798530
862890
84215
854182
458101
765636
592644
105588
532383
190953
767138
472936
232975
962746
934978
593481
697068
510910
435025
917870
96593
31309
85234
429161
16273
20197
532479
295287
121190
670229
156251
508321
491021
446178
896444
452862
587114
469172
151518
603615
671119
985338
429376
491015
217347
16791
396616
914654
519316
68285
208108
13423
752066
323874
262449
445958
972780
400532
343002
962826
324533
504801
150018
776732
632290
153048
782058
818379
877965
618498
621983
332610
678728
920438
810683
655636
137240
106848
206001
439323
960289
408064
546925
790906
91674
767351
953992
507459
72664
485303
509941
67786
542793
164137
674075
333109
646437
822859
262343
384589
249960
244894
400017
16254
127599
480552
35735
773088
959630
749008
2132
993564
697606
272937
663296
212485
313495
998515
133510
251442
526971
147425
579877
398973
664473
411562
632395
180788
703117
877704
528157
360142
282709
254691
2851
485606
866556
743396
919671
281716
403184
162956
886093
65903
807978
357158
142380
425386
883458
624464
642169
283518
202611
33598
250527
33245
808406
772354
87616
781958
158878
144718
407221
290768
11987
509195
156957
291270
130974
331503
424947
287113
944324
373846
499221
967397
396506
978528
338160
279975
713416
613393
765782
256240
443006
782596
774733
902844
368653
476108
112179
239292
856187
943637
499772
209839
894831
41330
386734
225742
171218
339630
761627
786341
499967
136594
927750
804512
175471
720673
80571
448295
160203
579759
572741
206884
381790
365494
17196
863695
494975
49038
735391
315228
653868
373212
891389
922736
394900
747265
211757
903520
269458
940481
419736
31986
720395
542384
924052
100663
608654
341242
86215
295927
405026
648289
892568
264021
540088
692867
900616
46558
491468
261986
899030
473209
489970
25067
109071
231785
217355
514956
907398
242514
702834
340719
158766
621447
266833
840899
827848
300551
53034
708047
656480
645182
324848
177089
716470
418265
187946
281464
929142
906712
760725
784974
570693
792927
256207
456458
55275
727138
387609
819440
251708
278731
483331
670072
166292
930386
179755
503090
29560
382644
65570
330609
506407
752228
348021
804164
517780
582545
640968
617768
464010
518866
9234
79557
498605
812149
842887
34614
108478
212839
552649
399044
557678
843335
721661
740721
221138
658197
362940
334140
259528
840833
458388
942901
870816
867293
572036
565114
615312
913613
910285
627574
847060
970439
635687
7549
60175
447403
45564
617073
820098
675271
848495
107807
748690
23121
669300
645843
975475
35649
638662
43897
977025
940596
991820
242184
258773
50719
906148
498261
238650
720454
268914
672022
809246
334713
893449
670373
197204
217851
437281
332910
505197
20865
607598
28244
844113
344997
466409
469000
162280
984805
209037
42478
771504
545908
615819
820399
694725
486839
759207
920766
580509
508846
325791
769230
172331
841164
192065
211863
238493
479535
884770
839884
957390
966579
49474
566024
963900
618762
908085
745413
149990
132627
461411
546773
193056
868071
314050
207345
737344
542500
750837
609446
908460
612167
331947
830828
413903
29666
686411
291809
13051
484214
483994
513432
858566
782576
675598
586288
755348
606649
414356
481682
615097
904248
498378
230012
358262
981640
111846
752253
937605
841953
430679
156954
549853
14069
246839
754305
150791
249550
689900
261061
460007
38472
312873
660807
60656
659247
646644
315101
964148
96572
757452
242689
479436
801300
495087
335813
540502
565353
871097
209526
229817
202830
519589
754406
642128
188092
469587
792911
468800
503552
205874
666642
570575
571039
232707
525821
933749
510885
954158
628267
76086
981639
772584
338017
256867
620251
614000
968343
751838
219013
158354
914481
661939
839294
818192
626317
434352
60133
904022
134091
925425
38259
222709
389443
686761
817322
952943
842702
410247
336326
626623
396690
274476
405293
77248
409454
37629
623850
868962
578415
196039
955362
5433
820736
798023
15053
20851
578427
443740
627923
157511
809704
74183
559452
50178
107700
740212
132564
343587
127794
236702
52818
244684
78429
97796
586653
726370
113085
44167
668672
609300
888633
828405
923602
349462
908588
192899
550854
434457
654121
110359
710741
61162
731319
722122
459468
95758
878118
561538
149293
776365
882931
12997
924926
422848
338252
413856
386682
937095
394067
648215
774910
886500
757721
99966
952178
403833
804772
392081
886754
672502
169821
634557
547970
405035
876169
775997
189540
787494
373443
496675
682097
505927
877030
85600
844253
835436
293130
985147
643111
947720
12365
987069
835622
627069
598453
529284
173965
994591
797227
910996
128301
8506
38151
769682
297639
282338
940212
242683
291168
881967
993269
664054
188424
834975
536486
995606
874538
510620
874406
127694
384022
431241
557734
648517
344841
160352
699430
43574
919862
79507
813215
191907
570372
857416
512352
571359
35716
386700
753059
623204
547740
255426
595065
99164
904638
985189
849116
679321
583080
941516
538604
635046
353467
477437
651377
206280
135146
128163
472331
441812
506679
75093
909931
614787
917980
564953
610454
713818
510370
490089
148926
667667
735997
848611
569682
883798
333335
171874
660306
750061
889101
776117
146963
947734
548258
660766
358457
561437
514210
520661
410286
825381
303795
322722
41170
459781
94859
675982
903701
649425
136652
81236
593726
258154
116719
771929
64427
617825
403862
877707
31494
910723
691113
972235
32777
459693
998916
495774
969636
950926
22133
415516
231179
818756
411203
388270
519491
768268
17513
895820
425699
43661
312989
57069
258050
507104
619573
95396
950949
596467
468483
490263
62389
944320
360422
175930
33376
665687
891041
80549
629473
33215
6545
998021
291028
349426
590010
924768
480194
287186
350731
70708
787422
217857
644897
471255
646754
686000
80547
518017
819468
985190
376207
248364
595704
608598
981115
478600
862737
604140
679168
612182
164685
984493
674584
539819
593901
493772
264606
431130
474547
966222
905323
59206
33669
979115
742019
492433
17253
557639
388580
388983
407955
344646
877780
36989
792684
245030
675390
652543
531559
227487
381722
200345
816332
615116
471095
503847
213081
372488
745023
736545
591
282019
637808
122524
747428
87685
387054
789360
296313
597956
643338
539235
750613
844763
608821
67767
908741
163782
295692
671726
211308
694293
169709
28799
205065
795313
737260
443283
105067
2592
73191
390645
865454
585498
562556
5075
450628
197336
977832
126720
722803
196245
969452
211525
401356
9638
469935
489588
25722
564729
3108
679401
518204
973055
75303
225012
887333
215951
844882
528788
531457
810491
948825
777718
346545
958090
654355
255815
983989
4384
414169
451827
69963
259802
257177
475769
185763
448826
803466
598371
666137
378311
210179
942457
583288
135093
284427
800905
308594
992534
810898
964928
795897
233591
751886
648224
441616
779249
7361
886116
267708
272544
292371
765346
146446
51090
586924
760818
571580
370050
103271
837410
727346
76343
574090
378349
591368
376623
327712
263793
755252
950258
98478
571773
315089
599091
935497
636202
364121
762175
130295
232402
190744
64612
236289
905651
162922
277137
625843
377637
140702
493741
728099
461593
190307
681211
167966
643065
730119
579550
315674
369413
425869
614630
263467
439361
273463
671191
634287
775510
463059
107728
84887
965124
107994
663057
988206
941970
521325
689070
705946
918054
694631
566146
45285
562294
67672
994514
514553
902907
723998
488881
383795
953865
249886
795010
103509
128870
21688
258729
301641
241112
165784
778643
133912
42941
239274
483830
777058
266953
11979
496888
958534
57846
927668
753706
867372
431047
491075
562174
50598
537120
483090
650891
875458
727565
747086
805651
985472
490927
183604
763862
384899
333291
772222
456250
342435
629157
923277
71796
545523
669303
947309
911612
391211
625936
273127
343782
940573
163058
317003
89274
550903
879639
959275
231457
573399
890798
13410
615286
83976
569508
685129
626754
282689
893088
762076
716510
365682
879258
412091
876442
870056
811946
522557
265608
348806
186206
810291
486059
996322
422067
537608
250562
787227
758554
216150
729475
411756
962216
864346
174198
