95942
369366
281398
304709
766411
509636
512061
795142
128515
904114
254982
195081
908062
569341
7176
564280
979135
677495
918151
465853
583598
516323
595323
591269
483568
217076
782333
577825
475626
481564
984107
512797
902527
1302
230865
126878
642153
415809
458204
122290
441097
187235
330875
932887
487781
98841
268998
385528
897282
734373
593531
435385
974768
760524
944610
142344
621383
529183
252917
949863
669160
804493
637595
415824
267172
291091
526416
558707
736682
573083
56929
231116
367383
829972
541100
30471
895846
640018
431832
928259
252956
785991
953636
585669
349425
113772
85550
183181
382864
445497
695755
220355
499113
905426
930120
86883
546723
596675
15175
957206
740055
421199
484582
697911
777991
779064
985611
820639
593155
715433
453791
691099
237183
639
247866
717153
296280
953827
542423
311035
395804
381845
608807
161221
403983
914710
927314
374175
430491
379473
376915
386304
749313
406951
701516
993035
383281
237427
857309
51869
342645
451151
921568
844076
145613
321522
86915
174165
677733
234963
305936
476278
916613
449792
904409
978962
162347
738906
436699
373478
91120
888690
297801
635117
427905
384522
787220
915703
78204
569753
449003
409864
782657
389671
839024
21580
17655
676723
749130
934746
188190
685301
220893
646545
141252
512644
42275
828044
298994
469613
765226
208961
86912
165118
391636
538213
481874
573286
108497
691176
473598
815367
622483
3618
353642
697602
841988
211879
152789
75674
955428
290479
467055
444564
60561
171040
974537
830032
297020
11202
47194
619060
233720
262851
907919
547264
22049
392023
630979
733134
846705
848209
325173
632306
902805
309986
584686
223026
366161
454578
509937
741620
283551
338289
426801
701023
345666
208277
409985
753199
211176
933915
22839
670793
794119
79178
770405
276510
660969
235281
578863
940133
715391
177504
726235
618867
59783
758584
969027
299483
923086
930931
445129
600128
189811
506356
193558
280589
874035
419788
852374
253948
701166
755668
900919
475718
591948
451381
137961
495600
447480
972134
609640
88621
500543
650680
140638
380649
940071
80810
411771
107361
163488
425745
339732
457141
250352
450373
736072
322730
311499
692943
317292
723280
619523
633432
174500
688360
280834
163433
71381
119460
163993
637701
680206
719072
827635
396080
293300
961030
814449
926178
770045
682729
291646
255890
948197
178313
287632
23537
167985
551314
264607
587271
241050
289567
851408
164832
835714
698872
78552
839147
172494
236113
861330
987919
837566
664506
810304
114245
592618
176194
151025
320111
146211
653255
462978
370974
913643
160915
242817
48449
724405
23015
259131
421085
816949
320005
643956
596348
801510
135033
997488
721244
255041
409209
104924
672621
276858
64672
417349
77668
7867
446073
972794
971758
432340
784695
764628
873267
362132
353768
973909
649228
1931
125348
765751
668695
8044
962697
656572
359215
370962
559909
886783
450784
954011
950093
800881
676591
411178
845189
941822
348765
827869
223517
294104
737783
722719
961890
362767
296197
756127
208512
510253
326365
847455
374891
933169
353203
634515
568165
164800
704438
952869
315088
114736
780207
439859
495980
828055
229400
495818
874609
871049
431834
771747
668793
57267
652283
804501
189377
946652
376748
960664
613534
969943
828751
297280
988245
963246
596474
764259
713628
586271
103170
318672
968748
227219
480475
571111
329488
749177
806540
787463
296108
350264
261387
302434
17348
656707
261274
945018
92162
738021
105379
234273
888892
917410
978545
417285
341906
979605
47003
74060
608505
719752
176703
434589
607663
261946
633363
105233
159907
976120
905305
204648
130203
226430
328181
301484
788990
403285
710574
497295
426807
550952
2722
365654
382614
584673
868349
14830
666407
672627
362093
214888
960917
607439
408074
925552
648847
755030
360774
195791
244525
502199
687910
37930
363527
49820
593235
485121
504036
438362
157342
762177
147080
507650
558125
933178
475351
557499
315453
502398
272782
270684
799224
721884
2201
445466
714287
890538
132775
513353
653953
579346
184783
384936
758016
823236
564206
68399
538113
609775
912877
936875
229323
48591
165431
300336
810447
777724
850019
793050
189997
860837
644897
576119
227867
555476
709629
315105
639661
851459
465128
649452
767719
266608
888898
362297
269531
890094
746732
800013
127828
808549
91636
748328
95095
926855
691548
198049
745804
541490
509489
939732
821614
392670
75546
49164
842374
761207
476219
322536
917525
878831
72962
454455
252608
48545
104328
974517
923145
833613
376619
938924
20848
609946
540173
843144
788162
171059
20100
754201
985745
33081
157981
695271
407557
815824
314401
885660
220280
371389
654178
561722
339221
708253
844639
19531
547350
171552
916618
221229
103298
378605
758876
852912
856305
429911
803795
901458
481170
479655
110662
473682
414401
258014
771251
606513
425935
494422
779616
378490
528066
880181
3926
235686
360095
5956
722423
965179
280806
587467
936016
975259
671363
807357
362165
427762
910782
372275
440020
885360
148354
841191
716360
719360
102571
247591
787046
913967
760240
966929
916870
682858
94003
793647
457266
610859
656826
284506
336360
134643
493068
588199
206654
207389
590794
775572
755792
598377
819280
909300
439709
445041
695088
909328
69654
840447
834729
46273
778092
127610
630058
526663
997619
553557
395825
348285
895268
621072
374761
68689
766757
198879
11863
328808
14629
783712
367423
53816
372639
140617
165184
464772
610905
878690
709460
349057
461036
127143
567624
373801
99681
394680
437738
411614
94923
43750
595296
44507
936071
898112
526527
415659
182567
244537
452062
579501
154296
334808
614737
555374
420477
838042
263431
610582
995481
955738
445893
296825
496108
999926
403724
985362
283552
965218
429954
835027
279148
400964
544883
662536
607265
321434
841353
692989
545188
142566
817979
907479
152554
606525
728197
419133
416029
195461
929285
294406
888737
306925
621706
661977
920700
559517
487105
994606
725177
679414
883738
71102
585749
168252
518894
526146
787865
12014
112904
366646
812610
722565
536753
696033
349854
264057
315074
438456
584308
316873
862105
613061
214270
732536
205035
886210
293123
97552
519226
359632
761936
577227
430033
585055
668418
474622
468334
287658
649781
50350
918235
88676
140208
47283
505753
924551
468761
60489
395067
995180
699676
750193
840954
624688
400640
227879
283921
917368
812826
370307
113037
252133
245951
703672
820654
99263
274226
622049
250688
41400
233470
347869
168207
583252
975012
820940
278130
565000
755309
967498
902203
927135
541927
586153
587997
39909
543418
260180
542626
709456
895953
912738
10722
371336
883435
809881
897024
459654
129610
830216
668062
467541
742831
602953
49177
676594
136931
145441
281716
180396
349934
235746
571983
281045
525428
649443
524321
308676
923889
308505
61135
357208
473267
67760
407581
606173
441038
72201
435729
651511
377331
602263
27752
288183
60282
136242
86238
499798
786402
360215
113504
291220
243799
572436
192396
567155
943009
719295
655019
367912
956863
989433
864770
18702
398061
544095
205055
546076
855521
673369
743830
192000
948323
615542
694542
533363
893510
49647
760101
439198
23232
103427
736144
978687
976704
681514
393478
333550
329662
158760
143057
450050
801735
473370
947103
567303
399428
607137
983415
664809
817031
235900
490000
799692
557287
492410
149249
487554
51469
830411
558481
625289
591253
464370
152590
150078
117439
200270
706794
547254
59106
134491
176822
113974
380484
145886
152116
277719
951064
454631
574110
419033
426242
821195
80537
964512
442257
661871
816905
120330
753547
859734
146929
442842
255171
233773
184815
192103
752516
376372
513846
860868
651341
745212
154345
623033
414837
593848
432682
516936
467187
261221
148076
435131
935657
871113
543605
919582
385664
309434
132837
171281
656684
224708
187909
997519
978668
990148
114551
58852
30739
270304
355712
30286
635503
772856
726291
430877
728854
368011
647341
693249
609018
985523
944640
475051
434693
982362
469672
860331
181298
879913
919623
787327
990356
785156
508547
297748
238645
531392
847901
952690
429118
66278
329268
733758
509715
733979
876475
805075
983914
572053
719809
967890
76305
363041
753392
724550
430368
593772
368097
987022
724497
598647
702257
493232
374848
615408
716238
616842
416074
308974
913288
592098
71203
769507
281231
881297
996391
988662
36886
634314
943876
179188
967639
190260
73957
547674
914288
804689
826262
678671
343710
969705
447380
132863
52082
331946
577255
936128
226175
661696
375663
407514
251318
953823
113620
502398
299186
743959
203340
579266
277431
937975
959825
640978
419724
705428
198734
708211
835616
786426
459825
139408
891023
940643
993436
452114
848391
572827
521365
710529
655117
666606
250027
930954
207723
955218
406244
594723
966742
900838
975439
209629
615234
239990
194241
410714
877463
785558
581631
215459
98372
721620
972337
561559
698733
200426
707053
341199
535353
602619
757851
378516
158007
264155
306058
130963
714335
123367
54614
341991
980239
221016
990149
172266
121039
210387
512763
466007
696933
125624
479045
640530
511183
262777
175850
485995
855243
807026
416997
1792
412075
246476
614967
648711
92185
537672
966712
68617
174600
587722
150322
839435
173384
321993
289202
862513
314252
817770
152110
931560
115058
165428
699995
274343
685531
46543
302462
248679
618430
45970
200357
163752
81463
450631
121550
433056
743601
68561
540310
868416
681340
966065
122446
175952
867400
605814
649047
632331
178627
948829
325336
948815
267095
439155
346975
474461
857690
97206
376329
766710
455961
246753
748604
674287
661746
796363
924428
964053
813618
874017
572043
360870
97041
702676
332297
16667
796335
791071
513834
980639
23181
100612
348277
15467
215502
455797
274724
332926
933506
910099
908195
337289
283883
997665
581206
135328
302677
949655
750649
658120
897870
455123
562921
19193
66588
129166
297133
527774
457519
793689
191721
759003
121007
338338
178254
676429
441824
751514
649951
47366
96920
385864
529447
7519
473337
326345
794737
402653
228627
396134
687968
358339
684900
162674
724851
38922
506884
24936
391820
126901
520751
608241
911947
479086
325675
321632
596113
684170
317577
429059
844235
362737
391628
152876
545965
215490
343880
729813
880227
526160
454257
124291
182987
352165
21216
60220
70770
274213
651031
878330
634191
822463
532558
189087
196635
641869
633146
166711
590962
973074
595438
855757
95820
645121
976213
199873
680466
870137
896878
347670
608321
337483
751919
196437
626026
901935
110387
950814
293691
390104
397436
689683
448700
334952
502062
329973
896640
733629
932271
817769
424205
716672
941474
331150
84251
819844
458113
935325
529019
109560
386499
413752
234078
431594
568878
464777
744999
352096
456416
227432
383298
381107
938027
544998
395541
707874
26109
722071
605360
579434
164882
398843
891486
402885
850787
450579
827664
177397
74481
848039
623649
384941
789500
499279
186594
152029
660233
986748
178301
14043
374171
471098
537153
272234
435729
411489
508497
304142
263602
58658
687040
256929
24008
650818
906999
220646
231095
685518
101359
992231
557155
238950
641860
376242
571591
131566
918375
456662
518369
35086
987777
597381
651835
916195
103487
136589
966487
955745
256548
140855
101069
788418
443531
181322
795137
6834
102813
699190
352819
973430
593915
369814
562019
432627
384818
597190
797861
553463
152063
24896
536483
15023
224606
791367
309355
683421
796662
431178
934012
280555
78459
392323
676415
568501
395052
99787
329787
773758
281289
582755
593370
579946
161797
301955
818475
292833
985205
702730
217879
494812
355966
916404
247827
450688
503439
304556
201946
537781
656158
235781
532434
137147
401003
834762
647137
213886
867183
974304
517533
874216
469809
849327
774081
518683
57100
290704
720424
735410
821881
36516
617916
991714
377764
460819
584604
463883
345027
554382
572087
291550
299398
430329
449586
628647
554686
77426
545871
627817
508121
835757
807300
474106
262431
218742
854456
558089
702455
725820
734518
621758
176871
419730
619451
309021
736221
91145
118316
31778
558142
975387
142174
165329
857354
975322
912689
339419
11228
833353
172317
523656
672172
699387
851548
591602
637769
939209
112614
484058
250253
782762
532541
468226
720973
709889
853915
432541
112891
768484
137126
376651
920050
803580
906874
585884
770139
571252
583970
392852
529908
924728
106143
955020
482834
928304
983146
866816
469097
264659
732803
256087
82706
103164
262835
977737
614008
936031
585425
278687
896324
864941
725356
349673
777555
959067
920448
796672
370194
525506
407186
165885
18172
202130
957397
17503
58873
848108
90770
866824
617183
139355
336027
57692
120233
74838
995328
256135
569291
192585
653780
108388
819423
323591
881986
259455
926879
897960
373394
543139
412769
341927
356330
323248
618080
496983
34811
635712
470923
833983
222438
618640
526297
857139
431028
532939
702572
984108
844138
49314
371918
264869
605860
293315
580335
745387
295827
687726
498439
297656
632358
168528
293166
124396
630484
156616
607681
633967
358841
472198
824174
903471
429062
986546
740633
119592
280466
734242
534102
731193
430105
309148
330831
550361
292699
46336
316697
375939
61229
716187
967847
336537
765337
689689
913899
740464
538659
272064
986053
432522
35545
651755
350731
313313
221054
946957
873578
688786
959965
920743
103396
428750
828548
780349
873681
297265
178006
34167
807210
210827
458261
29377
695186
497451
86365
562486
599339
186003
367219
844640
722347
151627
343978
43297
871467
461118
110199
567339
371845
204600
285693
14714
664256
292688
279805
878525
777171
454505
742668
409558
701576
166396
264643
824381
806381
323967
144773
482089
483242
74789
710144
732302
828488
281679
651104
43995
488834
213180
862105
287338
148895
902138
307461
300371
82528
980466
631362
691872
518164
450591
626501
591006
344666
36980
108571
915120
609416
952188
959024
371192
575866
657326
724798
868932
100744
816830
742710
359432
742441
725542
739610
927022
139668
455710
106121
687330
996086
917837
639634
83581
422794
711681
303157
176687
905447
353091
152874
333886
334799
238205
782538
186237
820962
31071
204095
138622
943426
353209
909327
756990
61364
129731
594242
122443
684573
277087
894086
106009
20459
502523
311770
862602
358949
655646
712065
251634
621687
344270
378514
642627
556555
415871
716950
506128
549146
615033
13410
660900
190211
864897
603138
117500
987161
