209179
601120
899243
359603
378367
920124
261972
249304
653185
496367
724773
324855
713153
855435
655025
642843
524785
175589
11476
766305
226982
929263
862858
132013
322345
801482
462283
724614
551606
835824
570922
878643
356599
809884
622256
346929
532256
369149
673061
135948
909002
662374
19234
638595
790319
720933
28613
783244
472987
723278
542224
483700
700174
289955
760005
190268
300280
396256
985024
289069
331957
604218
930019
598174
397043
160565
707862
765640
465808
485969
484556
777803
223551
189895
666470
52979
250763
357556
643563
555820
706369
360536
127219
742454
8972
678705
662355
611478
229277
23823
271122
609690
745379
816923
833361
909358
692967
674852
352078
288833
88614
526898
57424
191818
690912
335081
305596
584752
946893
839425
241806
269101
578915
966310
449734
932851
804906
623991
690356
880986
477156
406435
49410
579845
975614
602620
928482
572252
66194
366255
839956
645000
383556
589169
554542
500511
910865
3344
598407
78010
20345
641607
793825
566188
184498
560105
650687
287534
192351
834872
860980
848211
433507
111798
395082
784733
51067
759032
487163
401030
917419
426531
691388
785387
13325
613613
499811
681224
971483
567657
926289
441641
569568
415112
219680
636704
410530
439108
555160
954061
195904
546351
920046
704347
313346
586538
729205
608181
84387
393289
847851
354104
416449
376915
232636
621736
841459
880125
665044
236996
265146
269168
272326
274025
214078
753305
406129
914951
477947
85720
125746
92872
163890
821171
191404
876086
889397
651679
556826
197807
871268
982091
59406
782608
549354
231837
364515
887236
991345
922831
589981
382467
317340
764812
669120
556386
281632
836925
643953
891597
252107
816763
619240
110302
59303
789432
179537
796702
694396
191866
191325
210660
553221
446914
986209
486334
904446
216336
717021
337332
502402
976311
327772
454337
96624
388043
53157
153888
329224
226126
923435
189930
769560
71096
499871
639332
763536
342007
961405
91251
252250
94567
752018
417145
446175
997773
842505
878868
282579
463746
680313
727036
68365
589075
745103
8543
245522
736277
33537
859629
301898
790306
701061
556001
89657
138379
439016
632326
315012
637675
983427
858889
912422
773488
179377
629518
174155
384367
243800
479926
998638
233366
177393
902066
857505
92689
844431
254679
924371
823037
820673
148892
686070
555777
670380
204986
157326
145463
675660
579721
347313
37967
840535
70876
315083
743450
503755
245607
728709
177870
784493
174616
44166
103011
506323
265402
893238
372894
291588
24346
844539
899173
425105
893499
410568
539765
215536
726136
135911
6438
937690
556236
889717
735710
581790
675911
687417
554721
348429
31995
426462
141312
27975
380498
32027
557271
856301
405659
281535
589299
625888
797195
974807
307471
844445
609794
706906
7544
418294
520152
924449
643717
998710
545331
688555
489734
950802
976265
522799
210874
905748
231470
338198
907570
981150
822477
882980
656036
922336
224070
45361
474352
317656
466802
14427
353215
955702
711120
839500
786743
558755
640368
507212
374908
247914
157370
386074
101923
766132
55787
553074
956009
269680
51217
237963
404102
13608
665845
88404
456075
412125
615710
360610
170907
333421
758056
441504
823540
133544
951284
627233
836405
817550
683920
608476
582114
565073
838313
545784
687475
767187
835182
576381
405811
220748
367288
656559
620828
92969
271785
356877
615931
17336
534273
401122
356913
815057
597906
279710
63004
224578
319285
665738
676885
803904
375683
151669
88512
659177
630887
262539
810494
800287
52337
181289
700900
393855
222113
403474
393704
535303
12482
699448
117267
252388
646090
911369
717505
84484
460908
907444
120678
573931
468983
292342
622886
600515
707363
933529
556717
915073
315941
20174
735395
597941
139548
499887
924284
183506
858419
933233
915851
58931
309795
75450
911094
342318
817669
434104
643970
395971
639995
531201
717126
407022
151451
323769
126293
725951
612358
652235
848026
69104
14261
951027
845317
71860
28154
284456
25961
114908
825191
865693
92332
121777
676877
489518
630483
848170
337118
519446
537871
717782
24577
270065
29115
692577
541966
914359
696410
205177
335785
409442
537853
351651
15596
119315
148961
506069
635903
886390
928672
313195
18235
299388
299454
683479
231281
137562
632486
167153
793748
268311
259798
789245
774630
883084
978060
654196
230434
476552
432276
521290
460881
34307
402096
727341
32698
80923
781895
552057
238999
637520
87247
834062
689586
229902
197729
501936
587448
873147
622053
602280
175638
491306
594417
667275
636203
485744
449202
926031
186315
80468
436530
650362
458417
215186
974512
619607
77134
887807
277833
316637
121401
767579
621123
167398
18987
969365
121572
19484
731461
425917
225856
147558
169327
240902
656109
731711
321659
406200
480440
292089
699957
493797
747833
781196
588182
179085
645371
413931
82855
795712
919405
909966
298075
367222
572008
718787
582148
366286
589517
278425
37597
54524
254064
664302
840140
537923
106686
229649
27320
277671
514338
394410
994021
615650
850149
827024
848688
598108
841315
542989
432245
507735
337214
48516
49602
933399
535378
69274
978055
254672
961953
404676
75574
136704
418105
743676
297608
730353
602682
109760
144788
15260
481350
799404
784509
955768
544771
454900
268292
207888
980513
692459
227796
465461
976210
712884
305168
342489
103489
116113
145824
820452
538840
506339
665094
353237
605269
808748
362506
320472
518053
571736
109610
309850
371347
713323
131058
837631
514466
265185
618247
506306
80031
385954
932629
111060
357827
801894
432594
378803
990532
696906
418207
38557
459631
178235
685370
553971
396832
498306
234284
712860
127736
160910
726300
595133
355982
302872
599275
265950
493649
628717
465821
34454
859208
14349
437260
767468
654354
758948
519848
900354
572033
448650
67628
223938
574038
365981
809415
986768
960141
722087
217814
212322
185781
292808
946118
151590
180577
629875
484948
954555
549173
133539
963193
63508
792703
928796
887998
370657
369387
382685
827355
136133
746087
952677
305541
574995
92082
64326
378192
439498
425811
859178
678263
985790
356323
370693
572062
79627
169151
228096
576303
611176
552465
515528
203893
30263
269250
564202
541832
269865
500125
255920
881866
31922
879781
34068
258860
294855
950758
935044
441385
482624
331230
78692
462921
617279
586313
705382
98990
816322
648260
941570
750651
121650
581189
87104
122921
859751
916884
730946
796959
725168
954561
287550
237129
6787
459484
577302
209846
795109
273764
558664
182078
703783
869408
45989
346267
215291
902351
167262
547373
456696
910194
662719
585000
894249
663961
44407
64056
276059
254612
668680
359673
641676
74713
923618
936629
650305
256991
640371
880493
332870
588785
414636
492153
935346
668310
700031
177
703423
516366
137270
153874
578886
661704
37894
621528
400907
907662
816032
818128
234984
213153
835865
365459
303469
150607
822176
158605
274722
18828
534094
784940
350523
55004
190126
281367
255075
834518
729303
126191
82040
919398
168520
838911
980948
343741
437452
346850
38133
426412
425425
881619
105906
966613
983388
798304
346075
718613
259232
876797
649557
717859
574003
554478
281921
703012
848180
315710
403439
273080
234076
743120
902922
839988
470018
609122
908198
996257
265709
989178
157329
340328
778640
136801
686510
447392
686507
646075
498649
136457
907498
148001
88090
881403
551263
187923
638906
577011
689393
350373
56629
29644
331309
698674
933232
723
270181
920069
814077
513819
28869
659365
179719
156363
400308
316149
2881
415316
855514
596887
512348
357921
812021
103287
759277
262815
653780
196833
911908
206122
491500
843184
749037
352871
126307
94515
912115
808729
207780
898087
230647
663065
328618
29505
273758
332848
461662
659019
134714
610460
20237
263911
476933
276975
428152
749176
582862
571310
362537
161638
570914
722547
536213
571507
316525
638153
446782
774522
278284
925513
226149
585222
623025
502161
550503
124924
810424
511472
492887
459658
549375
557706
268333
45305
177525
308596
240800
628645
519325
151650
638948
55361
864940
900789
326489
653134
706267
953210
319550
661678
884124
718794
856121
345941
789248
619874
635624
345376
274711
954621
951919
751124
641272
908018
215101
572072
486809
271617
476281
285945
160157
403802
495181
51651
702868
441843
222704
957361
267381
2600
213622
301493
766310
926839
978711
940611
161351
121136
464693
347637
162231
910990
964055
374432
748080
660068
595627
695410
460750
954487
725518
702018
749399
531608
676969
57038
214492
410788
546134
10465
138932
533280
604943
734645
210134
165473
441246
709413
332192
285849
885411
863430
148430
77619
558030
933227
564886
264783
644732
215693
41522
163442
603894
904201
341426
511945
888665
463132
813899
6070
739219
915946
818474
301684
811395
333612
470372
341324
269553
785795
203339
955282
407593
757509
272432
76852
70601
113436
443299
548846
852045
429257
163551
122712
356771
533779
596122
685679
357907
158505
983028
171824
245388
544564
328220
483323
111181
59841
924327
391301
801815
198926
184320
607501
945478
925236
698005
531742
489345
410716
249352
770077
891332
397675
791357
184600
305465
107069
414932
741285
416949
752282
973428
817071
515055
659989
640859
494907
597636
283195
478556
901875
628654
313906
390062
220792
526188
135020
297295
587364
659961
412453
50857
116220
204631
911064
798861
282438
812077
406598
83391
704306
64517
173298
315318
971355
77128
416583
436176
470091
101008
764147
965104
920061
271102
363157
114471
110891
148604
762865
948669
961163
699439
388546
408663
564042
92035
589941
390392
222975
573251
297893
241692
963475
54640
468182
987184
465839
414859
91686
632020
464469
867185
295470
433173
541313
855062
309593
31516
289084
926176
193082
252593
701215
564055
495760
894259
51889
530539
301490
63823
143564
518841
777689
448498
789900
923588
882311
691207
204194
238400
833797
219259
720667
441375
667885
917496
602154
671675
653935
754064
153011
253864
728695
962518
79388
519818
925819
446870
203507
746586
372724
880721
706446
141179
8713
767887
534760
481939
642211
568920
258478
385412
805719
144850
845605
903981
321827
917293
943273
608007
780849
51668
328267
534074
218116
160617
302502
939668
152778
633902
695354
410280
103001
518110
274596
897419
341708
874414
144224
991374
555037
417413
775263
438742
229757
292642
36313
889244
543247
119698
652019
472986
424437
982575
834664
702095
828903
942536
615187
321402
983026
640677
584368
590949
371823
589446
114263
888743
297808
117616
850292
820692
11542
762369
20913
2841
104947
746480
617289
805903
586802
478909
859556
956496
910745
140757
931955
963431
149424
376983
538896
744729
644946
115203
911090
152384
260799
940639
270719
774915
165122
137635
456102
855636
771088
695659
110446
959280
758986
853052
378903
477412
919900
313183
666299
135627
489951
441454
229650
544675
867398
85881
802774
840942
686992
924006
271289
367080
362818
938004
707200
845202
145883
988451
232795
149859
655760
221357
842037
642978
389019
866032
630499
934017
226521
710280
466620
219745
27494
496707
323582
924042
736085
882806
14521
212772
840854
553690
345115
250666
855562
829303
735852
132510
943470
822706
170471
525851
455987
246194
186150
299727
421229
744175
943860
578528
116963
316613
395006
629038
448845
461482
399469
792816
867383
833544
961873
742661
723977
359250
447243
803912
614322
733858
282850
148844
16814
336081
230401
573379
502079
132389
155056
546023
454295
582865
344091
817850
970288
774071
537753
223166
547650
475909
967673
607694
601481
849253
153755
513367
832570
257675
217248
9748
998596
609421
926597
272312
420391
816417
533185
809362
902192
738711
645643
524215
671943
541057
278922
646734
382527
347252
292574
640313
202162
858950
327024
493516
600097
279499
70706
937444
565981
371012
556347
829583
770144
957854
333217
385676
314604
124083
189134
972390
90351
974963
247491
509570
834754
645464
539917
426336
361345
421835
259852
240616
731663
524393
190557
771375
553538
971265
576910
155643
414936
984820
524911
478923
823253
389290
548365
617506
329009
692168
128861
300195
150403
120656
637080
184595
943138
891290
823568
415878
874582
275122
446919
127563
70662
555974
201924
76905
574944
328476
350738
812044
723622
299594
795778
900754
341213
976040
796195
833163
741127
354046
426094
565793
131708
702011
267502
122132
662128
808264
866027
844114
986316
226575
893849
208888
263005
542588
576851
184699
489621
682416
758583
332682
425526
978558
522034
782582
88908
153609
631591
329946
883444
104078
408848
7849
700693
912954
595188
357960
425055
638268
875945
960516
655100
247104
190279
657855
199341
715864
446837
937546
763867
397301
525477
540851
620945
466832
18849
113248
770361
786371
890569
271895
756763
370593
136255
847218
584198
292399
246127
61880
90431
503668
511456
857458
719255
592001
293619
739241
234486
945122
246297
829293
4569
698361
877711
998625
627211
402218
979526
356485
202615
651204
131384
70550
167596
340277
524054
728636
128773
813360
502691
421824
973586
126813
883404
552003
136001
469480
826959
262810
988340
487632
166940
579417
136627
769657
116098
397311
590760
37543
951991
615882
549067
665099
475869
610964
641184
657925
788149
697808
752487
302514
567453
109390
986179
386854
784316
528834
414678
306559
719728
828700
400329
480854
580231
70046
894807
316345
935129
819739
294304
24597
275851
73955
696104
951508
884297
689054
942743
359923
996160
575821
378427
938246
35859
946069
224827
901388
264440
72113
514353
637571
382007
258464
920355
776105
210849
943143
512312
630272
294556
655928
978553
570031
439509
505071
672261
407431
802810
209456
878237
532000
562603
895594
100742
204138
102049
9299
678775
986248
300936
151622
724687
770125
212173
827792
463982
151943
538908
645434
554648
659256
447618
586750
201420
380936
127172
961622
591169
296380
488012
699245
483260
967097
736368
244810
51925
575768
41890
985585
158722
826082
560775
486380
426142
577544
352606
595529
43641
396434
511592
870883
696223
511618
420601
506493
84798
423671
658001
340162
643299
962401
225983
462047
124638
398213
161443
215879
586452
185714
526900
60387
621694
179272
863230
921694
438948
347732
483023
325571
155827
378888
303652
362494
838124
652003
632453
304451
579348
690943
537764
841936
156992
121780
104335
306448
311740
964985
72104
671879
760064
684922
910225
604462
743973
30430
143506
207388
473878
296487
197423
256352
772873
24568
514363
754107
401123
117924
438518
591490
795409
76988
64713
739616
702690
743503
18661
24169
755943
660356
373115
648186
625721
940436
895132
799215
756834
184513
192898
358874
582848
623103
601886
648772
171227
410629
698226
4031
729611
813282
400671
56327
720378
501839
11687
355371
592779
553617
463177
862968
775209
955010
324315
380076
176215
192564
716947
766856
180588
134727
186079
297128
928087
340250
263064
720717
19869
132139
147830
348197
600688
388952
286665
697981
227356
147568
691617
886159
90133
328415
485680
281085
518369
486812
723151
533360
668978
532852
180949
859751
8977
831998
487453
368425
555809
330780
210049
833225
819919
498876
307742
982782
577790
244849
764417
831516
645860
107904
637668
979092
48964
183737
765446
323552
559492
538149
174722
863446
990191
933943
182960
903796
107348
597232
932816
462910
695977
979331
445059
429724
679937
265457
80581
37096
206718
943199
687235
678411
44881
198208
936163
96800
121206
896355
126327
533440
74956
787491
974619
849793
58238
807254
931465
345349
342386
114805
115939
217076
804026
772376
421661
47526
875933
45546
954920
756331
549479
577585
803272
871165
626351
136454
381034
844194
947010
678720
269670
592998
233203
357017
565686
985142
628120
80170
854451
410591
261389
461852
308897
788982
690870
611290
518451
818718
114331
551059
656955
255340
737434
332669
541704
613740
215398
359878
376616
857450
50210
23758
666171
583586
984704
163255
60019
552514
784453
798575
721486
884054
231328
712187
845034
451603
733551
575424
441603
602541
892985
607185
789380
895571
612590
211825
122435
654914
536710
359169
183484
849627
505441
279072
857536
659900
834319
925932
219373
13874
768920
822738
536683
722589
230630
702055
702045
995318
760367
375196
957050
255715
17366
620394
407078
686492
406938
372615
421549
759251
787128
798861
405728
58753
172317
268845
23332
432838
919580
569719
590959
272081
332188
809937
768044
38290
904389
855655
22906
567754
281728
17667
851255
6359
607751
947168
731370
397943
556513
832542
86635
330471
815918
691962
248467
714674
381539
863651
754282
102594
285854
36684
652339
655708
502716
473525
643825
371179
380032
871411
978865
19016
581611
651038
341418
511910
783799
392103
653011
683100
563695
387514
318380
364063
761826
669590
485574
957433
530902
29037
14961
871481
571251
30725
15114
273773
132148
417856
427109
758368
844593
489735
699365
436537
762800
641417
164520
876620
80399
242301
324374
283073
386033
77658
599240
763622
606765
674273
44690
29853
284084
134694
569348
818506
464687
908950
454629
411559
292627
802094
187212
776146
730846
337813
293517
37035
282724
503097
953199
460774
134534
957211
273384
571370
179106
445157
449147
608771
567385
591693
329604
288784
739920
691162
198450
758302
125880
892130
221641
711082
278835
367750
501715
966668
886398
892080
694589
216271
244307
825412
580116
135541
333419
913683
559751
316446
815075
199624
395906
462282
365749
982878
656321
94833
682472
998950
48162
436014
47317
502245
766202
120376
81869
923772
124290
626030
773855
828875
619598
510828
110740
978951
250200
561570
902071
238249
552790
719229
268063
887070
182840
87879
172775
304005
299658
378797
891112
664410
804698
396447
19959
671562
165977
619974
859806
549059
224948
126727
871032
592053
483606
806468
386318
322316
551645
838271
387129
451053
579175
175874
281069
579197
923630
273068
122818
302992
222893
860015
770753
52476
76642
982528
378445
934538
623205
696790
931104
163395
338924
567700
611873
520975
880113
106866
432816
309033
254640
630566
390962
292316
402642
346882
613593
453425
970256
512406
415613
429607
337411
298773
459922
475199
621915
245950
543480
83794
163985
454007
741626
729440
552847
36003
690803
71209
925761
280269
963292
978567
174938
1209
987863
591581
32298
690222
683085
427777
458502
141719
707023
661623
183263
303360
651780
754822
730120
808908
618953
906571
343035
123783
92318
287861
682061
431840
867386
182367
22129
746730
215685
577944
552405
175477
40147
759604
64693
794291
426663
554128
476476
520130
93346
482073
44423
303370
215025
672373
318449
173226
961471
580759
855492
111363
508333
691615
207180
31008
344667
124454
77235
452961
97477
208207
930132
350845
52483
320544
825257
752100
558489
912818
796428
549827
620784
388706
13200
846510
735396
225979
590228
388402
127400
548660
471459
239577
780906
953301
301174
421003
978799
382735
639671
129223
805356
493596
270781
517354
760334
625969
418174
643119
118966
379660
255854
488401
48468
104807
598619
882389
342100
897458
981335
404082
159727
727008
884574
33384
714993
182617
427368
8536
507156
186072
813597
459085
857459
403325
882517
164243
292298
61407
558998
430009
343300
782665
18862
143658
340368
44783
50621
297126
698268
418479
49845
194936
855696
480192
618975
661412
214625
740568
731104
318713
239531
160957
103943
219545
886153
53305
